"LOCATION","INDICATOR","SUBJECT","MEASURE","FREQUENCY","TIME","Value","Flag Codes"
"ZAF","BCI","AMPLITUD","LTRENDIDX","M","1974-06",103.0459,
"ZAF","BCI","AMPLITUD","LTRENDIDX","M","1974-07",102.9984,
"ZAF","BCI","AMPLITUD","LTRENDIDX","M","1974-08",102.9578,
"ZAF","BCI","AMPLITUD","LTRENDIDX","M","1974-09",102.9329,
"ZAF","BCI","AMPLITUD","LTRENDIDX","M","1974-10",102.9218,
"ZAF","BCI","AMPLITUD","LTRENDIDX","M","1974-11",102.8849,
"ZAF","BCI","AMPLITUD","LTRENDIDX","M","1974-12",102.7552,
"ZAF","BCI","AMPLITUD","LTRENDIDX","M","1975-01",102.4757,
"ZAF","BCI","AMPLITUD","LTRENDIDX","M","1975-02",102.129,
"ZAF","BCI","AMPLITUD","LTRENDIDX","M","1975-03",101.8215,
"ZAF","BCI","AMPLITUD","LTRENDIDX","M","1975-04",101.6352,
"ZAF","BCI","AMPLITUD","LTRENDIDX","M","1975-05",101.5393,
"ZAF","BCI","AMPLITUD","LTRENDIDX","M","1975-06",101.4987,
"ZAF","BCI","AMPLITUD","LTRENDIDX","M","1975-07",101.4896,
"ZAF","BCI","AMPLITUD","LTRENDIDX","M","1975-08",101.462,
"ZAF","BCI","AMPLITUD","LTRENDIDX","M","1975-09",101.3481,
"ZAF","BCI","AMPLITUD","LTRENDIDX","M","1975-10",101.0906,
"ZAF","BCI","AMPLITUD","LTRENDIDX","M","1975-11",100.756,
"ZAF","BCI","AMPLITUD","LTRENDIDX","M","1975-12",100.4235,
"ZAF","BCI","AMPLITUD","LTRENDIDX","M","1976-01",100.1509,
"ZAF","BCI","AMPLITUD","LTRENDIDX","M","1976-02",99.93803,
"ZAF","BCI","AMPLITUD","LTRENDIDX","M","1976-03",99.78878,
"ZAF","BCI","AMPLITUD","LTRENDIDX","M","1976-04",99.71317,
"ZAF","BCI","AMPLITUD","LTRENDIDX","M","1976-05",99.66582,
"ZAF","BCI","AMPLITUD","LTRENDIDX","M","1976-06",99.59525,
"ZAF","BCI","AMPLITUD","LTRENDIDX","M","1976-07",99.46483,
"ZAF","BCI","AMPLITUD","LTRENDIDX","M","1976-08",99.29707,
"ZAF","BCI","AMPLITUD","LTRENDIDX","M","1976-09",99.1196,
"ZAF","BCI","AMPLITUD","LTRENDIDX","M","1976-10",98.9485,
"ZAF","BCI","AMPLITUD","LTRENDIDX","M","1976-11",98.78138,
"ZAF","BCI","AMPLITUD","LTRENDIDX","M","1976-12",98.6104,
"ZAF","BCI","AMPLITUD","LTRENDIDX","M","1977-01",98.43134,
"ZAF","BCI","AMPLITUD","LTRENDIDX","M","1977-02",98.2565,
"ZAF","BCI","AMPLITUD","LTRENDIDX","M","1977-03",98.10934,
"ZAF","BCI","AMPLITUD","LTRENDIDX","M","1977-04",98.01492,
"ZAF","BCI","AMPLITUD","LTRENDIDX","M","1977-05",97.96262,
"ZAF","BCI","AMPLITUD","LTRENDIDX","M","1977-06",97.94794,
"ZAF","BCI","AMPLITUD","LTRENDIDX","M","1977-07",97.97205,
"ZAF","BCI","AMPLITUD","LTRENDIDX","M","1977-08",98.00376,
"ZAF","BCI","AMPLITUD","LTRENDIDX","M","1977-09",98.00818,
"ZAF","BCI","AMPLITUD","LTRENDIDX","M","1977-10",97.96762,
"ZAF","BCI","AMPLITUD","LTRENDIDX","M","1977-11",97.92991,
"ZAF","BCI","AMPLITUD","LTRENDIDX","M","1977-12",97.9699,
"ZAF","BCI","AMPLITUD","LTRENDIDX","M","1978-01",98.14817,
"ZAF","BCI","AMPLITUD","LTRENDIDX","M","1978-02",98.39195,
"ZAF","BCI","AMPLITUD","LTRENDIDX","M","1978-03",98.6067,
"ZAF","BCI","AMPLITUD","LTRENDIDX","M","1978-04",98.72209,
"ZAF","BCI","AMPLITUD","LTRENDIDX","M","1978-05",98.76704,
"ZAF","BCI","AMPLITUD","LTRENDIDX","M","1978-06",98.78069,
"ZAF","BCI","AMPLITUD","LTRENDIDX","M","1978-07",98.79377,
"ZAF","BCI","AMPLITUD","LTRENDIDX","M","1978-08",98.84129,
"ZAF","BCI","AMPLITUD","LTRENDIDX","M","1978-09",98.97587,
"ZAF","BCI","AMPLITUD","LTRENDIDX","M","1978-10",99.24646,
"ZAF","BCI","AMPLITUD","LTRENDIDX","M","1978-11",99.59022,
"ZAF","BCI","AMPLITUD","LTRENDIDX","M","1978-12",99.93066,
"ZAF","BCI","AMPLITUD","LTRENDIDX","M","1979-01",100.2028,
"ZAF","BCI","AMPLITUD","LTRENDIDX","M","1979-02",100.3813,
"ZAF","BCI","AMPLITUD","LTRENDIDX","M","1979-03",100.4197,
"ZAF","BCI","AMPLITUD","LTRENDIDX","M","1979-04",100.2818,
"ZAF","BCI","AMPLITUD","LTRENDIDX","M","1979-05",100.1147,
"ZAF","BCI","AMPLITUD","LTRENDIDX","M","1979-06",100.123,
"ZAF","BCI","AMPLITUD","LTRENDIDX","M","1979-07",100.4724,
"ZAF","BCI","AMPLITUD","LTRENDIDX","M","1979-08",101.018,
"ZAF","BCI","AMPLITUD","LTRENDIDX","M","1979-09",101.5875,
"ZAF","BCI","AMPLITUD","LTRENDIDX","M","1979-10",102.0672,
"ZAF","BCI","AMPLITUD","LTRENDIDX","M","1979-11",102.4652,
"ZAF","BCI","AMPLITUD","LTRENDIDX","M","1979-12",102.8007,
"ZAF","BCI","AMPLITUD","LTRENDIDX","M","1980-01",103.0745,
"ZAF","BCI","AMPLITUD","LTRENDIDX","M","1980-02",103.3023,
"ZAF","BCI","AMPLITUD","LTRENDIDX","M","1980-03",103.4781,
"ZAF","BCI","AMPLITUD","LTRENDIDX","M","1980-04",103.5837,
"ZAF","BCI","AMPLITUD","LTRENDIDX","M","1980-05",103.6498,
"ZAF","BCI","AMPLITUD","LTRENDIDX","M","1980-06",103.703,
"ZAF","BCI","AMPLITUD","LTRENDIDX","M","1980-07",103.7528,
"ZAF","BCI","AMPLITUD","LTRENDIDX","M","1980-08",103.7904,
"ZAF","BCI","AMPLITUD","LTRENDIDX","M","1980-09",103.7921,
"ZAF","BCI","AMPLITUD","LTRENDIDX","M","1980-10",103.7344,
"ZAF","BCI","AMPLITUD","LTRENDIDX","M","1980-11",103.6448,
"ZAF","BCI","AMPLITUD","LTRENDIDX","M","1980-12",103.5542,
"ZAF","BCI","AMPLITUD","LTRENDIDX","M","1981-01",103.4813,
"ZAF","BCI","AMPLITUD","LTRENDIDX","M","1981-02",103.4175,
"ZAF","BCI","AMPLITUD","LTRENDIDX","M","1981-03",103.3469,
"ZAF","BCI","AMPLITUD","LTRENDIDX","M","1981-04",103.2583,
"ZAF","BCI","AMPLITUD","LTRENDIDX","M","1981-05",103.1621,
"ZAF","BCI","AMPLITUD","LTRENDIDX","M","1981-06",103.0741,
"ZAF","BCI","AMPLITUD","LTRENDIDX","M","1981-07",103.0061,
"ZAF","BCI","AMPLITUD","LTRENDIDX","M","1981-08",102.9489,
"ZAF","BCI","AMPLITUD","LTRENDIDX","M","1981-09",102.8871,
"ZAF","BCI","AMPLITUD","LTRENDIDX","M","1981-10",102.8039,
"ZAF","BCI","AMPLITUD","LTRENDIDX","M","1981-11",102.6901,
"ZAF","BCI","AMPLITUD","LTRENDIDX","M","1981-12",102.5219,
"ZAF","BCI","AMPLITUD","LTRENDIDX","M","1982-01",102.2695,
"ZAF","BCI","AMPLITUD","LTRENDIDX","M","1982-02",101.9596,
"ZAF","BCI","AMPLITUD","LTRENDIDX","M","1982-03",101.6121,
"ZAF","BCI","AMPLITUD","LTRENDIDX","M","1982-04",101.2337,
"ZAF","BCI","AMPLITUD","LTRENDIDX","M","1982-05",100.849,
"ZAF","BCI","AMPLITUD","LTRENDIDX","M","1982-06",100.4841,
"ZAF","BCI","AMPLITUD","LTRENDIDX","M","1982-07",100.1559,
"ZAF","BCI","AMPLITUD","LTRENDIDX","M","1982-08",99.84159,
"ZAF","BCI","AMPLITUD","LTRENDIDX","M","1982-09",99.51778,
"ZAF","BCI","AMPLITUD","LTRENDIDX","M","1982-10",99.18441,
"ZAF","BCI","AMPLITUD","LTRENDIDX","M","1982-11",98.89897,
"ZAF","BCI","AMPLITUD","LTRENDIDX","M","1982-12",98.76742,
"ZAF","BCI","AMPLITUD","LTRENDIDX","M","1983-01",98.8871,
"ZAF","BCI","AMPLITUD","LTRENDIDX","M","1983-02",99.13582,
"ZAF","BCI","AMPLITUD","LTRENDIDX","M","1983-03",99.36833,
"ZAF","BCI","AMPLITUD","LTRENDIDX","M","1983-04",99.4837,
"ZAF","BCI","AMPLITUD","LTRENDIDX","M","1983-05",99.50899,
"ZAF","BCI","AMPLITUD","LTRENDIDX","M","1983-06",99.4838,
"ZAF","BCI","AMPLITUD","LTRENDIDX","M","1983-07",99.43508,
"ZAF","BCI","AMPLITUD","LTRENDIDX","M","1983-08",99.40226,
"ZAF","BCI","AMPLITUD","LTRENDIDX","M","1983-09",99.4333,
"ZAF","BCI","AMPLITUD","LTRENDIDX","M","1983-10",99.56478,
"ZAF","BCI","AMPLITUD","LTRENDIDX","M","1983-11",99.73826,
"ZAF","BCI","AMPLITUD","LTRENDIDX","M","1983-12",99.87946,
"ZAF","BCI","AMPLITUD","LTRENDIDX","M","1984-01",99.93559,
"ZAF","BCI","AMPLITUD","LTRENDIDX","M","1984-02",99.94492,
"ZAF","BCI","AMPLITUD","LTRENDIDX","M","1984-03",99.95424,
"ZAF","BCI","AMPLITUD","LTRENDIDX","M","1984-04",99.98325,
"ZAF","BCI","AMPLITUD","LTRENDIDX","M","1984-05",99.98885,
"ZAF","BCI","AMPLITUD","LTRENDIDX","M","1984-06",99.8889,
"ZAF","BCI","AMPLITUD","LTRENDIDX","M","1984-07",99.60918,
"ZAF","BCI","AMPLITUD","LTRENDIDX","M","1984-08",99.23615,
"ZAF","BCI","AMPLITUD","LTRENDIDX","M","1984-09",98.87508,
"ZAF","BCI","AMPLITUD","LTRENDIDX","M","1984-10",98.60159,
"ZAF","BCI","AMPLITUD","LTRENDIDX","M","1984-11",98.40121,
"ZAF","BCI","AMPLITUD","LTRENDIDX","M","1984-12",98.25846,
"ZAF","BCI","AMPLITUD","LTRENDIDX","M","1985-01",98.17281,
"ZAF","BCI","AMPLITUD","LTRENDIDX","M","1985-02",98.11699,
"ZAF","BCI","AMPLITUD","LTRENDIDX","M","1985-03",98.07002,
"ZAF","BCI","AMPLITUD","LTRENDIDX","M","1985-04",98.02032,
"ZAF","BCI","AMPLITUD","LTRENDIDX","M","1985-05",97.95992,
"ZAF","BCI","AMPLITUD","LTRENDIDX","M","1985-06",97.88158,
"ZAF","BCI","AMPLITUD","LTRENDIDX","M","1985-07",97.78642,
"ZAF","BCI","AMPLITUD","LTRENDIDX","M","1985-08",97.70963,
"ZAF","BCI","AMPLITUD","LTRENDIDX","M","1985-09",97.71018,
"ZAF","BCI","AMPLITUD","LTRENDIDX","M","1985-10",97.84232,
"ZAF","BCI","AMPLITUD","LTRENDIDX","M","1985-11",98.04958,
"ZAF","BCI","AMPLITUD","LTRENDIDX","M","1985-12",98.26973,
"ZAF","BCI","AMPLITUD","LTRENDIDX","M","1986-01",98.46467,
"ZAF","BCI","AMPLITUD","LTRENDIDX","M","1986-02",98.63735,
"ZAF","BCI","AMPLITUD","LTRENDIDX","M","1986-03",98.79491,
"ZAF","BCI","AMPLITUD","LTRENDIDX","M","1986-04",98.93403,
"ZAF","BCI","AMPLITUD","LTRENDIDX","M","1986-05",99.04152,
"ZAF","BCI","AMPLITUD","LTRENDIDX","M","1986-06",99.08684,
"ZAF","BCI","AMPLITUD","LTRENDIDX","M","1986-07",99.04639,
"ZAF","BCI","AMPLITUD","LTRENDIDX","M","1986-08",98.98988,
"ZAF","BCI","AMPLITUD","LTRENDIDX","M","1986-09",99.0154,
"ZAF","BCI","AMPLITUD","LTRENDIDX","M","1986-10",99.20057,
"ZAF","BCI","AMPLITUD","LTRENDIDX","M","1986-11",99.47162,
"ZAF","BCI","AMPLITUD","LTRENDIDX","M","1986-12",99.73438,
"ZAF","BCI","AMPLITUD","LTRENDIDX","M","1987-01",99.91936,
"ZAF","BCI","AMPLITUD","LTRENDIDX","M","1987-02",100.0351,
"ZAF","BCI","AMPLITUD","LTRENDIDX","M","1987-03",100.0886,
"ZAF","BCI","AMPLITUD","LTRENDIDX","M","1987-04",100.0751,
"ZAF","BCI","AMPLITUD","LTRENDIDX","M","1987-05",100.0294,
"ZAF","BCI","AMPLITUD","LTRENDIDX","M","1987-06",99.98734,
"ZAF","BCI","AMPLITUD","LTRENDIDX","M","1987-07",99.97869,
"ZAF","BCI","AMPLITUD","LTRENDIDX","M","1987-08",100.0162,
"ZAF","BCI","AMPLITUD","LTRENDIDX","M","1987-09",100.1308,
"ZAF","BCI","AMPLITUD","LTRENDIDX","M","1987-10",100.3605,
"ZAF","BCI","AMPLITUD","LTRENDIDX","M","1987-11",100.6619,
"ZAF","BCI","AMPLITUD","LTRENDIDX","M","1987-12",100.9969,
"ZAF","BCI","AMPLITUD","LTRENDIDX","M","1988-01",101.3474,
"ZAF","BCI","AMPLITUD","LTRENDIDX","M","1988-02",101.6962,
"ZAF","BCI","AMPLITUD","LTRENDIDX","M","1988-03",102.0192,
"ZAF","BCI","AMPLITUD","LTRENDIDX","M","1988-04",102.2788,
"ZAF","BCI","AMPLITUD","LTRENDIDX","M","1988-05",102.444,
"ZAF","BCI","AMPLITUD","LTRENDIDX","M","1988-06",102.4405,
"ZAF","BCI","AMPLITUD","LTRENDIDX","M","1988-07",102.1975,
"ZAF","BCI","AMPLITUD","LTRENDIDX","M","1988-08",101.8609,
"ZAF","BCI","AMPLITUD","LTRENDIDX","M","1988-09",101.6156,
"ZAF","BCI","AMPLITUD","LTRENDIDX","M","1988-10",101.6,
"ZAF","BCI","AMPLITUD","LTRENDIDX","M","1988-11",101.7301,
"ZAF","BCI","AMPLITUD","LTRENDIDX","M","1988-12",101.8995,
"ZAF","BCI","AMPLITUD","LTRENDIDX","M","1989-01",102.0335,
"ZAF","BCI","AMPLITUD","LTRENDIDX","M","1989-02",102.1043,
"ZAF","BCI","AMPLITUD","LTRENDIDX","M","1989-03",102.0759,
"ZAF","BCI","AMPLITUD","LTRENDIDX","M","1989-04",101.9126,
"ZAF","BCI","AMPLITUD","LTRENDIDX","M","1989-05",101.6858,
"ZAF","BCI","AMPLITUD","LTRENDIDX","M","1989-06",101.4748,
"ZAF","BCI","AMPLITUD","LTRENDIDX","M","1989-07",101.3294,
"ZAF","BCI","AMPLITUD","LTRENDIDX","M","1989-08",101.2177,
"ZAF","BCI","AMPLITUD","LTRENDIDX","M","1989-09",101.0924,
"ZAF","BCI","AMPLITUD","LTRENDIDX","M","1989-10",100.9238,
"ZAF","BCI","AMPLITUD","LTRENDIDX","M","1989-11",100.7454,
"ZAF","BCI","AMPLITUD","LTRENDIDX","M","1989-12",100.6124,
"ZAF","BCI","AMPLITUD","LTRENDIDX","M","1990-01",100.5691,
"ZAF","BCI","AMPLITUD","LTRENDIDX","M","1990-02",100.571,
"ZAF","BCI","AMPLITUD","LTRENDIDX","M","1990-03",100.5548,
"ZAF","BCI","AMPLITUD","LTRENDIDX","M","1990-04",100.4624,
"ZAF","BCI","AMPLITUD","LTRENDIDX","M","1990-05",100.2838,
"ZAF","BCI","AMPLITUD","LTRENDIDX","M","1990-06",99.99142,
"ZAF","BCI","AMPLITUD","LTRENDIDX","M","1990-07",99.56033,
"ZAF","BCI","AMPLITUD","LTRENDIDX","M","1990-08",99.10281,
"ZAF","BCI","AMPLITUD","LTRENDIDX","M","1990-09",98.77249,
"ZAF","BCI","AMPLITUD","LTRENDIDX","M","1990-10",98.69492,
"ZAF","BCI","AMPLITUD","LTRENDIDX","M","1990-11",98.7711,
"ZAF","BCI","AMPLITUD","LTRENDIDX","M","1990-12",98.88669,
"ZAF","BCI","AMPLITUD","LTRENDIDX","M","1991-01",98.96758,
"ZAF","BCI","AMPLITUD","LTRENDIDX","M","1991-02",98.99602,
"ZAF","BCI","AMPLITUD","LTRENDIDX","M","1991-03",98.9561,
"ZAF","BCI","AMPLITUD","LTRENDIDX","M","1991-04",98.83163,
"ZAF","BCI","AMPLITUD","LTRENDIDX","M","1991-05",98.67239,
"ZAF","BCI","AMPLITUD","LTRENDIDX","M","1991-06",98.53426,
"ZAF","BCI","AMPLITUD","LTRENDIDX","M","1991-07",98.45396,
"ZAF","BCI","AMPLITUD","LTRENDIDX","M","1991-08",98.40278,
"ZAF","BCI","AMPLITUD","LTRENDIDX","M","1991-09",98.3406,
"ZAF","BCI","AMPLITUD","LTRENDIDX","M","1991-10",98.24065,
"ZAF","BCI","AMPLITUD","LTRENDIDX","M","1991-11",98.12543,
"ZAF","BCI","AMPLITUD","LTRENDIDX","M","1991-12",98.03484,
"ZAF","BCI","AMPLITUD","LTRENDIDX","M","1992-01",98.00974,
"ZAF","BCI","AMPLITUD","LTRENDIDX","M","1992-02",98.0508,
"ZAF","BCI","AMPLITUD","LTRENDIDX","M","1992-03",98.16994,
"ZAF","BCI","AMPLITUD","LTRENDIDX","M","1992-04",98.37561,
"ZAF","BCI","AMPLITUD","LTRENDIDX","M","1992-05",98.58003,
"ZAF","BCI","AMPLITUD","LTRENDIDX","M","1992-06",98.65692,
"ZAF","BCI","AMPLITUD","LTRENDIDX","M","1992-07",98.50056,
"ZAF","BCI","AMPLITUD","LTRENDIDX","M","1992-08",98.21232,
"ZAF","BCI","AMPLITUD","LTRENDIDX","M","1992-09",97.91457,
"ZAF","BCI","AMPLITUD","LTRENDIDX","M","1992-10",97.69643,
"ZAF","BCI","AMPLITUD","LTRENDIDX","M","1992-11",97.56902,
"ZAF","BCI","AMPLITUD","LTRENDIDX","M","1992-12",97.55186,
"ZAF","BCI","AMPLITUD","LTRENDIDX","M","1993-01",97.66867,
"ZAF","BCI","AMPLITUD","LTRENDIDX","M","1993-02",97.83264,
"ZAF","BCI","AMPLITUD","LTRENDIDX","M","1993-03",97.94051,
"ZAF","BCI","AMPLITUD","LTRENDIDX","M","1993-04",97.9193,
"ZAF","BCI","AMPLITUD","LTRENDIDX","M","1993-05",97.82919,
"ZAF","BCI","AMPLITUD","LTRENDIDX","M","1993-06",97.753,
"ZAF","BCI","AMPLITUD","LTRENDIDX","M","1993-07",97.75465,
"ZAF","BCI","AMPLITUD","LTRENDIDX","M","1993-08",97.82355,
"ZAF","BCI","AMPLITUD","LTRENDIDX","M","1993-09",97.95203,
"ZAF","BCI","AMPLITUD","LTRENDIDX","M","1993-10",98.14541,
"ZAF","BCI","AMPLITUD","LTRENDIDX","M","1993-11",98.37264,
"ZAF","BCI","AMPLITUD","LTRENDIDX","M","1993-12",98.60998,
"ZAF","BCI","AMPLITUD","LTRENDIDX","M","1994-01",98.85085,
"ZAF","BCI","AMPLITUD","LTRENDIDX","M","1994-02",99.10563,
"ZAF","BCI","AMPLITUD","LTRENDIDX","M","1994-03",99.39787,
"ZAF","BCI","AMPLITUD","LTRENDIDX","M","1994-04",99.74664,
"ZAF","BCI","AMPLITUD","LTRENDIDX","M","1994-05",100.1113,
"ZAF","BCI","AMPLITUD","LTRENDIDX","M","1994-06",100.4381,
"ZAF","BCI","AMPLITUD","LTRENDIDX","M","1994-07",100.6903,
"ZAF","BCI","AMPLITUD","LTRENDIDX","M","1994-08",100.9172,
"ZAF","BCI","AMPLITUD","LTRENDIDX","M","1994-09",101.1855,
"ZAF","BCI","AMPLITUD","LTRENDIDX","M","1994-10",101.5377,
"ZAF","BCI","AMPLITUD","LTRENDIDX","M","1994-11",101.9076,
"ZAF","BCI","AMPLITUD","LTRENDIDX","M","1994-12",102.1895,
"ZAF","BCI","AMPLITUD","LTRENDIDX","M","1995-01",102.2905,
"ZAF","BCI","AMPLITUD","LTRENDIDX","M","1995-02",102.2694,
"ZAF","BCI","AMPLITUD","LTRENDIDX","M","1995-03",102.1837,
"ZAF","BCI","AMPLITUD","LTRENDIDX","M","1995-04",102.0574,
"ZAF","BCI","AMPLITUD","LTRENDIDX","M","1995-05",101.9141,
"ZAF","BCI","AMPLITUD","LTRENDIDX","M","1995-06",101.7718,
"ZAF","BCI","AMPLITUD","LTRENDIDX","M","1995-07",101.6546,
"ZAF","BCI","AMPLITUD","LTRENDIDX","M","1995-08",101.6027,
"ZAF","BCI","AMPLITUD","LTRENDIDX","M","1995-09",101.6849,
"ZAF","BCI","AMPLITUD","LTRENDIDX","M","1995-10",101.9445,
"ZAF","BCI","AMPLITUD","LTRENDIDX","M","1995-11",102.2122,
"ZAF","BCI","AMPLITUD","LTRENDIDX","M","1995-12",102.2415,
"ZAF","BCI","AMPLITUD","LTRENDIDX","M","1996-01",101.8362,
"ZAF","BCI","AMPLITUD","LTRENDIDX","M","1996-02",101.2162,
"ZAF","BCI","AMPLITUD","LTRENDIDX","M","1996-03",100.6589,
"ZAF","BCI","AMPLITUD","LTRENDIDX","M","1996-04",100.3552,
"ZAF","BCI","AMPLITUD","LTRENDIDX","M","1996-05",100.2028,
"ZAF","BCI","AMPLITUD","LTRENDIDX","M","1996-06",100.0569,
"ZAF","BCI","AMPLITUD","LTRENDIDX","M","1996-07",99.83047,
"ZAF","BCI","AMPLITUD","LTRENDIDX","M","1996-08",99.58713,
"ZAF","BCI","AMPLITUD","LTRENDIDX","M","1996-09",99.45144,
"ZAF","BCI","AMPLITUD","LTRENDIDX","M","1996-10",99.53619,
"ZAF","BCI","AMPLITUD","LTRENDIDX","M","1996-11",99.76192,
"ZAF","BCI","AMPLITUD","LTRENDIDX","M","1996-12",100.0356,
"ZAF","BCI","AMPLITUD","LTRENDIDX","M","1997-01",100.2884,
"ZAF","BCI","AMPLITUD","LTRENDIDX","M","1997-02",100.4654,
"ZAF","BCI","AMPLITUD","LTRENDIDX","M","1997-03",100.4836,
"ZAF","BCI","AMPLITUD","LTRENDIDX","M","1997-04",100.2652,
"ZAF","BCI","AMPLITUD","LTRENDIDX","M","1997-05",99.93129,
"ZAF","BCI","AMPLITUD","LTRENDIDX","M","1997-06",99.62383,
"ZAF","BCI","AMPLITUD","LTRENDIDX","M","1997-07",99.44517,
"ZAF","BCI","AMPLITUD","LTRENDIDX","M","1997-08",99.3701,
"ZAF","BCI","AMPLITUD","LTRENDIDX","M","1997-09",99.37185,
"ZAF","BCI","AMPLITUD","LTRENDIDX","M","1997-10",99.44444,
"ZAF","BCI","AMPLITUD","LTRENDIDX","M","1997-11",99.54829,
"ZAF","BCI","AMPLITUD","LTRENDIDX","M","1997-12",99.64297,
"ZAF","BCI","AMPLITUD","LTRENDIDX","M","1998-01",99.68875,
"ZAF","BCI","AMPLITUD","LTRENDIDX","M","1998-02",99.65725,
"ZAF","BCI","AMPLITUD","LTRENDIDX","M","1998-03",99.48573,
"ZAF","BCI","AMPLITUD","LTRENDIDX","M","1998-04",99.10857,
"ZAF","BCI","AMPLITUD","LTRENDIDX","M","1998-05",98.62874,
"ZAF","BCI","AMPLITUD","LTRENDIDX","M","1998-06",98.16815,
"ZAF","BCI","AMPLITUD","LTRENDIDX","M","1998-07",97.82053,
"ZAF","BCI","AMPLITUD","LTRENDIDX","M","1998-08",97.58516,
"ZAF","BCI","AMPLITUD","LTRENDIDX","M","1998-09",97.47733,
"ZAF","BCI","AMPLITUD","LTRENDIDX","M","1998-10",97.52669,
"ZAF","BCI","AMPLITUD","LTRENDIDX","M","1998-11",97.64793,
"ZAF","BCI","AMPLITUD","LTRENDIDX","M","1998-12",97.74952,
"ZAF","BCI","AMPLITUD","LTRENDIDX","M","1999-01",97.77048,
"ZAF","BCI","AMPLITUD","LTRENDIDX","M","1999-02",97.73689,
"ZAF","BCI","AMPLITUD","LTRENDIDX","M","1999-03",97.6883,
"ZAF","BCI","AMPLITUD","LTRENDIDX","M","1999-04",97.65851,
"ZAF","BCI","AMPLITUD","LTRENDIDX","M","1999-05",97.67158,
"ZAF","BCI","AMPLITUD","LTRENDIDX","M","1999-06",97.77154,
"ZAF","BCI","AMPLITUD","LTRENDIDX","M","1999-07",98.00939,
"ZAF","BCI","AMPLITUD","LTRENDIDX","M","1999-08",98.3431,
"ZAF","BCI","AMPLITUD","LTRENDIDX","M","1999-09",98.74225,
"ZAF","BCI","AMPLITUD","LTRENDIDX","M","1999-10",99.19679,
"ZAF","BCI","AMPLITUD","LTRENDIDX","M","1999-11",99.66039,
"ZAF","BCI","AMPLITUD","LTRENDIDX","M","1999-12",100.07,
"ZAF","BCI","AMPLITUD","LTRENDIDX","M","2000-01",100.3568,
"ZAF","BCI","AMPLITUD","LTRENDIDX","M","2000-02",100.5101,
"ZAF","BCI","AMPLITUD","LTRENDIDX","M","2000-03",100.4757,
"ZAF","BCI","AMPLITUD","LTRENDIDX","M","2000-04",100.1867,
"ZAF","BCI","AMPLITUD","LTRENDIDX","M","2000-05",99.78208,
"ZAF","BCI","AMPLITUD","LTRENDIDX","M","2000-06",99.42205,
"ZAF","BCI","AMPLITUD","LTRENDIDX","M","2000-07",99.21796,
"ZAF","BCI","AMPLITUD","LTRENDIDX","M","2000-08",99.11834,
"ZAF","BCI","AMPLITUD","LTRENDIDX","M","2000-09",99.06025,
"ZAF","BCI","AMPLITUD","LTRENDIDX","M","2000-10",99.01624,
"ZAF","BCI","AMPLITUD","LTRENDIDX","M","2000-11",98.99973,
"ZAF","BCI","AMPLITUD","LTRENDIDX","M","2000-12",99.05634,
"ZAF","BCI","AMPLITUD","LTRENDIDX","M","2001-01",99.22765,
"ZAF","BCI","AMPLITUD","LTRENDIDX","M","2001-02",99.44203,
"ZAF","BCI","AMPLITUD","LTRENDIDX","M","2001-03",99.60667,
"ZAF","BCI","AMPLITUD","LTRENDIDX","M","2001-04",99.65667,
"ZAF","BCI","AMPLITUD","LTRENDIDX","M","2001-05",99.65389,
"ZAF","BCI","AMPLITUD","LTRENDIDX","M","2001-06",99.6842,
"ZAF","BCI","AMPLITUD","LTRENDIDX","M","2001-07",99.80759,
"ZAF","BCI","AMPLITUD","LTRENDIDX","M","2001-08",99.9752,
"ZAF","BCI","AMPLITUD","LTRENDIDX","M","2001-09",100.1167,
"ZAF","BCI","AMPLITUD","LTRENDIDX","M","2001-10",100.1832,
"ZAF","BCI","AMPLITUD","LTRENDIDX","M","2001-11",100.217,
"ZAF","BCI","AMPLITUD","LTRENDIDX","M","2001-12",100.2847,
"ZAF","BCI","AMPLITUD","LTRENDIDX","M","2002-01",100.4435,
"ZAF","BCI","AMPLITUD","LTRENDIDX","M","2002-02",100.6735,
"ZAF","BCI","AMPLITUD","LTRENDIDX","M","2002-03",100.9561,
"ZAF","BCI","AMPLITUD","LTRENDIDX","M","2002-04",101.281,
"ZAF","BCI","AMPLITUD","LTRENDIDX","M","2002-05",101.6009,
"ZAF","BCI","AMPLITUD","LTRENDIDX","M","2002-06",101.8485,
"ZAF","BCI","AMPLITUD","LTRENDIDX","M","2002-07",101.9599,
"ZAF","BCI","AMPLITUD","LTRENDIDX","M","2002-08",101.9688,
"ZAF","BCI","AMPLITUD","LTRENDIDX","M","2002-09",101.8953,
"ZAF","BCI","AMPLITUD","LTRENDIDX","M","2002-10",101.7372,
"ZAF","BCI","AMPLITUD","LTRENDIDX","M","2002-11",101.5435,
"ZAF","BCI","AMPLITUD","LTRENDIDX","M","2002-12",101.3612,
"ZAF","BCI","AMPLITUD","LTRENDIDX","M","2003-01",101.2189,
"ZAF","BCI","AMPLITUD","LTRENDIDX","M","2003-02",101.098,
"ZAF","BCI","AMPLITUD","LTRENDIDX","M","2003-03",100.9698,
"ZAF","BCI","AMPLITUD","LTRENDIDX","M","2003-04",100.811,
"ZAF","BCI","AMPLITUD","LTRENDIDX","M","2003-05",100.6262,
"ZAF","BCI","AMPLITUD","LTRENDIDX","M","2003-06",100.4227,
"ZAF","BCI","AMPLITUD","LTRENDIDX","M","2003-07",100.2108,
"ZAF","BCI","AMPLITUD","LTRENDIDX","M","2003-08",100.0225,
"ZAF","BCI","AMPLITUD","LTRENDIDX","M","2003-09",99.9132,
"ZAF","BCI","AMPLITUD","LTRENDIDX","M","2003-10",99.9387,
"ZAF","BCI","AMPLITUD","LTRENDIDX","M","2003-11",100.0542,
"ZAF","BCI","AMPLITUD","LTRENDIDX","M","2003-12",100.2203,
"ZAF","BCI","AMPLITUD","LTRENDIDX","M","2004-01",100.4192,
"ZAF","BCI","AMPLITUD","LTRENDIDX","M","2004-02",100.6206,
"ZAF","BCI","AMPLITUD","LTRENDIDX","M","2004-03",100.7932,
"ZAF","BCI","AMPLITUD","LTRENDIDX","M","2004-04",100.9143,
"ZAF","BCI","AMPLITUD","LTRENDIDX","M","2004-05",101.0075,
"ZAF","BCI","AMPLITUD","LTRENDIDX","M","2004-06",101.1014,
"ZAF","BCI","AMPLITUD","LTRENDIDX","M","2004-07",101.2149,
"ZAF","BCI","AMPLITUD","LTRENDIDX","M","2004-08",101.3426,
"ZAF","BCI","AMPLITUD","LTRENDIDX","M","2004-09",101.4726,
"ZAF","BCI","AMPLITUD","LTRENDIDX","M","2004-10",101.5911,
"ZAF","BCI","AMPLITUD","LTRENDIDX","M","2004-11",101.6835,
"ZAF","BCI","AMPLITUD","LTRENDIDX","M","2004-12",101.7218,
"ZAF","BCI","AMPLITUD","LTRENDIDX","M","2005-01",101.6773,
"ZAF","BCI","AMPLITUD","LTRENDIDX","M","2005-02",101.588,
"ZAF","BCI","AMPLITUD","LTRENDIDX","M","2005-03",101.4973,
"ZAF","BCI","AMPLITUD","LTRENDIDX","M","2005-04",101.4382,
"ZAF","BCI","AMPLITUD","LTRENDIDX","M","2005-05",101.4182,
"ZAF","BCI","AMPLITUD","LTRENDIDX","M","2005-06",101.4529,
"ZAF","BCI","AMPLITUD","LTRENDIDX","M","2005-07",101.5589,
"ZAF","BCI","AMPLITUD","LTRENDIDX","M","2005-08",101.6928,
"ZAF","BCI","AMPLITUD","LTRENDIDX","M","2005-09",101.8036,
"ZAF","BCI","AMPLITUD","LTRENDIDX","M","2005-10",101.857,
"ZAF","BCI","AMPLITUD","LTRENDIDX","M","2005-11",101.882,
"ZAF","BCI","AMPLITUD","LTRENDIDX","M","2005-12",101.9181,
"ZAF","BCI","AMPLITUD","LTRENDIDX","M","2006-01",101.9901,
"ZAF","BCI","AMPLITUD","LTRENDIDX","M","2006-02",102.0721,
"ZAF","BCI","AMPLITUD","LTRENDIDX","M","2006-03",102.1207,
"ZAF","BCI","AMPLITUD","LTRENDIDX","M","2006-04",102.0986,
"ZAF","BCI","AMPLITUD","LTRENDIDX","M","2006-05",102.0313,
"ZAF","BCI","AMPLITUD","LTRENDIDX","M","2006-06",101.95,
"ZAF","BCI","AMPLITUD","LTRENDIDX","M","2006-07",101.8797,
"ZAF","BCI","AMPLITUD","LTRENDIDX","M","2006-08",101.8423,
"ZAF","BCI","AMPLITUD","LTRENDIDX","M","2006-09",101.8732,
"ZAF","BCI","AMPLITUD","LTRENDIDX","M","2006-10",102.0067,
"ZAF","BCI","AMPLITUD","LTRENDIDX","M","2006-11",102.1919,
"ZAF","BCI","AMPLITUD","LTRENDIDX","M","2006-12",102.3705,
"ZAF","BCI","AMPLITUD","LTRENDIDX","M","2007-01",102.502,
"ZAF","BCI","AMPLITUD","LTRENDIDX","M","2007-02",102.596,
"ZAF","BCI","AMPLITUD","LTRENDIDX","M","2007-03",102.6597,
"ZAF","BCI","AMPLITUD","LTRENDIDX","M","2007-04",102.6829,
"ZAF","BCI","AMPLITUD","LTRENDIDX","M","2007-05",102.6532,
"ZAF","BCI","AMPLITUD","LTRENDIDX","M","2007-06",102.5332,
"ZAF","BCI","AMPLITUD","LTRENDIDX","M","2007-07",102.2897,
"ZAF","BCI","AMPLITUD","LTRENDIDX","M","2007-08",102.0139,
"ZAF","BCI","AMPLITUD","LTRENDIDX","M","2007-09",101.8226,
"ZAF","BCI","AMPLITUD","LTRENDIDX","M","2007-10",101.7916,
"ZAF","BCI","AMPLITUD","LTRENDIDX","M","2007-11",101.8039,
"ZAF","BCI","AMPLITUD","LTRENDIDX","M","2007-12",101.6868,
"ZAF","BCI","AMPLITUD","LTRENDIDX","M","2008-01",101.3046,
"ZAF","BCI","AMPLITUD","LTRENDIDX","M","2008-02",100.7811,
"ZAF","BCI","AMPLITUD","LTRENDIDX","M","2008-03",100.2761,
"ZAF","BCI","AMPLITUD","LTRENDIDX","M","2008-04",99.9026,
"ZAF","BCI","AMPLITUD","LTRENDIDX","M","2008-05",99.62609,
"ZAF","BCI","AMPLITUD","LTRENDIDX","M","2008-06",99.40094,
"ZAF","BCI","AMPLITUD","LTRENDIDX","M","2008-07",99.2098,
"ZAF","BCI","AMPLITUD","LTRENDIDX","M","2008-08",99.05161,
"ZAF","BCI","AMPLITUD","LTRENDIDX","M","2008-09",98.94839,
"ZAF","BCI","AMPLITUD","LTRENDIDX","M","2008-10",98.91895,
"ZAF","BCI","AMPLITUD","LTRENDIDX","M","2008-11",98.89776,
"ZAF","BCI","AMPLITUD","LTRENDIDX","M","2008-12",98.79068,
"ZAF","BCI","AMPLITUD","LTRENDIDX","M","2009-01",98.52256,
"ZAF","BCI","AMPLITUD","LTRENDIDX","M","2009-02",98.1706,
"ZAF","BCI","AMPLITUD","LTRENDIDX","M","2009-03",97.83735,
"ZAF","BCI","AMPLITUD","LTRENDIDX","M","2009-04",97.60745,
"ZAF","BCI","AMPLITUD","LTRENDIDX","M","2009-05",97.48578,
"ZAF","BCI","AMPLITUD","LTRENDIDX","M","2009-06",97.49557,
"ZAF","BCI","AMPLITUD","LTRENDIDX","M","2009-07",97.66839,
"ZAF","BCI","AMPLITUD","LTRENDIDX","M","2009-08",97.9026,
"ZAF","BCI","AMPLITUD","LTRENDIDX","M","2009-09",98.08035,
"ZAF","BCI","AMPLITUD","LTRENDIDX","M","2009-10",98.12318,
"ZAF","BCI","AMPLITUD","LTRENDIDX","M","2009-11",98.104,
"ZAF","BCI","AMPLITUD","LTRENDIDX","M","2009-12",98.12531,
"ZAF","BCI","AMPLITUD","LTRENDIDX","M","2010-01",98.25926,
"ZAF","BCI","AMPLITUD","LTRENDIDX","M","2010-02",98.44734,
"ZAF","BCI","AMPLITUD","LTRENDIDX","M","2010-03",98.60355,
"ZAF","BCI","AMPLITUD","LTRENDIDX","M","2010-04",98.66338,
"ZAF","BCI","AMPLITUD","LTRENDIDX","M","2010-05",98.66474,
"ZAF","BCI","AMPLITUD","LTRENDIDX","M","2010-06",98.66177,
"ZAF","BCI","AMPLITUD","LTRENDIDX","M","2010-07",98.69713,
"ZAF","BCI","AMPLITUD","LTRENDIDX","M","2010-08",98.77862,
"ZAF","BCI","AMPLITUD","LTRENDIDX","M","2010-09",98.92286,
"ZAF","BCI","AMPLITUD","LTRENDIDX","M","2010-10",99.15287,
"ZAF","BCI","AMPLITUD","LTRENDIDX","M","2010-11",99.43282,
"ZAF","BCI","AMPLITUD","LTRENDIDX","M","2010-12",99.72781,
"ZAF","BCI","AMPLITUD","LTRENDIDX","M","2011-01",100.0138,
"ZAF","BCI","AMPLITUD","LTRENDIDX","M","2011-02",100.2722,
"ZAF","BCI","AMPLITUD","LTRENDIDX","M","2011-03",100.4676,
"ZAF","BCI","AMPLITUD","LTRENDIDX","M","2011-04",100.5527,
"ZAF","BCI","AMPLITUD","LTRENDIDX","M","2011-05",100.5364,
"ZAF","BCI","AMPLITUD","LTRENDIDX","M","2011-06",100.3985,
"ZAF","BCI","AMPLITUD","LTRENDIDX","M","2011-07",100.1063,
"ZAF","BCI","AMPLITUD","LTRENDIDX","M","2011-08",99.75235,
"ZAF","BCI","AMPLITUD","LTRENDIDX","M","2011-09",99.45155,
"ZAF","BCI","AMPLITUD","LTRENDIDX","M","2011-10",99.29976,
"ZAF","BCI","AMPLITUD","LTRENDIDX","M","2011-11",99.27956,
"ZAF","BCI","AMPLITUD","LTRENDIDX","M","2011-12",99.38567,
"ZAF","BCI","AMPLITUD","LTRENDIDX","M","2012-01",99.61876,
"ZAF","BCI","AMPLITUD","LTRENDIDX","M","2012-02",99.853,
"ZAF","BCI","AMPLITUD","LTRENDIDX","M","2012-03",99.91917,
"ZAF","BCI","AMPLITUD","LTRENDIDX","M","2012-04",99.68649,
"ZAF","BCI","AMPLITUD","LTRENDIDX","M","2012-05",99.31258,
"ZAF","BCI","AMPLITUD","LTRENDIDX","M","2012-06",99.00198,
"ZAF","BCI","AMPLITUD","LTRENDIDX","M","2012-07",98.90588,
"ZAF","BCI","AMPLITUD","LTRENDIDX","M","2012-08",98.9584,
"ZAF","BCI","AMPLITUD","LTRENDIDX","M","2012-09",99.07822,
"ZAF","BCI","AMPLITUD","LTRENDIDX","M","2012-10",99.22132,
"ZAF","BCI","AMPLITUD","LTRENDIDX","M","2012-11",99.36664,
"ZAF","BCI","AMPLITUD","LTRENDIDX","M","2012-12",99.50459,
"ZAF","BCI","AMPLITUD","LTRENDIDX","M","2013-01",99.62353,
"ZAF","BCI","AMPLITUD","LTRENDIDX","M","2013-02",99.70356,
"ZAF","BCI","AMPLITUD","LTRENDIDX","M","2013-03",99.70289,
"ZAF","BCI","AMPLITUD","LTRENDIDX","M","2013-04",99.58323,
"ZAF","BCI","AMPLITUD","LTRENDIDX","M","2013-05",99.41582,
"ZAF","BCI","AMPLITUD","LTRENDIDX","M","2013-06",99.29037,
"ZAF","BCI","AMPLITUD","LTRENDIDX","M","2013-07",99.27166,
"ZAF","BCI","AMPLITUD","LTRENDIDX","M","2013-08",99.31427,
"ZAF","BCI","AMPLITUD","LTRENDIDX","M","2013-09",99.36033,
"ZAF","BCI","AMPLITUD","LTRENDIDX","M","2013-10",99.37588,
"ZAF","BCI","AMPLITUD","LTRENDIDX","M","2013-11",99.38394,
"ZAF","BCI","AMPLITUD","LTRENDIDX","M","2013-12",99.42254,
"ZAF","BCI","AMPLITUD","LTRENDIDX","M","2014-01",99.51034,
"ZAF","BCI","AMPLITUD","LTRENDIDX","M","2014-02",99.5817,
"ZAF","BCI","AMPLITUD","LTRENDIDX","M","2014-03",99.53059,
"ZAF","BCI","AMPLITUD","LTRENDIDX","M","2014-04",99.27093,
"ZAF","BCI","AMPLITUD","LTRENDIDX","M","2014-05",98.91947,
"ZAF","BCI","AMPLITUD","LTRENDIDX","M","2014-06",98.63393,
"ZAF","BCI","AMPLITUD","LTRENDIDX","M","2014-07",98.5429,
"ZAF","BCI","AMPLITUD","LTRENDIDX","M","2014-08",98.60989,
"ZAF","BCI","AMPLITUD","LTRENDIDX","M","2014-09",98.80344,
"ZAF","BCI","AMPLITUD","LTRENDIDX","M","2014-10",99.10905,
"ZAF","BCI","AMPLITUD","LTRENDIDX","M","2014-11",99.41481,
"ZAF","BCI","AMPLITUD","LTRENDIDX","M","2014-12",99.57449,
"ZAF","BCI","AMPLITUD","LTRENDIDX","M","2015-01",99.47066,
"ZAF","BCI","AMPLITUD","LTRENDIDX","M","2015-02",99.22388,
"ZAF","BCI","AMPLITUD","LTRENDIDX","M","2015-03",98.98029,
"ZAF","BCI","AMPLITUD","LTRENDIDX","M","2015-04",98.84232,
"ZAF","BCI","AMPLITUD","LTRENDIDX","M","2015-05",98.79611,
"ZAF","BCI","AMPLITUD","LTRENDIDX","M","2015-06",98.82322,
"ZAF","BCI","AMPLITUD","LTRENDIDX","M","2015-07",98.92036,
"ZAF","BCI","AMPLITUD","LTRENDIDX","M","2015-08",99.04608,
"ZAF","BCI","AMPLITUD","LTRENDIDX","M","2015-09",99.15523,
"ZAF","BCI","AMPLITUD","LTRENDIDX","M","2015-10",99.20502,
"ZAF","BCI","AMPLITUD","LTRENDIDX","M","2015-11",99.1776,
"ZAF","BCI","AMPLITUD","LTRENDIDX","M","2015-12",99.03029,
"ZAF","BCI","AMPLITUD","LTRENDIDX","M","2016-01",98.72292,
"ZAF","BCI","AMPLITUD","LTRENDIDX","M","2016-02",98.3652,
"ZAF","BCI","AMPLITUD","LTRENDIDX","M","2016-03",98.10259,
"ZAF","BCI","AMPLITUD","LTRENDIDX","M","2016-04",98.05247,
"ZAF","BCI","AMPLITUD","LTRENDIDX","M","2016-05",98.14523,
"ZAF","BCI","AMPLITUD","LTRENDIDX","M","2016-06",98.30613,
"ZAF","BCI","AMPLITUD","LTRENDIDX","M","2016-07",98.49429,
"ZAF","BCI","AMPLITUD","LTRENDIDX","M","2016-08",98.67347,
"ZAF","BCI","AMPLITUD","LTRENDIDX","M","2016-09",98.80836,
"ZAF","BCI","AMPLITUD","LTRENDIDX","M","2016-10",98.86977,
"ZAF","BCI","AMPLITUD","LTRENDIDX","M","2016-11",98.8842,
"ZAF","BCI","AMPLITUD","LTRENDIDX","M","2016-12",98.87237,
"ZAF","BCI","AMPLITUD","LTRENDIDX","M","2017-01",98.83485,
"ZAF","BCI","AMPLITUD","LTRENDIDX","M","2017-02",98.76385,
"ZAF","BCI","AMPLITUD","LTRENDIDX","M","2017-03",98.62808,
"ZAF","BCI","AMPLITUD","LTRENDIDX","M","2017-04",98.39104,
"ZAF","BCI","AMPLITUD","LTRENDIDX","M","2017-05",98.09406,
"ZAF","BCI","AMPLITUD","LTRENDIDX","M","2017-06",97.77732,
"RUS","BCI","AMPLITUD","LTRENDIDX","M","1992-09",93.99944,
"RUS","BCI","AMPLITUD","LTRENDIDX","M","1992-10",96.25957,
"RUS","BCI","AMPLITUD","LTRENDIDX","M","1992-11",97.86234,
"RUS","BCI","AMPLITUD","LTRENDIDX","M","1992-12",98.87311,
"RUS","BCI","AMPLITUD","LTRENDIDX","M","1993-01",99.47788,
"RUS","BCI","AMPLITUD","LTRENDIDX","M","1993-02",99.47523,
"RUS","BCI","AMPLITUD","LTRENDIDX","M","1993-03",99.19695,
"RUS","BCI","AMPLITUD","LTRENDIDX","M","1993-04",98.92331,
"RUS","BCI","AMPLITUD","LTRENDIDX","M","1993-05",98.38792,
"RUS","BCI","AMPLITUD","LTRENDIDX","M","1993-06",97.93642,
"RUS","BCI","AMPLITUD","LTRENDIDX","M","1993-07",97.77551,
"RUS","BCI","AMPLITUD","LTRENDIDX","M","1993-08",97.33571,
"RUS","BCI","AMPLITUD","LTRENDIDX","M","1993-09",96.30459,
"RUS","BCI","AMPLITUD","LTRENDIDX","M","1993-10",94.66382,
"RUS","BCI","AMPLITUD","LTRENDIDX","M","1993-11",93.19975,
"RUS","BCI","AMPLITUD","LTRENDIDX","M","1993-12",92.03863,
"RUS","BCI","AMPLITUD","LTRENDIDX","M","1994-01",91.03666,
"RUS","BCI","AMPLITUD","LTRENDIDX","M","1994-02",90.51665,
"RUS","BCI","AMPLITUD","LTRENDIDX","M","1994-03",90.44415,
"RUS","BCI","AMPLITUD","LTRENDIDX","M","1994-04",90.68137,
"RUS","BCI","AMPLITUD","LTRENDIDX","M","1994-05",91.27055,
"RUS","BCI","AMPLITUD","LTRENDIDX","M","1994-06",92.1128,
"RUS","BCI","AMPLITUD","LTRENDIDX","M","1994-07",93.2379,
"RUS","BCI","AMPLITUD","LTRENDIDX","M","1994-08",94.95816,
"RUS","BCI","AMPLITUD","LTRENDIDX","M","1994-09",96.68266,
"RUS","BCI","AMPLITUD","LTRENDIDX","M","1994-10",97.62525,
"RUS","BCI","AMPLITUD","LTRENDIDX","M","1994-11",97.78475,
"RUS","BCI","AMPLITUD","LTRENDIDX","M","1994-12",97.59416,
"RUS","BCI","AMPLITUD","LTRENDIDX","M","1995-01",97.14986,
"RUS","BCI","AMPLITUD","LTRENDIDX","M","1995-02",96.69452,
"RUS","BCI","AMPLITUD","LTRENDIDX","M","1995-03",96.44842,
"RUS","BCI","AMPLITUD","LTRENDIDX","M","1995-04",96.3303,
"RUS","BCI","AMPLITUD","LTRENDIDX","M","1995-05",96.29414,
"RUS","BCI","AMPLITUD","LTRENDIDX","M","1995-06",96.50971,
"RUS","BCI","AMPLITUD","LTRENDIDX","M","1995-07",96.96345,
"RUS","BCI","AMPLITUD","LTRENDIDX","M","1995-08",97.18852,
"RUS","BCI","AMPLITUD","LTRENDIDX","M","1995-09",96.71244,
"RUS","BCI","AMPLITUD","LTRENDIDX","M","1995-10",95.92123,
"RUS","BCI","AMPLITUD","LTRENDIDX","M","1995-11",95.13789,
"RUS","BCI","AMPLITUD","LTRENDIDX","M","1995-12",94.70144,
"RUS","BCI","AMPLITUD","LTRENDIDX","M","1996-01",94.44641,
"RUS","BCI","AMPLITUD","LTRENDIDX","M","1996-02",94.57193,
"RUS","BCI","AMPLITUD","LTRENDIDX","M","1996-03",94.82541,
"RUS","BCI","AMPLITUD","LTRENDIDX","M","1996-04",95.1826,
"RUS","BCI","AMPLITUD","LTRENDIDX","M","1996-05",95.5675,
"RUS","BCI","AMPLITUD","LTRENDIDX","M","1996-06",95.86848,
"RUS","BCI","AMPLITUD","LTRENDIDX","M","1996-07",96.14174,
"RUS","BCI","AMPLITUD","LTRENDIDX","M","1996-08",96.23692,
"RUS","BCI","AMPLITUD","LTRENDIDX","M","1996-09",96.20281,
"RUS","BCI","AMPLITUD","LTRENDIDX","M","1996-10",96.28779,
"RUS","BCI","AMPLITUD","LTRENDIDX","M","1996-11",96.69917,
"RUS","BCI","AMPLITUD","LTRENDIDX","M","1996-12",97.28835,
"RUS","BCI","AMPLITUD","LTRENDIDX","M","1997-01",97.74294,
"RUS","BCI","AMPLITUD","LTRENDIDX","M","1997-02",98.2528,
"RUS","BCI","AMPLITUD","LTRENDIDX","M","1997-03",98.6342,
"RUS","BCI","AMPLITUD","LTRENDIDX","M","1997-04",98.98492,
"RUS","BCI","AMPLITUD","LTRENDIDX","M","1997-05",99.11578,
"RUS","BCI","AMPLITUD","LTRENDIDX","M","1997-06",99.18472,
"RUS","BCI","AMPLITUD","LTRENDIDX","M","1997-07",99.37086,
"RUS","BCI","AMPLITUD","LTRENDIDX","M","1997-08",99.68372,
"RUS","BCI","AMPLITUD","LTRENDIDX","M","1997-09",99.87598,
"RUS","BCI","AMPLITUD","LTRENDIDX","M","1997-10",99.7727,
"RUS","BCI","AMPLITUD","LTRENDIDX","M","1997-11",99.43261,
"RUS","BCI","AMPLITUD","LTRENDIDX","M","1997-12",99.19623,
"RUS","BCI","AMPLITUD","LTRENDIDX","M","1998-01",98.96515,
"RUS","BCI","AMPLITUD","LTRENDIDX","M","1998-02",98.75862,
"RUS","BCI","AMPLITUD","LTRENDIDX","M","1998-03",98.45372,
"RUS","BCI","AMPLITUD","LTRENDIDX","M","1998-04",98.07928,
"RUS","BCI","AMPLITUD","LTRENDIDX","M","1998-05",97.78694,
"RUS","BCI","AMPLITUD","LTRENDIDX","M","1998-06",97.21552,
"RUS","BCI","AMPLITUD","LTRENDIDX","M","1998-07",96.71487,
"RUS","BCI","AMPLITUD","LTRENDIDX","M","1998-08",96.51723,
"RUS","BCI","AMPLITUD","LTRENDIDX","M","1998-09",96.5378,
"RUS","BCI","AMPLITUD","LTRENDIDX","M","1998-10",97.46931,
"RUS","BCI","AMPLITUD","LTRENDIDX","M","1998-11",98.71016,
"RUS","BCI","AMPLITUD","LTRENDIDX","M","1998-12",99.55127,
"RUS","BCI","AMPLITUD","LTRENDIDX","M","1999-01",100.0253,
"RUS","BCI","AMPLITUD","LTRENDIDX","M","1999-02",100.4822,
"RUS","BCI","AMPLITUD","LTRENDIDX","M","1999-03",101.0724,
"RUS","BCI","AMPLITUD","LTRENDIDX","M","1999-04",101.5876,
"RUS","BCI","AMPLITUD","LTRENDIDX","M","1999-05",102.1037,
"RUS","BCI","AMPLITUD","LTRENDIDX","M","1999-06",102.443,
"RUS","BCI","AMPLITUD","LTRENDIDX","M","1999-07",102.5882,
"RUS","BCI","AMPLITUD","LTRENDIDX","M","1999-08",102.6314,
"RUS","BCI","AMPLITUD","LTRENDIDX","M","1999-09",102.6537,
"RUS","BCI","AMPLITUD","LTRENDIDX","M","1999-10",102.7342,
"RUS","BCI","AMPLITUD","LTRENDIDX","M","1999-11",102.9171,
"RUS","BCI","AMPLITUD","LTRENDIDX","M","1999-12",102.9956,
"RUS","BCI","AMPLITUD","LTRENDIDX","M","2000-01",102.7869,
"RUS","BCI","AMPLITUD","LTRENDIDX","M","2000-02",102.4502,
"RUS","BCI","AMPLITUD","LTRENDIDX","M","2000-03",102.2968,
"RUS","BCI","AMPLITUD","LTRENDIDX","M","2000-04",102.1648,
"RUS","BCI","AMPLITUD","LTRENDIDX","M","2000-05",102.3671,
"RUS","BCI","AMPLITUD","LTRENDIDX","M","2000-06",102.7016,
"RUS","BCI","AMPLITUD","LTRENDIDX","M","2000-07",102.9408,
"RUS","BCI","AMPLITUD","LTRENDIDX","M","2000-08",103.1549,
"RUS","BCI","AMPLITUD","LTRENDIDX","M","2000-09",103.3102,
"RUS","BCI","AMPLITUD","LTRENDIDX","M","2000-10",103.3518,
"RUS","BCI","AMPLITUD","LTRENDIDX","M","2000-11",103.1961,
"RUS","BCI","AMPLITUD","LTRENDIDX","M","2000-12",102.762,
"RUS","BCI","AMPLITUD","LTRENDIDX","M","2001-01",102.1518,
"RUS","BCI","AMPLITUD","LTRENDIDX","M","2001-02",101.6512,
"RUS","BCI","AMPLITUD","LTRENDIDX","M","2001-03",101.0502,
"RUS","BCI","AMPLITUD","LTRENDIDX","M","2001-04",100.6507,
"RUS","BCI","AMPLITUD","LTRENDIDX","M","2001-05",100.3622,
"RUS","BCI","AMPLITUD","LTRENDIDX","M","2001-06",100.4251,
"RUS","BCI","AMPLITUD","LTRENDIDX","M","2001-07",100.5989,
"RUS","BCI","AMPLITUD","LTRENDIDX","M","2001-08",100.8696,
"RUS","BCI","AMPLITUD","LTRENDIDX","M","2001-09",101.135,
"RUS","BCI","AMPLITUD","LTRENDIDX","M","2001-10",101.1706,
"RUS","BCI","AMPLITUD","LTRENDIDX","M","2001-11",100.6868,
"RUS","BCI","AMPLITUD","LTRENDIDX","M","2001-12",99.97971,
"RUS","BCI","AMPLITUD","LTRENDIDX","M","2002-01",99.54931,
"RUS","BCI","AMPLITUD","LTRENDIDX","M","2002-02",99.1646,
"RUS","BCI","AMPLITUD","LTRENDIDX","M","2002-03",98.89118,
"RUS","BCI","AMPLITUD","LTRENDIDX","M","2002-04",98.9629,
"RUS","BCI","AMPLITUD","LTRENDIDX","M","2002-05",99.26607,
"RUS","BCI","AMPLITUD","LTRENDIDX","M","2002-06",99.69601,
"RUS","BCI","AMPLITUD","LTRENDIDX","M","2002-07",100.0845,
"RUS","BCI","AMPLITUD","LTRENDIDX","M","2002-08",100.5012,
"RUS","BCI","AMPLITUD","LTRENDIDX","M","2002-09",100.7287,
"RUS","BCI","AMPLITUD","LTRENDIDX","M","2002-10",100.7703,
"RUS","BCI","AMPLITUD","LTRENDIDX","M","2002-11",100.5127,
"RUS","BCI","AMPLITUD","LTRENDIDX","M","2002-12",100.0904,
"RUS","BCI","AMPLITUD","LTRENDIDX","M","2003-01",99.7745,
"RUS","BCI","AMPLITUD","LTRENDIDX","M","2003-02",99.73018,
"RUS","BCI","AMPLITUD","LTRENDIDX","M","2003-03",99.70657,
"RUS","BCI","AMPLITUD","LTRENDIDX","M","2003-04",99.81341,
"RUS","BCI","AMPLITUD","LTRENDIDX","M","2003-05",100.3269,
"RUS","BCI","AMPLITUD","LTRENDIDX","M","2003-06",100.9844,
"RUS","BCI","AMPLITUD","LTRENDIDX","M","2003-07",101.6332,
"RUS","BCI","AMPLITUD","LTRENDIDX","M","2003-08",102.0316,
"RUS","BCI","AMPLITUD","LTRENDIDX","M","2003-09",102.1062,
"RUS","BCI","AMPLITUD","LTRENDIDX","M","2003-10",102.2695,
"RUS","BCI","AMPLITUD","LTRENDIDX","M","2003-11",102.2665,
"RUS","BCI","AMPLITUD","LTRENDIDX","M","2003-12",102.09,
"RUS","BCI","AMPLITUD","LTRENDIDX","M","2004-01",101.7351,
"RUS","BCI","AMPLITUD","LTRENDIDX","M","2004-02",101.3945,
"RUS","BCI","AMPLITUD","LTRENDIDX","M","2004-03",101.1586,
"RUS","BCI","AMPLITUD","LTRENDIDX","M","2004-04",101.1056,
"RUS","BCI","AMPLITUD","LTRENDIDX","M","2004-05",101.3113,
"RUS","BCI","AMPLITUD","LTRENDIDX","M","2004-06",101.535,
"RUS","BCI","AMPLITUD","LTRENDIDX","M","2004-07",101.9167,
"RUS","BCI","AMPLITUD","LTRENDIDX","M","2004-08",102.3103,
"RUS","BCI","AMPLITUD","LTRENDIDX","M","2004-09",102.552,
"RUS","BCI","AMPLITUD","LTRENDIDX","M","2004-10",102.5852,
"RUS","BCI","AMPLITUD","LTRENDIDX","M","2004-11",102.3685,
"RUS","BCI","AMPLITUD","LTRENDIDX","M","2004-12",101.9525,
"RUS","BCI","AMPLITUD","LTRENDIDX","M","2005-01",101.6852,
"RUS","BCI","AMPLITUD","LTRENDIDX","M","2005-02",101.5422,
"RUS","BCI","AMPLITUD","LTRENDIDX","M","2005-03",101.5157,
"RUS","BCI","AMPLITUD","LTRENDIDX","M","2005-04",101.3565,
"RUS","BCI","AMPLITUD","LTRENDIDX","M","2005-05",100.916,
"RUS","BCI","AMPLITUD","LTRENDIDX","M","2005-06",100.5894,
"RUS","BCI","AMPLITUD","LTRENDIDX","M","2005-07",100.7635,
"RUS","BCI","AMPLITUD","LTRENDIDX","M","2005-08",101.2046,
"RUS","BCI","AMPLITUD","LTRENDIDX","M","2005-09",101.6088,
"RUS","BCI","AMPLITUD","LTRENDIDX","M","2005-10",101.5997,
"RUS","BCI","AMPLITUD","LTRENDIDX","M","2005-11",101.1784,
"RUS","BCI","AMPLITUD","LTRENDIDX","M","2005-12",100.9605,
"RUS","BCI","AMPLITUD","LTRENDIDX","M","2006-01",101.0455,
"RUS","BCI","AMPLITUD","LTRENDIDX","M","2006-02",101.3101,
"RUS","BCI","AMPLITUD","LTRENDIDX","M","2006-03",101.6424,
"RUS","BCI","AMPLITUD","LTRENDIDX","M","2006-04",102.0113,
"RUS","BCI","AMPLITUD","LTRENDIDX","M","2006-05",102.3562,
"RUS","BCI","AMPLITUD","LTRENDIDX","M","2006-06",102.6982,
"RUS","BCI","AMPLITUD","LTRENDIDX","M","2006-07",103.0415,
"RUS","BCI","AMPLITUD","LTRENDIDX","M","2006-08",103.2949,
"RUS","BCI","AMPLITUD","LTRENDIDX","M","2006-09",103.4637,
"RUS","BCI","AMPLITUD","LTRENDIDX","M","2006-10",103.5045,
"RUS","BCI","AMPLITUD","LTRENDIDX","M","2006-11",103.5112,
"RUS","BCI","AMPLITUD","LTRENDIDX","M","2006-12",103.5324,
"RUS","BCI","AMPLITUD","LTRENDIDX","M","2007-01",103.618,
"RUS","BCI","AMPLITUD","LTRENDIDX","M","2007-02",103.7899,
"RUS","BCI","AMPLITUD","LTRENDIDX","M","2007-03",103.9648,
"RUS","BCI","AMPLITUD","LTRENDIDX","M","2007-04",104.0564,
"RUS","BCI","AMPLITUD","LTRENDIDX","M","2007-05",104.1089,
"RUS","BCI","AMPLITUD","LTRENDIDX","M","2007-06",104.1192,
"RUS","BCI","AMPLITUD","LTRENDIDX","M","2007-07",104.1144,
"RUS","BCI","AMPLITUD","LTRENDIDX","M","2007-08",104.0616,
"RUS","BCI","AMPLITUD","LTRENDIDX","M","2007-09",103.7552,
"RUS","BCI","AMPLITUD","LTRENDIDX","M","2007-10",103.3858,
"RUS","BCI","AMPLITUD","LTRENDIDX","M","2007-11",103.2198,
"RUS","BCI","AMPLITUD","LTRENDIDX","M","2007-12",103.1292,
"RUS","BCI","AMPLITUD","LTRENDIDX","M","2008-01",103.1751,
"RUS","BCI","AMPLITUD","LTRENDIDX","M","2008-02",103.1327,
"RUS","BCI","AMPLITUD","LTRENDIDX","M","2008-03",103.1935,
"RUS","BCI","AMPLITUD","LTRENDIDX","M","2008-04",103.261,
"RUS","BCI","AMPLITUD","LTRENDIDX","M","2008-05",103.1605,
"RUS","BCI","AMPLITUD","LTRENDIDX","M","2008-06",102.9304,
"RUS","BCI","AMPLITUD","LTRENDIDX","M","2008-07",102.4804,
"RUS","BCI","AMPLITUD","LTRENDIDX","M","2008-08",101.9344,
"RUS","BCI","AMPLITUD","LTRENDIDX","M","2008-09",100.4949,
"RUS","BCI","AMPLITUD","LTRENDIDX","M","2008-10",98.44825,
"RUS","BCI","AMPLITUD","LTRENDIDX","M","2008-11",96.27338,
"RUS","BCI","AMPLITUD","LTRENDIDX","M","2008-12",95.01761,
"RUS","BCI","AMPLITUD","LTRENDIDX","M","2009-01",94.7126,
"RUS","BCI","AMPLITUD","LTRENDIDX","M","2009-02",94.98534,
"RUS","BCI","AMPLITUD","LTRENDIDX","M","2009-03",95.40884,
"RUS","BCI","AMPLITUD","LTRENDIDX","M","2009-04",95.88419,
"RUS","BCI","AMPLITUD","LTRENDIDX","M","2009-05",96.53599,
"RUS","BCI","AMPLITUD","LTRENDIDX","M","2009-06",97.10972,
"RUS","BCI","AMPLITUD","LTRENDIDX","M","2009-07",97.66807,
"RUS","BCI","AMPLITUD","LTRENDIDX","M","2009-08",98.21044,
"RUS","BCI","AMPLITUD","LTRENDIDX","M","2009-09",98.58176,
"RUS","BCI","AMPLITUD","LTRENDIDX","M","2009-10",98.86086,
"RUS","BCI","AMPLITUD","LTRENDIDX","M","2009-11",98.93776,
"RUS","BCI","AMPLITUD","LTRENDIDX","M","2009-12",98.89083,
"RUS","BCI","AMPLITUD","LTRENDIDX","M","2010-01",99.34121,
"RUS","BCI","AMPLITUD","LTRENDIDX","M","2010-02",99.74678,
"RUS","BCI","AMPLITUD","LTRENDIDX","M","2010-03",100.1863,
"RUS","BCI","AMPLITUD","LTRENDIDX","M","2010-04",100.6826,
"RUS","BCI","AMPLITUD","LTRENDIDX","M","2010-05",101.1763,
"RUS","BCI","AMPLITUD","LTRENDIDX","M","2010-06",101.4615,
"RUS","BCI","AMPLITUD","LTRENDIDX","M","2010-07",101.9021,
"RUS","BCI","AMPLITUD","LTRENDIDX","M","2010-08",102.3107,
"RUS","BCI","AMPLITUD","LTRENDIDX","M","2010-09",102.6042,
"RUS","BCI","AMPLITUD","LTRENDIDX","M","2010-10",102.6846,
"RUS","BCI","AMPLITUD","LTRENDIDX","M","2010-11",102.3973,
"RUS","BCI","AMPLITUD","LTRENDIDX","M","2010-12",102.2792,
"RUS","BCI","AMPLITUD","LTRENDIDX","M","2011-01",102.2186,
"RUS","BCI","AMPLITUD","LTRENDIDX","M","2011-02",102.2382,
"RUS","BCI","AMPLITUD","LTRENDIDX","M","2011-03",102.0994,
"RUS","BCI","AMPLITUD","LTRENDIDX","M","2011-04",102.1526,
"RUS","BCI","AMPLITUD","LTRENDIDX","M","2011-05",102.3806,
"RUS","BCI","AMPLITUD","LTRENDIDX","M","2011-06",102.556,
"RUS","BCI","AMPLITUD","LTRENDIDX","M","2011-07",102.3004,
"RUS","BCI","AMPLITUD","LTRENDIDX","M","2011-08",101.9386,
"RUS","BCI","AMPLITUD","LTRENDIDX","M","2011-09",101.5101,
"RUS","BCI","AMPLITUD","LTRENDIDX","M","2011-10",101.3667,
"RUS","BCI","AMPLITUD","LTRENDIDX","M","2011-11",101.0914,
"RUS","BCI","AMPLITUD","LTRENDIDX","M","2011-12",100.8228,
"RUS","BCI","AMPLITUD","LTRENDIDX","M","2012-01",100.774,
"RUS","BCI","AMPLITUD","LTRENDIDX","M","2012-02",100.7575,
"RUS","BCI","AMPLITUD","LTRENDIDX","M","2012-03",100.6618,
"RUS","BCI","AMPLITUD","LTRENDIDX","M","2012-04",100.402,
"RUS","BCI","AMPLITUD","LTRENDIDX","M","2012-05",100.0508,
"RUS","BCI","AMPLITUD","LTRENDIDX","M","2012-06",99.93001,
"RUS","BCI","AMPLITUD","LTRENDIDX","M","2012-07",100.1413,
"RUS","BCI","AMPLITUD","LTRENDIDX","M","2012-08",100.434,
"RUS","BCI","AMPLITUD","LTRENDIDX","M","2012-09",100.4979,
"RUS","BCI","AMPLITUD","LTRENDIDX","M","2012-10",100.1485,
"RUS","BCI","AMPLITUD","LTRENDIDX","M","2012-11",99.8347,
"RUS","BCI","AMPLITUD","LTRENDIDX","M","2012-12",99.88163,
"RUS","BCI","AMPLITUD","LTRENDIDX","M","2013-01",99.8243,
"RUS","BCI","AMPLITUD","LTRENDIDX","M","2013-02",99.84315,
"RUS","BCI","AMPLITUD","LTRENDIDX","M","2013-03",99.94161,
"RUS","BCI","AMPLITUD","LTRENDIDX","M","2013-04",99.89268,
"RUS","BCI","AMPLITUD","LTRENDIDX","M","2013-05",99.79802,
"RUS","BCI","AMPLITUD","LTRENDIDX","M","2013-06",99.75289,
"RUS","BCI","AMPLITUD","LTRENDIDX","M","2013-07",100.037,
"RUS","BCI","AMPLITUD","LTRENDIDX","M","2013-08",100.1953,
"RUS","BCI","AMPLITUD","LTRENDIDX","M","2013-09",100.1885,
"RUS","BCI","AMPLITUD","LTRENDIDX","M","2013-10",100.2163,
"RUS","BCI","AMPLITUD","LTRENDIDX","M","2013-11",100.2606,
"RUS","BCI","AMPLITUD","LTRENDIDX","M","2013-12",100.2402,
"RUS","BCI","AMPLITUD","LTRENDIDX","M","2014-01",100.1494,
"RUS","BCI","AMPLITUD","LTRENDIDX","M","2014-02",100.1208,
"RUS","BCI","AMPLITUD","LTRENDIDX","M","2014-03",100.0615,
"RUS","BCI","AMPLITUD","LTRENDIDX","M","2014-04",99.98295,
"RUS","BCI","AMPLITUD","LTRENDIDX","M","2014-05",100.3153,
"RUS","BCI","AMPLITUD","LTRENDIDX","M","2014-06",100.9666,
"RUS","BCI","AMPLITUD","LTRENDIDX","M","2014-07",101.4832,
"RUS","BCI","AMPLITUD","LTRENDIDX","M","2014-08",101.725,
"RUS","BCI","AMPLITUD","LTRENDIDX","M","2014-09",101.6681,
"RUS","BCI","AMPLITUD","LTRENDIDX","M","2014-10",101.4728,
"RUS","BCI","AMPLITUD","LTRENDIDX","M","2014-11",101.2531,
"RUS","BCI","AMPLITUD","LTRENDIDX","M","2014-12",101.137,
"RUS","BCI","AMPLITUD","LTRENDIDX","M","2015-01",101.0179,
"RUS","BCI","AMPLITUD","LTRENDIDX","M","2015-02",100.813,
"RUS","BCI","AMPLITUD","LTRENDIDX","M","2015-03",100.7991,
"RUS","BCI","AMPLITUD","LTRENDIDX","M","2015-04",100.9472,
"RUS","BCI","AMPLITUD","LTRENDIDX","M","2015-05",100.9595,
"RUS","BCI","AMPLITUD","LTRENDIDX","M","2015-06",100.8703,
"RUS","BCI","AMPLITUD","LTRENDIDX","M","2015-07",100.8914,
"RUS","BCI","AMPLITUD","LTRENDIDX","M","2015-08",101.1716,
"RUS","BCI","AMPLITUD","LTRENDIDX","M","2015-09",101.23,
"RUS","BCI","AMPLITUD","LTRENDIDX","M","2015-10",101.1213,
"RUS","BCI","AMPLITUD","LTRENDIDX","M","2015-11",100.9141,
"RUS","BCI","AMPLITUD","LTRENDIDX","M","2015-12",100.466,
"RUS","BCI","AMPLITUD","LTRENDIDX","M","2016-01",100.0056,
"RUS","BCI","AMPLITUD","LTRENDIDX","M","2016-02",99.83769,
"RUS","BCI","AMPLITUD","LTRENDIDX","M","2016-03",100.2868,
"RUS","BCI","AMPLITUD","LTRENDIDX","M","2016-04",100.73,
"RUS","BCI","AMPLITUD","LTRENDIDX","M","2016-05",100.8324,
"RUS","BCI","AMPLITUD","LTRENDIDX","M","2016-06",100.8342,
"RUS","BCI","AMPLITUD","LTRENDIDX","M","2016-07",101.0175,
"RUS","BCI","AMPLITUD","LTRENDIDX","M","2016-08",101.2332,
"RUS","BCI","AMPLITUD","LTRENDIDX","M","2016-09",101.4288,
"RUS","BCI","AMPLITUD","LTRENDIDX","M","2016-10",101.4509,
"RUS","BCI","AMPLITUD","LTRENDIDX","M","2016-11",101.3818,
"RUS","BCI","AMPLITUD","LTRENDIDX","M","2016-12",101.4522,
"RUS","BCI","AMPLITUD","LTRENDIDX","M","2017-01",101.5495,
"RUS","BCI","AMPLITUD","LTRENDIDX","M","2017-02",101.2548,
"RUS","BCI","AMPLITUD","LTRENDIDX","M","2017-03",100.8459,
"RUS","BCI","AMPLITUD","LTRENDIDX","M","2017-04",100.6943,
"RUS","BCI","AMPLITUD","LTRENDIDX","M","2017-05",100.916,
"RUS","BCI","AMPLITUD","LTRENDIDX","M","2017-06",101.2192,
"RUS","BCI","AMPLITUD","LTRENDIDX","M","2017-07",101.0361,
"ITA","BCI","AMPLITUD","LTRENDIDX","M","1962-02",102.1427,
"ITA","BCI","AMPLITUD","LTRENDIDX","M","1962-03",101.8997,
"ITA","BCI","AMPLITUD","LTRENDIDX","M","1962-04",101.8402,
"ITA","BCI","AMPLITUD","LTRENDIDX","M","1962-05",101.8149,
"ITA","BCI","AMPLITUD","LTRENDIDX","M","1962-06",101.7812,
"ITA","BCI","AMPLITUD","LTRENDIDX","M","1962-07",101.7594,
"ITA","BCI","AMPLITUD","LTRENDIDX","M","1962-08",101.7284,
"ITA","BCI","AMPLITUD","LTRENDIDX","M","1962-09",101.7168,
"ITA","BCI","AMPLITUD","LTRENDIDX","M","1962-10",101.6614,
"ITA","BCI","AMPLITUD","LTRENDIDX","M","1962-11",101.6256,
"ITA","BCI","AMPLITUD","LTRENDIDX","M","1962-12",101.5784,
"ITA","BCI","AMPLITUD","LTRENDIDX","M","1963-01",101.6028,
"ITA","BCI","AMPLITUD","LTRENDIDX","M","1963-02",101.6671,
"ITA","BCI","AMPLITUD","LTRENDIDX","M","1963-03",101.7035,
"ITA","BCI","AMPLITUD","LTRENDIDX","M","1963-04",101.7169,
"ITA","BCI","AMPLITUD","LTRENDIDX","M","1963-05",101.6794,
"ITA","BCI","AMPLITUD","LTRENDIDX","M","1963-06",101.5167,
"ITA","BCI","AMPLITUD","LTRENDIDX","M","1963-07",101.3527,
"ITA","BCI","AMPLITUD","LTRENDIDX","M","1963-08",101.1889,
"ITA","BCI","AMPLITUD","LTRENDIDX","M","1963-09",100.9984,
"ITA","BCI","AMPLITUD","LTRENDIDX","M","1963-10",100.7521,
"ITA","BCI","AMPLITUD","LTRENDIDX","M","1963-11",100.4025,
"ITA","BCI","AMPLITUD","LTRENDIDX","M","1963-12",99.95645,
"ITA","BCI","AMPLITUD","LTRENDIDX","M","1964-01",99.30746,
"ITA","BCI","AMPLITUD","LTRENDIDX","M","1964-02",98.57768,
"ITA","BCI","AMPLITUD","LTRENDIDX","M","1964-03",98.07635,
"ITA","BCI","AMPLITUD","LTRENDIDX","M","1964-04",97.64883,
"ITA","BCI","AMPLITUD","LTRENDIDX","M","1964-05",97.31573,
"ITA","BCI","AMPLITUD","LTRENDIDX","M","1964-06",97.14841,
"ITA","BCI","AMPLITUD","LTRENDIDX","M","1964-07",97.01476,
"ITA","BCI","AMPLITUD","LTRENDIDX","M","1964-08",96.91954,
"ITA","BCI","AMPLITUD","LTRENDIDX","M","1964-09",96.86145,
"ITA","BCI","AMPLITUD","LTRENDIDX","M","1964-10",96.75543,
"ITA","BCI","AMPLITUD","LTRENDIDX","M","1964-11",96.59429,
"ITA","BCI","AMPLITUD","LTRENDIDX","M","1964-12",96.52057,
"ITA","BCI","AMPLITUD","LTRENDIDX","M","1965-01",96.78049,
"ITA","BCI","AMPLITUD","LTRENDIDX","M","1965-02",97.27989,
"ITA","BCI","AMPLITUD","LTRENDIDX","M","1965-03",97.73853,
"ITA","BCI","AMPLITUD","LTRENDIDX","M","1965-04",98.01928,
"ITA","BCI","AMPLITUD","LTRENDIDX","M","1965-05",98.18736,
"ITA","BCI","AMPLITUD","LTRENDIDX","M","1965-06",98.40254,
"ITA","BCI","AMPLITUD","LTRENDIDX","M","1965-07",98.61334,
"ITA","BCI","AMPLITUD","LTRENDIDX","M","1965-08",98.79025,
"ITA","BCI","AMPLITUD","LTRENDIDX","M","1965-09",98.92216,
"ITA","BCI","AMPLITUD","LTRENDIDX","M","1965-10",99.0807,
"ITA","BCI","AMPLITUD","LTRENDIDX","M","1965-11",99.32254,
"ITA","BCI","AMPLITUD","LTRENDIDX","M","1965-12",99.60027,
"ITA","BCI","AMPLITUD","LTRENDIDX","M","1966-01",99.93482,
"ITA","BCI","AMPLITUD","LTRENDIDX","M","1966-02",100.2413,
"ITA","BCI","AMPLITUD","LTRENDIDX","M","1966-03",100.5123,
"ITA","BCI","AMPLITUD","LTRENDIDX","M","1966-04",100.6492,
"ITA","BCI","AMPLITUD","LTRENDIDX","M","1966-05",100.6748,
"ITA","BCI","AMPLITUD","LTRENDIDX","M","1966-06",100.6306,
"ITA","BCI","AMPLITUD","LTRENDIDX","M","1966-07",100.5854,
"ITA","BCI","AMPLITUD","LTRENDIDX","M","1966-08",100.6455,
"ITA","BCI","AMPLITUD","LTRENDIDX","M","1966-09",100.7229,
"ITA","BCI","AMPLITUD","LTRENDIDX","M","1966-10",100.7864,
"ITA","BCI","AMPLITUD","LTRENDIDX","M","1966-11",100.8533,
"ITA","BCI","AMPLITUD","LTRENDIDX","M","1966-12",100.8565,
"ITA","BCI","AMPLITUD","LTRENDIDX","M","1967-01",100.7155,
"ITA","BCI","AMPLITUD","LTRENDIDX","M","1967-02",100.5406,
"ITA","BCI","AMPLITUD","LTRENDIDX","M","1967-03",100.3589,
"ITA","BCI","AMPLITUD","LTRENDIDX","M","1967-04",100.2897,
"ITA","BCI","AMPLITUD","LTRENDIDX","M","1967-05",100.3121,
"ITA","BCI","AMPLITUD","LTRENDIDX","M","1967-06",100.2995,
"ITA","BCI","AMPLITUD","LTRENDIDX","M","1967-07",100.2388,
"ITA","BCI","AMPLITUD","LTRENDIDX","M","1967-08",100.1054,
"ITA","BCI","AMPLITUD","LTRENDIDX","M","1967-09",100.0272,
"ITA","BCI","AMPLITUD","LTRENDIDX","M","1967-10",100.0036,
"ITA","BCI","AMPLITUD","LTRENDIDX","M","1967-11",100.0536,
"ITA","BCI","AMPLITUD","LTRENDIDX","M","1967-12",100.101,
"ITA","BCI","AMPLITUD","LTRENDIDX","M","1968-01",100.0978,
"ITA","BCI","AMPLITUD","LTRENDIDX","M","1968-02",100.0805,
"ITA","BCI","AMPLITUD","LTRENDIDX","M","1968-03",100.1034,
"ITA","BCI","AMPLITUD","LTRENDIDX","M","1968-04",100.1872,
"ITA","BCI","AMPLITUD","LTRENDIDX","M","1968-05",100.2953,
"ITA","BCI","AMPLITUD","LTRENDIDX","M","1968-06",100.4919,
"ITA","BCI","AMPLITUD","LTRENDIDX","M","1968-07",100.7996,
"ITA","BCI","AMPLITUD","LTRENDIDX","M","1968-08",101.1405,
"ITA","BCI","AMPLITUD","LTRENDIDX","M","1968-09",101.3734,
"ITA","BCI","AMPLITUD","LTRENDIDX","M","1968-10",101.5049,
"ITA","BCI","AMPLITUD","LTRENDIDX","M","1968-11",101.526,
"ITA","BCI","AMPLITUD","LTRENDIDX","M","1968-12",101.5912,
"ITA","BCI","AMPLITUD","LTRENDIDX","M","1969-01",101.8244,
"ITA","BCI","AMPLITUD","LTRENDIDX","M","1969-02",102.1161,
"ITA","BCI","AMPLITUD","LTRENDIDX","M","1969-03",102.4419,
"ITA","BCI","AMPLITUD","LTRENDIDX","M","1969-04",102.6408,
"ITA","BCI","AMPLITUD","LTRENDIDX","M","1969-05",102.7444,
"ITA","BCI","AMPLITUD","LTRENDIDX","M","1969-06",102.7088,
"ITA","BCI","AMPLITUD","LTRENDIDX","M","1969-07",102.622,
"ITA","BCI","AMPLITUD","LTRENDIDX","M","1969-08",102.6012,
"ITA","BCI","AMPLITUD","LTRENDIDX","M","1969-09",102.6037,
"ITA","BCI","AMPLITUD","LTRENDIDX","M","1969-10",102.62,
"ITA","BCI","AMPLITUD","LTRENDIDX","M","1969-11",102.638,
"ITA","BCI","AMPLITUD","LTRENDIDX","M","1969-12",102.5222,
"ITA","BCI","AMPLITUD","LTRENDIDX","M","1970-01",102.2728,
"ITA","BCI","AMPLITUD","LTRENDIDX","M","1970-02",101.9681,
"ITA","BCI","AMPLITUD","LTRENDIDX","M","1970-03",101.5661,
"ITA","BCI","AMPLITUD","LTRENDIDX","M","1970-04",101.1743,
"ITA","BCI","AMPLITUD","LTRENDIDX","M","1970-05",100.8308,
"ITA","BCI","AMPLITUD","LTRENDIDX","M","1970-06",100.5852,
"ITA","BCI","AMPLITUD","LTRENDIDX","M","1970-07",100.3933,
"ITA","BCI","AMPLITUD","LTRENDIDX","M","1970-08",100.1221,
"ITA","BCI","AMPLITUD","LTRENDIDX","M","1970-09",99.77522,
"ITA","BCI","AMPLITUD","LTRENDIDX","M","1970-10",99.41967,
"ITA","BCI","AMPLITUD","LTRENDIDX","M","1970-11",99.22173,
"ITA","BCI","AMPLITUD","LTRENDIDX","M","1970-12",99.00818,
"ITA","BCI","AMPLITUD","LTRENDIDX","M","1971-01",98.70557,
"ITA","BCI","AMPLITUD","LTRENDIDX","M","1971-02",98.34659,
"ITA","BCI","AMPLITUD","LTRENDIDX","M","1971-03",98.06204,
"ITA","BCI","AMPLITUD","LTRENDIDX","M","1971-04",98.02544,
"ITA","BCI","AMPLITUD","LTRENDIDX","M","1971-05",98.04678,
"ITA","BCI","AMPLITUD","LTRENDIDX","M","1971-06",97.95404,
"ITA","BCI","AMPLITUD","LTRENDIDX","M","1971-07",97.84832,
"ITA","BCI","AMPLITUD","LTRENDIDX","M","1971-08",97.7482,
"ITA","BCI","AMPLITUD","LTRENDIDX","M","1971-09",97.90254,
"ITA","BCI","AMPLITUD","LTRENDIDX","M","1971-10",98.23502,
"ITA","BCI","AMPLITUD","LTRENDIDX","M","1971-11",98.53469,
"ITA","BCI","AMPLITUD","LTRENDIDX","M","1971-12",98.7791,
"ITA","BCI","AMPLITUD","LTRENDIDX","M","1972-01",98.904,
"ITA","BCI","AMPLITUD","LTRENDIDX","M","1972-02",99.04266,
"ITA","BCI","AMPLITUD","LTRENDIDX","M","1972-03",99.15962,
"ITA","BCI","AMPLITUD","LTRENDIDX","M","1972-04",99.25693,
"ITA","BCI","AMPLITUD","LTRENDIDX","M","1972-05",99.39491,
"ITA","BCI","AMPLITUD","LTRENDIDX","M","1972-06",99.62906,
"ITA","BCI","AMPLITUD","LTRENDIDX","M","1972-07",99.90627,
"ITA","BCI","AMPLITUD","LTRENDIDX","M","1972-08",100.2791,
"ITA","BCI","AMPLITUD","LTRENDIDX","M","1972-09",100.6979,
"ITA","BCI","AMPLITUD","LTRENDIDX","M","1972-10",101.0525,
"ITA","BCI","AMPLITUD","LTRENDIDX","M","1972-11",101.2369,
"ITA","BCI","AMPLITUD","LTRENDIDX","M","1972-12",101.4161,
"ITA","BCI","AMPLITUD","LTRENDIDX","M","1973-01",101.7039,
"ITA","BCI","AMPLITUD","LTRENDIDX","M","1973-02",102.0532,
"ITA","BCI","AMPLITUD","LTRENDIDX","M","1973-03",102.3133,
"ITA","BCI","AMPLITUD","LTRENDIDX","M","1973-04",102.5358,
"ITA","BCI","AMPLITUD","LTRENDIDX","M","1973-05",102.7148,
"ITA","BCI","AMPLITUD","LTRENDIDX","M","1973-06",102.7714,
"ITA","BCI","AMPLITUD","LTRENDIDX","M","1973-07",102.6855,
"ITA","BCI","AMPLITUD","LTRENDIDX","M","1973-08",102.6461,
"ITA","BCI","AMPLITUD","LTRENDIDX","M","1973-09",102.5504,
"ITA","BCI","AMPLITUD","LTRENDIDX","M","1973-10",102.3535,
"ITA","BCI","AMPLITUD","LTRENDIDX","M","1973-11",102.268,
"ITA","BCI","AMPLITUD","LTRENDIDX","M","1973-12",102.1662,
"ITA","BCI","AMPLITUD","LTRENDIDX","M","1974-01",101.9424,
"ITA","BCI","AMPLITUD","LTRENDIDX","M","1974-02",101.6146,
"ITA","BCI","AMPLITUD","LTRENDIDX","M","1974-03",101.2374,
"ITA","BCI","AMPLITUD","LTRENDIDX","M","1974-04",100.8156,
"ITA","BCI","AMPLITUD","LTRENDIDX","M","1974-05",100.3367,
"ITA","BCI","AMPLITUD","LTRENDIDX","M","1974-06",99.77833,
"ITA","BCI","AMPLITUD","LTRENDIDX","M","1974-07",99.17271,
"ITA","BCI","AMPLITUD","LTRENDIDX","M","1974-08",98.44014,
"ITA","BCI","AMPLITUD","LTRENDIDX","M","1974-09",97.58035,
"ITA","BCI","AMPLITUD","LTRENDIDX","M","1974-10",96.81773,
"ITA","BCI","AMPLITUD","LTRENDIDX","M","1974-11",96.25249,
"ITA","BCI","AMPLITUD","LTRENDIDX","M","1974-12",96.00185,
"ITA","BCI","AMPLITUD","LTRENDIDX","M","1975-01",96.00606,
"ITA","BCI","AMPLITUD","LTRENDIDX","M","1975-02",96.10607,
"ITA","BCI","AMPLITUD","LTRENDIDX","M","1975-03",96.17713,
"ITA","BCI","AMPLITUD","LTRENDIDX","M","1975-04",96.20168,
"ITA","BCI","AMPLITUD","LTRENDIDX","M","1975-05",96.19833,
"ITA","BCI","AMPLITUD","LTRENDIDX","M","1975-06",96.23145,
"ITA","BCI","AMPLITUD","LTRENDIDX","M","1975-07",96.44876,
"ITA","BCI","AMPLITUD","LTRENDIDX","M","1975-08",96.87519,
"ITA","BCI","AMPLITUD","LTRENDIDX","M","1975-09",97.36858,
"ITA","BCI","AMPLITUD","LTRENDIDX","M","1975-10",97.81462,
"ITA","BCI","AMPLITUD","LTRENDIDX","M","1975-11",98.15141,
"ITA","BCI","AMPLITUD","LTRENDIDX","M","1975-12",98.54478,
"ITA","BCI","AMPLITUD","LTRENDIDX","M","1976-01",98.94795,
"ITA","BCI","AMPLITUD","LTRENDIDX","M","1976-02",99.32964,
"ITA","BCI","AMPLITUD","LTRENDIDX","M","1976-03",99.5815,
"ITA","BCI","AMPLITUD","LTRENDIDX","M","1976-04",99.75798,
"ITA","BCI","AMPLITUD","LTRENDIDX","M","1976-05",99.8938,
"ITA","BCI","AMPLITUD","LTRENDIDX","M","1976-06",99.9652,
"ITA","BCI","AMPLITUD","LTRENDIDX","M","1976-07",100.0307,
"ITA","BCI","AMPLITUD","LTRENDIDX","M","1976-08",99.98683,
"ITA","BCI","AMPLITUD","LTRENDIDX","M","1976-09",99.88237,
"ITA","BCI","AMPLITUD","LTRENDIDX","M","1976-10",99.72131,
"ITA","BCI","AMPLITUD","LTRENDIDX","M","1976-11",99.39416,
"ITA","BCI","AMPLITUD","LTRENDIDX","M","1976-12",98.97678,
"ITA","BCI","AMPLITUD","LTRENDIDX","M","1977-01",98.57388,
"ITA","BCI","AMPLITUD","LTRENDIDX","M","1977-02",98.21848,
"ITA","BCI","AMPLITUD","LTRENDIDX","M","1977-03",97.93001,
"ITA","BCI","AMPLITUD","LTRENDIDX","M","1977-04",97.65533,
"ITA","BCI","AMPLITUD","LTRENDIDX","M","1977-05",97.48787,
"ITA","BCI","AMPLITUD","LTRENDIDX","M","1977-06",97.45859,
"ITA","BCI","AMPLITUD","LTRENDIDX","M","1977-07",97.49632,
"ITA","BCI","AMPLITUD","LTRENDIDX","M","1977-08",97.49117,
"ITA","BCI","AMPLITUD","LTRENDIDX","M","1977-09",97.42986,
"ITA","BCI","AMPLITUD","LTRENDIDX","M","1977-10",97.43492,
"ITA","BCI","AMPLITUD","LTRENDIDX","M","1977-11",97.58483,
"ITA","BCI","AMPLITUD","LTRENDIDX","M","1977-12",97.77106,
"ITA","BCI","AMPLITUD","LTRENDIDX","M","1978-01",97.92835,
"ITA","BCI","AMPLITUD","LTRENDIDX","M","1978-02",98.12502,
"ITA","BCI","AMPLITUD","LTRENDIDX","M","1978-03",98.40565,
"ITA","BCI","AMPLITUD","LTRENDIDX","M","1978-04",98.73215,
"ITA","BCI","AMPLITUD","LTRENDIDX","M","1978-05",98.94453,
"ITA","BCI","AMPLITUD","LTRENDIDX","M","1978-06",99.12513,
"ITA","BCI","AMPLITUD","LTRENDIDX","M","1978-07",99.35209,
"ITA","BCI","AMPLITUD","LTRENDIDX","M","1978-08",99.58819,
"ITA","BCI","AMPLITUD","LTRENDIDX","M","1978-09",99.83394,
"ITA","BCI","AMPLITUD","LTRENDIDX","M","1978-10",100.0293,
"ITA","BCI","AMPLITUD","LTRENDIDX","M","1978-11",100.1527,
"ITA","BCI","AMPLITUD","LTRENDIDX","M","1978-12",100.3024,
"ITA","BCI","AMPLITUD","LTRENDIDX","M","1979-01",100.4694,
"ITA","BCI","AMPLITUD","LTRENDIDX","M","1979-02",100.5256,
"ITA","BCI","AMPLITUD","LTRENDIDX","M","1979-03",100.7817,
"ITA","BCI","AMPLITUD","LTRENDIDX","M","1979-04",101.1365,
"ITA","BCI","AMPLITUD","LTRENDIDX","M","1979-05",101.4425,
"ITA","BCI","AMPLITUD","LTRENDIDX","M","1979-06",101.531,
"ITA","BCI","AMPLITUD","LTRENDIDX","M","1979-07",101.4238,
"ITA","BCI","AMPLITUD","LTRENDIDX","M","1979-08",101.3488,
"ITA","BCI","AMPLITUD","LTRENDIDX","M","1979-09",101.2593,
"ITA","BCI","AMPLITUD","LTRENDIDX","M","1979-10",101.1167,
"ITA","BCI","AMPLITUD","LTRENDIDX","M","1979-11",100.98,
"ITA","BCI","AMPLITUD","LTRENDIDX","M","1979-12",100.9405,
"ITA","BCI","AMPLITUD","LTRENDIDX","M","1980-01",100.8453,
"ITA","BCI","AMPLITUD","LTRENDIDX","M","1980-02",100.4395,
"ITA","BCI","AMPLITUD","LTRENDIDX","M","1980-03",99.73838,
"ITA","BCI","AMPLITUD","LTRENDIDX","M","1980-04",99.05298,
"ITA","BCI","AMPLITUD","LTRENDIDX","M","1980-05",98.62127,
"ITA","BCI","AMPLITUD","LTRENDIDX","M","1980-06",98.53442,
"ITA","BCI","AMPLITUD","LTRENDIDX","M","1980-07",98.4777,
"ITA","BCI","AMPLITUD","LTRENDIDX","M","1980-08",98.36928,
"ITA","BCI","AMPLITUD","LTRENDIDX","M","1980-09",98.24408,
"ITA","BCI","AMPLITUD","LTRENDIDX","M","1980-10",98.08562,
"ITA","BCI","AMPLITUD","LTRENDIDX","M","1980-11",97.98539,
"ITA","BCI","AMPLITUD","LTRENDIDX","M","1980-12",97.88702,
"ITA","BCI","AMPLITUD","LTRENDIDX","M","1981-01",97.79011,
"ITA","BCI","AMPLITUD","LTRENDIDX","M","1981-02",97.67559,
"ITA","BCI","AMPLITUD","LTRENDIDX","M","1981-03",97.56848,
"ITA","BCI","AMPLITUD","LTRENDIDX","M","1981-04",97.58301,
"ITA","BCI","AMPLITUD","LTRENDIDX","M","1981-05",97.719,
"ITA","BCI","AMPLITUD","LTRENDIDX","M","1981-06",97.84738,
"ITA","BCI","AMPLITUD","LTRENDIDX","M","1981-07",97.91902,
"ITA","BCI","AMPLITUD","LTRENDIDX","M","1981-08",97.97417,
"ITA","BCI","AMPLITUD","LTRENDIDX","M","1981-09",98.00135,
"ITA","BCI","AMPLITUD","LTRENDIDX","M","1981-10",98.05526,
"ITA","BCI","AMPLITUD","LTRENDIDX","M","1981-11",98.05656,
"ITA","BCI","AMPLITUD","LTRENDIDX","M","1981-12",97.97932,
"ITA","BCI","AMPLITUD","LTRENDIDX","M","1982-01",97.91907,
"ITA","BCI","AMPLITUD","LTRENDIDX","M","1982-02",97.92879,
"ITA","BCI","AMPLITUD","LTRENDIDX","M","1982-03",97.94138,
"ITA","BCI","AMPLITUD","LTRENDIDX","M","1982-04",97.79404,
"ITA","BCI","AMPLITUD","LTRENDIDX","M","1982-05",97.52652,
"ITA","BCI","AMPLITUD","LTRENDIDX","M","1982-06",97.32124,
"ITA","BCI","AMPLITUD","LTRENDIDX","M","1982-07",97.18359,
"ITA","BCI","AMPLITUD","LTRENDIDX","M","1982-08",97.07778,
"ITA","BCI","AMPLITUD","LTRENDIDX","M","1982-09",97.06455,
"ITA","BCI","AMPLITUD","LTRENDIDX","M","1982-10",97.09621,
"ITA","BCI","AMPLITUD","LTRENDIDX","M","1982-11",97.13344,
"ITA","BCI","AMPLITUD","LTRENDIDX","M","1982-12",97.21724,
"ITA","BCI","AMPLITUD","LTRENDIDX","M","1983-01",97.25869,
"ITA","BCI","AMPLITUD","LTRENDIDX","M","1983-02",97.3001,
"ITA","BCI","AMPLITUD","LTRENDIDX","M","1983-03",97.40412,
"ITA","BCI","AMPLITUD","LTRENDIDX","M","1983-04",97.61234,
"ITA","BCI","AMPLITUD","LTRENDIDX","M","1983-05",97.87545,
"ITA","BCI","AMPLITUD","LTRENDIDX","M","1983-06",98.15576,
"ITA","BCI","AMPLITUD","LTRENDIDX","M","1983-07",98.23344,
"ITA","BCI","AMPLITUD","LTRENDIDX","M","1983-08",98.28902,
"ITA","BCI","AMPLITUD","LTRENDIDX","M","1983-09",98.37718,
"ITA","BCI","AMPLITUD","LTRENDIDX","M","1983-10",98.57838,
"ITA","BCI","AMPLITUD","LTRENDIDX","M","1983-11",98.80707,
"ITA","BCI","AMPLITUD","LTRENDIDX","M","1983-12",99.02483,
"ITA","BCI","AMPLITUD","LTRENDIDX","M","1984-01",99.21878,
"ITA","BCI","AMPLITUD","LTRENDIDX","M","1984-02",99.42519,
"ITA","BCI","AMPLITUD","LTRENDIDX","M","1984-03",99.60487,
"ITA","BCI","AMPLITUD","LTRENDIDX","M","1984-04",99.60979,
"ITA","BCI","AMPLITUD","LTRENDIDX","M","1984-05",99.62473,
"ITA","BCI","AMPLITUD","LTRENDIDX","M","1984-06",99.71404,
"ITA","BCI","AMPLITUD","LTRENDIDX","M","1984-07",99.80653,
"ITA","BCI","AMPLITUD","LTRENDIDX","M","1984-08",99.81345,
"ITA","BCI","AMPLITUD","LTRENDIDX","M","1984-09",99.77728,
"ITA","BCI","AMPLITUD","LTRENDIDX","M","1984-10",99.72697,
"ITA","BCI","AMPLITUD","LTRENDIDX","M","1984-11",99.6801,
"ITA","BCI","AMPLITUD","LTRENDIDX","M","1984-12",99.7272,
"ITA","BCI","AMPLITUD","LTRENDIDX","M","1985-01",99.76801,
"ITA","BCI","AMPLITUD","LTRENDIDX","M","1985-02",99.75433,
"ITA","BCI","AMPLITUD","LTRENDIDX","M","1985-03",99.6596,
"ITA","BCI","AMPLITUD","LTRENDIDX","M","1985-04",99.65826,
"ITA","BCI","AMPLITUD","LTRENDIDX","M","1985-05",99.73374,
"ITA","BCI","AMPLITUD","LTRENDIDX","M","1985-06",99.78331,
"ITA","BCI","AMPLITUD","LTRENDIDX","M","1985-07",99.83265,
"ITA","BCI","AMPLITUD","LTRENDIDX","M","1985-08",99.90342,
"ITA","BCI","AMPLITUD","LTRENDIDX","M","1985-09",99.99496,
"ITA","BCI","AMPLITUD","LTRENDIDX","M","1985-10",99.9514,
"ITA","BCI","AMPLITUD","LTRENDIDX","M","1985-11",99.84658,
"ITA","BCI","AMPLITUD","LTRENDIDX","M","1985-12",99.70648,
"ITA","BCI","AMPLITUD","LTRENDIDX","M","1986-01",99.63479,
"ITA","BCI","AMPLITUD","LTRENDIDX","M","1986-02",99.66299,
"ITA","BCI","AMPLITUD","LTRENDIDX","M","1986-03",99.73922,
"ITA","BCI","AMPLITUD","LTRENDIDX","M","1986-04",99.79321,
"ITA","BCI","AMPLITUD","LTRENDIDX","M","1986-05",99.90873,
"ITA","BCI","AMPLITUD","LTRENDIDX","M","1986-06",100.0002,
"ITA","BCI","AMPLITUD","LTRENDIDX","M","1986-07",100.0391,
"ITA","BCI","AMPLITUD","LTRENDIDX","M","1986-08",100.0763,
"ITA","BCI","AMPLITUD","LTRENDIDX","M","1986-09",100.1099,
"ITA","BCI","AMPLITUD","LTRENDIDX","M","1986-10",100.1828,
"ITA","BCI","AMPLITUD","LTRENDIDX","M","1986-11",100.2665,
"ITA","BCI","AMPLITUD","LTRENDIDX","M","1986-12",100.3741,
"ITA","BCI","AMPLITUD","LTRENDIDX","M","1987-01",100.3834,
"ITA","BCI","AMPLITUD","LTRENDIDX","M","1987-02",100.3442,
"ITA","BCI","AMPLITUD","LTRENDIDX","M","1987-03",100.3441,
"ITA","BCI","AMPLITUD","LTRENDIDX","M","1987-04",100.3511,
"ITA","BCI","AMPLITUD","LTRENDIDX","M","1987-05",100.4625,
"ITA","BCI","AMPLITUD","LTRENDIDX","M","1987-06",100.5559,
"ITA","BCI","AMPLITUD","LTRENDIDX","M","1987-07",100.6024,
"ITA","BCI","AMPLITUD","LTRENDIDX","M","1987-08",100.6872,
"ITA","BCI","AMPLITUD","LTRENDIDX","M","1987-09",100.7974,
"ITA","BCI","AMPLITUD","LTRENDIDX","M","1987-10",100.8302,
"ITA","BCI","AMPLITUD","LTRENDIDX","M","1987-11",100.8663,
"ITA","BCI","AMPLITUD","LTRENDIDX","M","1987-12",100.9401,
"ITA","BCI","AMPLITUD","LTRENDIDX","M","1988-01",101.0138,
"ITA","BCI","AMPLITUD","LTRENDIDX","M","1988-02",101.0695,
"ITA","BCI","AMPLITUD","LTRENDIDX","M","1988-03",101.0875,
"ITA","BCI","AMPLITUD","LTRENDIDX","M","1988-04",101.1353,
"ITA","BCI","AMPLITUD","LTRENDIDX","M","1988-05",101.2668,
"ITA","BCI","AMPLITUD","LTRENDIDX","M","1988-06",101.3814,
"ITA","BCI","AMPLITUD","LTRENDIDX","M","1988-07",101.4444,
"ITA","BCI","AMPLITUD","LTRENDIDX","M","1988-08",101.5383,
"ITA","BCI","AMPLITUD","LTRENDIDX","M","1988-09",101.7273,
"ITA","BCI","AMPLITUD","LTRENDIDX","M","1988-10",101.8907,
"ITA","BCI","AMPLITUD","LTRENDIDX","M","1988-11",101.9589,
"ITA","BCI","AMPLITUD","LTRENDIDX","M","1988-12",101.9776,
"ITA","BCI","AMPLITUD","LTRENDIDX","M","1989-01",101.9775,
"ITA","BCI","AMPLITUD","LTRENDIDX","M","1989-02",101.9455,
"ITA","BCI","AMPLITUD","LTRENDIDX","M","1989-03",101.8244,
"ITA","BCI","AMPLITUD","LTRENDIDX","M","1989-04",101.7108,
"ITA","BCI","AMPLITUD","LTRENDIDX","M","1989-05",101.5824,
"ITA","BCI","AMPLITUD","LTRENDIDX","M","1989-06",101.5159,
"ITA","BCI","AMPLITUD","LTRENDIDX","M","1989-07",101.483,
"ITA","BCI","AMPLITUD","LTRENDIDX","M","1989-08",101.3761,
"ITA","BCI","AMPLITUD","LTRENDIDX","M","1989-09",101.2171,
"ITA","BCI","AMPLITUD","LTRENDIDX","M","1989-10",101.1297,
"ITA","BCI","AMPLITUD","LTRENDIDX","M","1989-11",101.1255,
"ITA","BCI","AMPLITUD","LTRENDIDX","M","1989-12",101.171,
"ITA","BCI","AMPLITUD","LTRENDIDX","M","1990-01",101.1703,
"ITA","BCI","AMPLITUD","LTRENDIDX","M","1990-02",101.1275,
"ITA","BCI","AMPLITUD","LTRENDIDX","M","1990-03",101.1264,
"ITA","BCI","AMPLITUD","LTRENDIDX","M","1990-04",101.0937,
"ITA","BCI","AMPLITUD","LTRENDIDX","M","1990-05",100.9138,
"ITA","BCI","AMPLITUD","LTRENDIDX","M","1990-06",100.6689,
"ITA","BCI","AMPLITUD","LTRENDIDX","M","1990-07",100.4564,
"ITA","BCI","AMPLITUD","LTRENDIDX","M","1990-08",100.323,
"ITA","BCI","AMPLITUD","LTRENDIDX","M","1990-09",100.2182,
"ITA","BCI","AMPLITUD","LTRENDIDX","M","1990-10",100.0763,
"ITA","BCI","AMPLITUD","LTRENDIDX","M","1990-11",99.88941,
"ITA","BCI","AMPLITUD","LTRENDIDX","M","1990-12",99.64295,
"ITA","BCI","AMPLITUD","LTRENDIDX","M","1991-01",99.42957,
"ITA","BCI","AMPLITUD","LTRENDIDX","M","1991-02",99.39544,
"ITA","BCI","AMPLITUD","LTRENDIDX","M","1991-03",99.49783,
"ITA","BCI","AMPLITUD","LTRENDIDX","M","1991-04",99.61179,
"ITA","BCI","AMPLITUD","LTRENDIDX","M","1991-05",99.65561,
"ITA","BCI","AMPLITUD","LTRENDIDX","M","1991-06",99.684,
"ITA","BCI","AMPLITUD","LTRENDIDX","M","1991-07",99.73033,
"ITA","BCI","AMPLITUD","LTRENDIDX","M","1991-08",99.67468,
"ITA","BCI","AMPLITUD","LTRENDIDX","M","1991-09",99.5393,
"ITA","BCI","AMPLITUD","LTRENDIDX","M","1991-10",99.44065,
"ITA","BCI","AMPLITUD","LTRENDIDX","M","1991-11",99.352,
"ITA","BCI","AMPLITUD","LTRENDIDX","M","1991-12",99.2952,
"ITA","BCI","AMPLITUD","LTRENDIDX","M","1992-01",99.3362,
"ITA","BCI","AMPLITUD","LTRENDIDX","M","1992-02",99.43466,
"ITA","BCI","AMPLITUD","LTRENDIDX","M","1992-03",99.52722,
"ITA","BCI","AMPLITUD","LTRENDIDX","M","1992-04",99.56373,
"ITA","BCI","AMPLITUD","LTRENDIDX","M","1992-05",99.54927,
"ITA","BCI","AMPLITUD","LTRENDIDX","M","1992-06",99.43523,
"ITA","BCI","AMPLITUD","LTRENDIDX","M","1992-07",99.22691,
"ITA","BCI","AMPLITUD","LTRENDIDX","M","1992-08",99.01471,
"ITA","BCI","AMPLITUD","LTRENDIDX","M","1992-09",98.80964,
"ITA","BCI","AMPLITUD","LTRENDIDX","M","1992-10",98.70369,
"ITA","BCI","AMPLITUD","LTRENDIDX","M","1992-11",98.59847,
"ITA","BCI","AMPLITUD","LTRENDIDX","M","1992-12",98.46655,
"ITA","BCI","AMPLITUD","LTRENDIDX","M","1993-01",98.42558,
"ITA","BCI","AMPLITUD","LTRENDIDX","M","1993-02",98.46628,
"ITA","BCI","AMPLITUD","LTRENDIDX","M","1993-03",98.51411,
"ITA","BCI","AMPLITUD","LTRENDIDX","M","1993-04",98.50253,
"ITA","BCI","AMPLITUD","LTRENDIDX","M","1993-05",98.5116,
"ITA","BCI","AMPLITUD","LTRENDIDX","M","1993-06",98.53097,
"ITA","BCI","AMPLITUD","LTRENDIDX","M","1993-07",98.5647,
"ITA","BCI","AMPLITUD","LTRENDIDX","M","1993-08",98.64307,
"ITA","BCI","AMPLITUD","LTRENDIDX","M","1993-09",98.83016,
"ITA","BCI","AMPLITUD","LTRENDIDX","M","1993-10",99.06269,
"ITA","BCI","AMPLITUD","LTRENDIDX","M","1993-11",99.30471,
"ITA","BCI","AMPLITUD","LTRENDIDX","M","1993-12",99.46008,
"ITA","BCI","AMPLITUD","LTRENDIDX","M","1994-01",99.65862,
"ITA","BCI","AMPLITUD","LTRENDIDX","M","1994-02",99.90402,
"ITA","BCI","AMPLITUD","LTRENDIDX","M","1994-03",100.1031,
"ITA","BCI","AMPLITUD","LTRENDIDX","M","1994-04",100.2866,
"ITA","BCI","AMPLITUD","LTRENDIDX","M","1994-05",100.4719,
"ITA","BCI","AMPLITUD","LTRENDIDX","M","1994-06",100.7081,
"ITA","BCI","AMPLITUD","LTRENDIDX","M","1994-07",101.0139,
"ITA","BCI","AMPLITUD","LTRENDIDX","M","1994-08",101.2981,
"ITA","BCI","AMPLITUD","LTRENDIDX","M","1994-09",101.56,
"ITA","BCI","AMPLITUD","LTRENDIDX","M","1994-10",101.7822,
"ITA","BCI","AMPLITUD","LTRENDIDX","M","1994-11",101.9479,
"ITA","BCI","AMPLITUD","LTRENDIDX","M","1994-12",102.0572,
"ITA","BCI","AMPLITUD","LTRENDIDX","M","1995-01",102.0749,
"ITA","BCI","AMPLITUD","LTRENDIDX","M","1995-02",102.0705,
"ITA","BCI","AMPLITUD","LTRENDIDX","M","1995-03",101.9925,
"ITA","BCI","AMPLITUD","LTRENDIDX","M","1995-04",101.9323,
"ITA","BCI","AMPLITUD","LTRENDIDX","M","1995-05",101.9221,
"ITA","BCI","AMPLITUD","LTRENDIDX","M","1995-06",101.9439,
"ITA","BCI","AMPLITUD","LTRENDIDX","M","1995-07",101.8978,
"ITA","BCI","AMPLITUD","LTRENDIDX","M","1995-08",101.7254,
"ITA","BCI","AMPLITUD","LTRENDIDX","M","1995-09",101.4972,
"ITA","BCI","AMPLITUD","LTRENDIDX","M","1995-10",101.2329,
"ITA","BCI","AMPLITUD","LTRENDIDX","M","1995-11",101.0055,
"ITA","BCI","AMPLITUD","LTRENDIDX","M","1995-12",100.8529,
"ITA","BCI","AMPLITUD","LTRENDIDX","M","1996-01",100.592,
"ITA","BCI","AMPLITUD","LTRENDIDX","M","1996-02",100.1878,
"ITA","BCI","AMPLITUD","LTRENDIDX","M","1996-03",99.85952,
"ITA","BCI","AMPLITUD","LTRENDIDX","M","1996-04",99.65593,
"ITA","BCI","AMPLITUD","LTRENDIDX","M","1996-05",99.54565,
"ITA","BCI","AMPLITUD","LTRENDIDX","M","1996-06",99.48597,
"ITA","BCI","AMPLITUD","LTRENDIDX","M","1996-07",99.41927,
"ITA","BCI","AMPLITUD","LTRENDIDX","M","1996-08",99.36371,
"ITA","BCI","AMPLITUD","LTRENDIDX","M","1996-09",99.33495,
"ITA","BCI","AMPLITUD","LTRENDIDX","M","1996-10",99.31888,
"ITA","BCI","AMPLITUD","LTRENDIDX","M","1996-11",99.31071,
"ITA","BCI","AMPLITUD","LTRENDIDX","M","1996-12",99.44496,
"ITA","BCI","AMPLITUD","LTRENDIDX","M","1997-01",99.67226,
"ITA","BCI","AMPLITUD","LTRENDIDX","M","1997-02",99.77002,
"ITA","BCI","AMPLITUD","LTRENDIDX","M","1997-03",99.82982,
"ITA","BCI","AMPLITUD","LTRENDIDX","M","1997-04",99.96287,
"ITA","BCI","AMPLITUD","LTRENDIDX","M","1997-05",100.1884,
"ITA","BCI","AMPLITUD","LTRENDIDX","M","1997-06",100.4456,
"ITA","BCI","AMPLITUD","LTRENDIDX","M","1997-07",100.6686,
"ITA","BCI","AMPLITUD","LTRENDIDX","M","1997-08",100.7982,
"ITA","BCI","AMPLITUD","LTRENDIDX","M","1997-09",100.9219,
"ITA","BCI","AMPLITUD","LTRENDIDX","M","1997-10",100.9675,
"ITA","BCI","AMPLITUD","LTRENDIDX","M","1997-11",100.9841,
"ITA","BCI","AMPLITUD","LTRENDIDX","M","1997-12",101.0443,
"ITA","BCI","AMPLITUD","LTRENDIDX","M","1998-01",101.1759,
"ITA","BCI","AMPLITUD","LTRENDIDX","M","1998-02",101.2708,
"ITA","BCI","AMPLITUD","LTRENDIDX","M","1998-03",101.2842,
"ITA","BCI","AMPLITUD","LTRENDIDX","M","1998-04",101.2132,
"ITA","BCI","AMPLITUD","LTRENDIDX","M","1998-05",101.0826,
"ITA","BCI","AMPLITUD","LTRENDIDX","M","1998-06",100.9537,
"ITA","BCI","AMPLITUD","LTRENDIDX","M","1998-07",100.7865,
"ITA","BCI","AMPLITUD","LTRENDIDX","M","1998-08",100.5675,
"ITA","BCI","AMPLITUD","LTRENDIDX","M","1998-09",100.2705,
"ITA","BCI","AMPLITUD","LTRENDIDX","M","1998-10",100.0443,
"ITA","BCI","AMPLITUD","LTRENDIDX","M","1998-11",99.98161,
"ITA","BCI","AMPLITUD","LTRENDIDX","M","1998-12",99.88921,
"ITA","BCI","AMPLITUD","LTRENDIDX","M","1999-01",99.79634,
"ITA","BCI","AMPLITUD","LTRENDIDX","M","1999-02",99.76723,
"ITA","BCI","AMPLITUD","LTRENDIDX","M","1999-03",99.82838,
"ITA","BCI","AMPLITUD","LTRENDIDX","M","1999-04",99.91472,
"ITA","BCI","AMPLITUD","LTRENDIDX","M","1999-05",100.1193,
"ITA","BCI","AMPLITUD","LTRENDIDX","M","1999-06",100.3478,
"ITA","BCI","AMPLITUD","LTRENDIDX","M","1999-07",100.4975,
"ITA","BCI","AMPLITUD","LTRENDIDX","M","1999-08",100.6635,
"ITA","BCI","AMPLITUD","LTRENDIDX","M","1999-09",100.8649,
"ITA","BCI","AMPLITUD","LTRENDIDX","M","1999-10",101.0547,
"ITA","BCI","AMPLITUD","LTRENDIDX","M","1999-11",101.2292,
"ITA","BCI","AMPLITUD","LTRENDIDX","M","1999-12",101.3831,
"ITA","BCI","AMPLITUD","LTRENDIDX","M","2000-01",101.5217,
"ITA","BCI","AMPLITUD","LTRENDIDX","M","2000-02",101.6623,
"ITA","BCI","AMPLITUD","LTRENDIDX","M","2000-03",101.799,
"ITA","BCI","AMPLITUD","LTRENDIDX","M","2000-04",101.8864,
"ITA","BCI","AMPLITUD","LTRENDIDX","M","2000-05",101.9311,
"ITA","BCI","AMPLITUD","LTRENDIDX","M","2000-06",101.883,
"ITA","BCI","AMPLITUD","LTRENDIDX","M","2000-07",101.8295,
"ITA","BCI","AMPLITUD","LTRENDIDX","M","2000-08",101.8151,
"ITA","BCI","AMPLITUD","LTRENDIDX","M","2000-09",101.833,
"ITA","BCI","AMPLITUD","LTRENDIDX","M","2000-10",101.798,
"ITA","BCI","AMPLITUD","LTRENDIDX","M","2000-11",101.7258,
"ITA","BCI","AMPLITUD","LTRENDIDX","M","2000-12",101.5809,
"ITA","BCI","AMPLITUD","LTRENDIDX","M","2001-01",101.3285,
"ITA","BCI","AMPLITUD","LTRENDIDX","M","2001-02",101.0693,
"ITA","BCI","AMPLITUD","LTRENDIDX","M","2001-03",100.8666,
"ITA","BCI","AMPLITUD","LTRENDIDX","M","2001-04",100.7677,
"ITA","BCI","AMPLITUD","LTRENDIDX","M","2001-05",100.7063,
"ITA","BCI","AMPLITUD","LTRENDIDX","M","2001-06",100.5804,
"ITA","BCI","AMPLITUD","LTRENDIDX","M","2001-07",100.4279,
"ITA","BCI","AMPLITUD","LTRENDIDX","M","2001-08",100.2414,
"ITA","BCI","AMPLITUD","LTRENDIDX","M","2001-09",99.93489,
"ITA","BCI","AMPLITUD","LTRENDIDX","M","2001-10",99.73674,
"ITA","BCI","AMPLITUD","LTRENDIDX","M","2001-11",99.73016,
"ITA","BCI","AMPLITUD","LTRENDIDX","M","2001-12",99.85449,
"ITA","BCI","AMPLITUD","LTRENDIDX","M","2002-01",100.036,
"ITA","BCI","AMPLITUD","LTRENDIDX","M","2002-02",100.3122,
"ITA","BCI","AMPLITUD","LTRENDIDX","M","2002-03",100.4949,
"ITA","BCI","AMPLITUD","LTRENDIDX","M","2002-04",100.5571,
"ITA","BCI","AMPLITUD","LTRENDIDX","M","2002-05",100.543,
"ITA","BCI","AMPLITUD","LTRENDIDX","M","2002-06",100.4338,
"ITA","BCI","AMPLITUD","LTRENDIDX","M","2002-07",100.3586,
"ITA","BCI","AMPLITUD","LTRENDIDX","M","2002-08",100.4232,
"ITA","BCI","AMPLITUD","LTRENDIDX","M","2002-09",100.6208,
"ITA","BCI","AMPLITUD","LTRENDIDX","M","2002-10",100.6835,
"ITA","BCI","AMPLITUD","LTRENDIDX","M","2002-11",100.6412,
"ITA","BCI","AMPLITUD","LTRENDIDX","M","2002-12",100.562,
"ITA","BCI","AMPLITUD","LTRENDIDX","M","2003-01",100.5637,
"ITA","BCI","AMPLITUD","LTRENDIDX","M","2003-02",100.5508,
"ITA","BCI","AMPLITUD","LTRENDIDX","M","2003-03",100.4824,
"ITA","BCI","AMPLITUD","LTRENDIDX","M","2003-04",100.3642,
"ITA","BCI","AMPLITUD","LTRENDIDX","M","2003-05",100.2133,
"ITA","BCI","AMPLITUD","LTRENDIDX","M","2003-06",100.1043,
"ITA","BCI","AMPLITUD","LTRENDIDX","M","2003-07",100.0711,
"ITA","BCI","AMPLITUD","LTRENDIDX","M","2003-08",100.2372,
"ITA","BCI","AMPLITUD","LTRENDIDX","M","2003-09",100.4234,
"ITA","BCI","AMPLITUD","LTRENDIDX","M","2003-10",100.5214,
"ITA","BCI","AMPLITUD","LTRENDIDX","M","2003-11",100.4723,
"ITA","BCI","AMPLITUD","LTRENDIDX","M","2003-12",100.3141,
"ITA","BCI","AMPLITUD","LTRENDIDX","M","2004-01",100.2103,
"ITA","BCI","AMPLITUD","LTRENDIDX","M","2004-02",100.2033,
"ITA","BCI","AMPLITUD","LTRENDIDX","M","2004-03",100.2883,
"ITA","BCI","AMPLITUD","LTRENDIDX","M","2004-04",100.4193,
"ITA","BCI","AMPLITUD","LTRENDIDX","M","2004-05",100.4866,
"ITA","BCI","AMPLITUD","LTRENDIDX","M","2004-06",100.5382,
"ITA","BCI","AMPLITUD","LTRENDIDX","M","2004-07",100.5776,
"ITA","BCI","AMPLITUD","LTRENDIDX","M","2004-08",100.6259,
"ITA","BCI","AMPLITUD","LTRENDIDX","M","2004-09",100.6519,
"ITA","BCI","AMPLITUD","LTRENDIDX","M","2004-10",100.6578,
"ITA","BCI","AMPLITUD","LTRENDIDX","M","2004-11",100.5711,
"ITA","BCI","AMPLITUD","LTRENDIDX","M","2004-12",100.445,
"ITA","BCI","AMPLITUD","LTRENDIDX","M","2005-01",100.3179,
"ITA","BCI","AMPLITUD","LTRENDIDX","M","2005-02",100.1734,
"ITA","BCI","AMPLITUD","LTRENDIDX","M","2005-03",100.0264,
"ITA","BCI","AMPLITUD","LTRENDIDX","M","2005-04",99.90132,
"ITA","BCI","AMPLITUD","LTRENDIDX","M","2005-05",99.85526,
"ITA","BCI","AMPLITUD","LTRENDIDX","M","2005-06",99.90609,
"ITA","BCI","AMPLITUD","LTRENDIDX","M","2005-07",100.0682,
"ITA","BCI","AMPLITUD","LTRENDIDX","M","2005-08",100.2707,
"ITA","BCI","AMPLITUD","LTRENDIDX","M","2005-09",100.4228,
"ITA","BCI","AMPLITUD","LTRENDIDX","M","2005-10",100.5227,
"ITA","BCI","AMPLITUD","LTRENDIDX","M","2005-11",100.5875,
"ITA","BCI","AMPLITUD","LTRENDIDX","M","2005-12",100.6683,
"ITA","BCI","AMPLITUD","LTRENDIDX","M","2006-01",100.7737,
"ITA","BCI","AMPLITUD","LTRENDIDX","M","2006-02",100.8835,
"ITA","BCI","AMPLITUD","LTRENDIDX","M","2006-03",101.029,
"ITA","BCI","AMPLITUD","LTRENDIDX","M","2006-04",101.1935,
"ITA","BCI","AMPLITUD","LTRENDIDX","M","2006-05",101.3123,
"ITA","BCI","AMPLITUD","LTRENDIDX","M","2006-06",101.3875,
"ITA","BCI","AMPLITUD","LTRENDIDX","M","2006-07",101.3588,
"ITA","BCI","AMPLITUD","LTRENDIDX","M","2006-08",101.308,
"ITA","BCI","AMPLITUD","LTRENDIDX","M","2006-09",101.2911,
"ITA","BCI","AMPLITUD","LTRENDIDX","M","2006-10",101.2852,
"ITA","BCI","AMPLITUD","LTRENDIDX","M","2006-11",101.2577,
"ITA","BCI","AMPLITUD","LTRENDIDX","M","2006-12",101.244,
"ITA","BCI","AMPLITUD","LTRENDIDX","M","2007-01",101.2309,
"ITA","BCI","AMPLITUD","LTRENDIDX","M","2007-02",101.2831,
"ITA","BCI","AMPLITUD","LTRENDIDX","M","2007-03",101.3814,
"ITA","BCI","AMPLITUD","LTRENDIDX","M","2007-04",101.4524,
"ITA","BCI","AMPLITUD","LTRENDIDX","M","2007-05",101.4262,
"ITA","BCI","AMPLITUD","LTRENDIDX","M","2007-06",101.3202,
"ITA","BCI","AMPLITUD","LTRENDIDX","M","2007-07",101.1935,
"ITA","BCI","AMPLITUD","LTRENDIDX","M","2007-08",101.0658,
"ITA","BCI","AMPLITUD","LTRENDIDX","M","2007-09",100.9408,
"ITA","BCI","AMPLITUD","LTRENDIDX","M","2007-10",100.8615,
"ITA","BCI","AMPLITUD","LTRENDIDX","M","2007-11",100.8173,
"ITA","BCI","AMPLITUD","LTRENDIDX","M","2007-12",100.7825,
"ITA","BCI","AMPLITUD","LTRENDIDX","M","2008-01",100.7186,
"ITA","BCI","AMPLITUD","LTRENDIDX","M","2008-02",100.6193,
"ITA","BCI","AMPLITUD","LTRENDIDX","M","2008-03",100.5028,
"ITA","BCI","AMPLITUD","LTRENDIDX","M","2008-04",100.4063,
"ITA","BCI","AMPLITUD","LTRENDIDX","M","2008-05",100.3794,
"ITA","BCI","AMPLITUD","LTRENDIDX","M","2008-06",100.2999,
"ITA","BCI","AMPLITUD","LTRENDIDX","M","2008-07",100.1606,
"ITA","BCI","AMPLITUD","LTRENDIDX","M","2008-08",99.98234,
"ITA","BCI","AMPLITUD","LTRENDIDX","M","2008-09",99.69461,
"ITA","BCI","AMPLITUD","LTRENDIDX","M","2008-10",99.23107,
"ITA","BCI","AMPLITUD","LTRENDIDX","M","2008-11",98.65145,
"ITA","BCI","AMPLITUD","LTRENDIDX","M","2008-12",98.12866,
"ITA","BCI","AMPLITUD","LTRENDIDX","M","2009-01",97.76205,
"ITA","BCI","AMPLITUD","LTRENDIDX","M","2009-02",97.50971,
"ITA","BCI","AMPLITUD","LTRENDIDX","M","2009-03",97.42061,
"ITA","BCI","AMPLITUD","LTRENDIDX","M","2009-04",97.57605,
"ITA","BCI","AMPLITUD","LTRENDIDX","M","2009-05",97.81638,
"ITA","BCI","AMPLITUD","LTRENDIDX","M","2009-06",98.03088,
"ITA","BCI","AMPLITUD","LTRENDIDX","M","2009-07",98.24883,
"ITA","BCI","AMPLITUD","LTRENDIDX","M","2009-08",98.4665,
"ITA","BCI","AMPLITUD","LTRENDIDX","M","2009-09",98.65697,
"ITA","BCI","AMPLITUD","LTRENDIDX","M","2009-10",98.87365,
"ITA","BCI","AMPLITUD","LTRENDIDX","M","2009-11",99.12185,
"ITA","BCI","AMPLITUD","LTRENDIDX","M","2009-12",99.38036,
"ITA","BCI","AMPLITUD","LTRENDIDX","M","2010-01",99.62257,
"ITA","BCI","AMPLITUD","LTRENDIDX","M","2010-02",99.79609,
"ITA","BCI","AMPLITUD","LTRENDIDX","M","2010-03",99.91207,
"ITA","BCI","AMPLITUD","LTRENDIDX","M","2010-04",100.027,
"ITA","BCI","AMPLITUD","LTRENDIDX","M","2010-05",100.1577,
"ITA","BCI","AMPLITUD","LTRENDIDX","M","2010-06",100.2702,
"ITA","BCI","AMPLITUD","LTRENDIDX","M","2010-07",100.3767,
"ITA","BCI","AMPLITUD","LTRENDIDX","M","2010-08",100.4334,
"ITA","BCI","AMPLITUD","LTRENDIDX","M","2010-09",100.4932,
"ITA","BCI","AMPLITUD","LTRENDIDX","M","2010-10",100.628,
"ITA","BCI","AMPLITUD","LTRENDIDX","M","2010-11",100.8068,
"ITA","BCI","AMPLITUD","LTRENDIDX","M","2010-12",100.9784,
"ITA","BCI","AMPLITUD","LTRENDIDX","M","2011-01",101.0586,
"ITA","BCI","AMPLITUD","LTRENDIDX","M","2011-02",101.0379,
"ITA","BCI","AMPLITUD","LTRENDIDX","M","2011-03",100.9841,
"ITA","BCI","AMPLITUD","LTRENDIDX","M","2011-04",100.8873,
"ITA","BCI","AMPLITUD","LTRENDIDX","M","2011-05",100.7444,
"ITA","BCI","AMPLITUD","LTRENDIDX","M","2011-06",100.5732,
"ITA","BCI","AMPLITUD","LTRENDIDX","M","2011-07",100.3688,
"ITA","BCI","AMPLITUD","LTRENDIDX","M","2011-08",100.1405,
"ITA","BCI","AMPLITUD","LTRENDIDX","M","2011-09",99.89816,
"ITA","BCI","AMPLITUD","LTRENDIDX","M","2011-10",99.77743,
"ITA","BCI","AMPLITUD","LTRENDIDX","M","2011-11",99.73283,
"ITA","BCI","AMPLITUD","LTRENDIDX","M","2011-12",99.66901,
"ITA","BCI","AMPLITUD","LTRENDIDX","M","2012-01",99.61988,
"ITA","BCI","AMPLITUD","LTRENDIDX","M","2012-02",99.55356,
"ITA","BCI","AMPLITUD","LTRENDIDX","M","2012-03",99.44218,
"ITA","BCI","AMPLITUD","LTRENDIDX","M","2012-04",99.24541,
"ITA","BCI","AMPLITUD","LTRENDIDX","M","2012-05",99.05288,
"ITA","BCI","AMPLITUD","LTRENDIDX","M","2012-06",99.00126,
"ITA","BCI","AMPLITUD","LTRENDIDX","M","2012-07",98.949,
"ITA","BCI","AMPLITUD","LTRENDIDX","M","2012-08",98.91113,
"ITA","BCI","AMPLITUD","LTRENDIDX","M","2012-09",98.89401,
"ITA","BCI","AMPLITUD","LTRENDIDX","M","2012-10",98.91255,
"ITA","BCI","AMPLITUD","LTRENDIDX","M","2012-11",99.00722,
"ITA","BCI","AMPLITUD","LTRENDIDX","M","2012-12",99.09095,
"ITA","BCI","AMPLITUD","LTRENDIDX","M","2013-01",99.11338,
"ITA","BCI","AMPLITUD","LTRENDIDX","M","2013-02",99.13246,
"ITA","BCI","AMPLITUD","LTRENDIDX","M","2013-03",99.13669,
"ITA","BCI","AMPLITUD","LTRENDIDX","M","2013-04",99.12957,
"ITA","BCI","AMPLITUD","LTRENDIDX","M","2013-05",99.19794,
"ITA","BCI","AMPLITUD","LTRENDIDX","M","2013-06",99.36366,
"ITA","BCI","AMPLITUD","LTRENDIDX","M","2013-07",99.56714,
"ITA","BCI","AMPLITUD","LTRENDIDX","M","2013-08",99.77074,
"ITA","BCI","AMPLITUD","LTRENDIDX","M","2013-09",99.9937,
"ITA","BCI","AMPLITUD","LTRENDIDX","M","2013-10",100.1601,
"ITA","BCI","AMPLITUD","LTRENDIDX","M","2013-11",100.3216,
"ITA","BCI","AMPLITUD","LTRENDIDX","M","2013-12",100.4076,
"ITA","BCI","AMPLITUD","LTRENDIDX","M","2014-01",100.4374,
"ITA","BCI","AMPLITUD","LTRENDIDX","M","2014-02",100.4748,
"ITA","BCI","AMPLITUD","LTRENDIDX","M","2014-03",100.5162,
"ITA","BCI","AMPLITUD","LTRENDIDX","M","2014-04",100.5352,
"ITA","BCI","AMPLITUD","LTRENDIDX","M","2014-05",100.5044,
"ITA","BCI","AMPLITUD","LTRENDIDX","M","2014-06",100.4478,
"ITA","BCI","AMPLITUD","LTRENDIDX","M","2014-07",100.3587,
"ITA","BCI","AMPLITUD","LTRENDIDX","M","2014-08",100.2349,
"ITA","BCI","AMPLITUD","LTRENDIDX","M","2014-09",100.1885,
"ITA","BCI","AMPLITUD","LTRENDIDX","M","2014-10",100.1973,
"ITA","BCI","AMPLITUD","LTRENDIDX","M","2014-11",100.2129,
"ITA","BCI","AMPLITUD","LTRENDIDX","M","2014-12",100.2247,
"ITA","BCI","AMPLITUD","LTRENDIDX","M","2015-01",100.2648,
"ITA","BCI","AMPLITUD","LTRENDIDX","M","2015-02",100.3652,
"ITA","BCI","AMPLITUD","LTRENDIDX","M","2015-03",100.5074,
"ITA","BCI","AMPLITUD","LTRENDIDX","M","2015-04",100.5946,
"ITA","BCI","AMPLITUD","LTRENDIDX","M","2015-05",100.6199,
"ITA","BCI","AMPLITUD","LTRENDIDX","M","2015-06",100.6106,
"ITA","BCI","AMPLITUD","LTRENDIDX","M","2015-07",100.5923,
"ITA","BCI","AMPLITUD","LTRENDIDX","M","2015-08",100.5878,
"ITA","BCI","AMPLITUD","LTRENDIDX","M","2015-09",100.6354,
"ITA","BCI","AMPLITUD","LTRENDIDX","M","2015-10",100.6796,
"ITA","BCI","AMPLITUD","LTRENDIDX","M","2015-11",100.6475,
"ITA","BCI","AMPLITUD","LTRENDIDX","M","2015-12",100.5811,
"ITA","BCI","AMPLITUD","LTRENDIDX","M","2016-01",100.5033,
"ITA","BCI","AMPLITUD","LTRENDIDX","M","2016-02",100.4434,
"ITA","BCI","AMPLITUD","LTRENDIDX","M","2016-03",100.4313,
"ITA","BCI","AMPLITUD","LTRENDIDX","M","2016-04",100.4544,
"ITA","BCI","AMPLITUD","LTRENDIDX","M","2016-05",100.48,
"ITA","BCI","AMPLITUD","LTRENDIDX","M","2016-06",100.494,
"ITA","BCI","AMPLITUD","LTRENDIDX","M","2016-07",100.486,
"ITA","BCI","AMPLITUD","LTRENDIDX","M","2016-08",100.4454,
"ITA","BCI","AMPLITUD","LTRENDIDX","M","2016-09",100.4317,
"ITA","BCI","AMPLITUD","LTRENDIDX","M","2016-10",100.4494,
"ITA","BCI","AMPLITUD","LTRENDIDX","M","2016-11",100.472,
"ITA","BCI","AMPLITUD","LTRENDIDX","M","2016-12",100.5486,
"ITA","BCI","AMPLITUD","LTRENDIDX","M","2017-01",100.657,
"ITA","BCI","AMPLITUD","LTRENDIDX","M","2017-02",100.762,
"ITA","BCI","AMPLITUD","LTRENDIDX","M","2017-03",100.841,
"ITA","BCI","AMPLITUD","LTRENDIDX","M","2017-04",100.8937,
"ITA","BCI","AMPLITUD","LTRENDIDX","M","2017-05",100.9141,
"ITA","BCI","AMPLITUD","LTRENDIDX","M","2017-06",100.9318,
"ITA","BCI","AMPLITUD","LTRENDIDX","M","2017-07",100.9599,
"FIN","BCI","AMPLITUD","LTRENDIDX","M","1993-01",96.56522,
"FIN","BCI","AMPLITUD","LTRENDIDX","M","1993-02",97.40472,
"FIN","BCI","AMPLITUD","LTRENDIDX","M","1993-03",98.27785,
"FIN","BCI","AMPLITUD","LTRENDIDX","M","1993-04",99.18314,
"FIN","BCI","AMPLITUD","LTRENDIDX","M","1993-05",99.72942,
"FIN","BCI","AMPLITUD","LTRENDIDX","M","1993-06",99.80167,
"FIN","BCI","AMPLITUD","LTRENDIDX","M","1993-07",99.72607,
"FIN","BCI","AMPLITUD","LTRENDIDX","M","1993-08",99.78275,
"FIN","BCI","AMPLITUD","LTRENDIDX","M","1993-09",100.148,
"FIN","BCI","AMPLITUD","LTRENDIDX","M","1993-10",100.66,
"FIN","BCI","AMPLITUD","LTRENDIDX","M","1993-11",101.016,
"FIN","BCI","AMPLITUD","LTRENDIDX","M","1993-12",101.1209,
"FIN","BCI","AMPLITUD","LTRENDIDX","M","1994-01",101.3087,
"FIN","BCI","AMPLITUD","LTRENDIDX","M","1994-02",101.5706,
"FIN","BCI","AMPLITUD","LTRENDIDX","M","1994-03",101.9009,
"FIN","BCI","AMPLITUD","LTRENDIDX","M","1994-04",102.1687,
"FIN","BCI","AMPLITUD","LTRENDIDX","M","1994-05",102.3356,
"FIN","BCI","AMPLITUD","LTRENDIDX","M","1994-06",102.5732,
"FIN","BCI","AMPLITUD","LTRENDIDX","M","1994-07",102.9634,
"FIN","BCI","AMPLITUD","LTRENDIDX","M","1994-08",103.2897,
"FIN","BCI","AMPLITUD","LTRENDIDX","M","1994-09",103.6254,
"FIN","BCI","AMPLITUD","LTRENDIDX","M","1994-10",104.0668,
"FIN","BCI","AMPLITUD","LTRENDIDX","M","1994-11",104.16,
"FIN","BCI","AMPLITUD","LTRENDIDX","M","1994-12",103.8976,
"FIN","BCI","AMPLITUD","LTRENDIDX","M","1995-01",103.5511,
"FIN","BCI","AMPLITUD","LTRENDIDX","M","1995-02",103.1919,
"FIN","BCI","AMPLITUD","LTRENDIDX","M","1995-03",103.0683,
"FIN","BCI","AMPLITUD","LTRENDIDX","M","1995-04",103.1192,
"FIN","BCI","AMPLITUD","LTRENDIDX","M","1995-05",102.8164,
"FIN","BCI","AMPLITUD","LTRENDIDX","M","1995-06",102.1215,
"FIN","BCI","AMPLITUD","LTRENDIDX","M","1995-07",101.27,
"FIN","BCI","AMPLITUD","LTRENDIDX","M","1995-08",100.5176,
"FIN","BCI","AMPLITUD","LTRENDIDX","M","1995-09",99.90993,
"FIN","BCI","AMPLITUD","LTRENDIDX","M","1995-10",99.33837,
"FIN","BCI","AMPLITUD","LTRENDIDX","M","1995-11",98.55478,
"FIN","BCI","AMPLITUD","LTRENDIDX","M","1995-12",97.8913,
"FIN","BCI","AMPLITUD","LTRENDIDX","M","1996-01",97.33963,
"FIN","BCI","AMPLITUD","LTRENDIDX","M","1996-02",97.14036,
"FIN","BCI","AMPLITUD","LTRENDIDX","M","1996-03",97.11936,
"FIN","BCI","AMPLITUD","LTRENDIDX","M","1996-04",97.33171,
"FIN","BCI","AMPLITUD","LTRENDIDX","M","1996-05",97.50465,
"FIN","BCI","AMPLITUD","LTRENDIDX","M","1996-06",97.67001,
"FIN","BCI","AMPLITUD","LTRENDIDX","M","1996-07",98.00614,
"FIN","BCI","AMPLITUD","LTRENDIDX","M","1996-08",98.68729,
"FIN","BCI","AMPLITUD","LTRENDIDX","M","1996-09",99.3697,
"FIN","BCI","AMPLITUD","LTRENDIDX","M","1996-10",100.0369,
"FIN","BCI","AMPLITUD","LTRENDIDX","M","1996-11",100.4656,
"FIN","BCI","AMPLITUD","LTRENDIDX","M","1996-12",100.6254,
"FIN","BCI","AMPLITUD","LTRENDIDX","M","1997-01",100.4578,
"FIN","BCI","AMPLITUD","LTRENDIDX","M","1997-02",100.6795,
"FIN","BCI","AMPLITUD","LTRENDIDX","M","1997-03",101.1274,
"FIN","BCI","AMPLITUD","LTRENDIDX","M","1997-04",101.5294,
"FIN","BCI","AMPLITUD","LTRENDIDX","M","1997-05",101.9461,
"FIN","BCI","AMPLITUD","LTRENDIDX","M","1997-06",102.1613,
"FIN","BCI","AMPLITUD","LTRENDIDX","M","1997-07",102.095,
"FIN","BCI","AMPLITUD","LTRENDIDX","M","1997-08",102.2553,
"FIN","BCI","AMPLITUD","LTRENDIDX","M","1997-09",102.3969,
"FIN","BCI","AMPLITUD","LTRENDIDX","M","1997-10",102.5609,
"FIN","BCI","AMPLITUD","LTRENDIDX","M","1997-11",102.8595,
"FIN","BCI","AMPLITUD","LTRENDIDX","M","1997-12",103.0447,
"FIN","BCI","AMPLITUD","LTRENDIDX","M","1998-01",102.803,
"FIN","BCI","AMPLITUD","LTRENDIDX","M","1998-02",102.3853,
"FIN","BCI","AMPLITUD","LTRENDIDX","M","1998-03",101.8997,
"FIN","BCI","AMPLITUD","LTRENDIDX","M","1998-04",101.4924,
"FIN","BCI","AMPLITUD","LTRENDIDX","M","1998-05",101.1663,
"FIN","BCI","AMPLITUD","LTRENDIDX","M","1998-06",100.9365,
"FIN","BCI","AMPLITUD","LTRENDIDX","M","1998-07",100.578,
"FIN","BCI","AMPLITUD","LTRENDIDX","M","1998-08",100.0486,
"FIN","BCI","AMPLITUD","LTRENDIDX","M","1998-09",99.29861,
"FIN","BCI","AMPLITUD","LTRENDIDX","M","1998-10",98.57857,
"FIN","BCI","AMPLITUD","LTRENDIDX","M","1998-11",98.06229,
"FIN","BCI","AMPLITUD","LTRENDIDX","M","1998-12",97.91507,
"FIN","BCI","AMPLITUD","LTRENDIDX","M","1999-01",97.97999,
"FIN","BCI","AMPLITUD","LTRENDIDX","M","1999-02",98.11774,
"FIN","BCI","AMPLITUD","LTRENDIDX","M","1999-03",98.3641,
"FIN","BCI","AMPLITUD","LTRENDIDX","M","1999-04",98.77724,
"FIN","BCI","AMPLITUD","LTRENDIDX","M","1999-05",98.9099,
"FIN","BCI","AMPLITUD","LTRENDIDX","M","1999-06",99.11534,
"FIN","BCI","AMPLITUD","LTRENDIDX","M","1999-07",99.4514,
"FIN","BCI","AMPLITUD","LTRENDIDX","M","1999-08",99.89002,
"FIN","BCI","AMPLITUD","LTRENDIDX","M","1999-09",100.2924,
"FIN","BCI","AMPLITUD","LTRENDIDX","M","1999-10",100.7558,
"FIN","BCI","AMPLITUD","LTRENDIDX","M","1999-11",101.1669,
"FIN","BCI","AMPLITUD","LTRENDIDX","M","1999-12",101.5682,
"FIN","BCI","AMPLITUD","LTRENDIDX","M","2000-01",101.9543,
"FIN","BCI","AMPLITUD","LTRENDIDX","M","2000-02",102.3452,
"FIN","BCI","AMPLITUD","LTRENDIDX","M","2000-03",102.4886,
"FIN","BCI","AMPLITUD","LTRENDIDX","M","2000-04",102.5812,
"FIN","BCI","AMPLITUD","LTRENDIDX","M","2000-05",102.7392,
"FIN","BCI","AMPLITUD","LTRENDIDX","M","2000-06",102.936,
"FIN","BCI","AMPLITUD","LTRENDIDX","M","2000-07",103.0514,
"FIN","BCI","AMPLITUD","LTRENDIDX","M","2000-08",103.1197,
"FIN","BCI","AMPLITUD","LTRENDIDX","M","2000-09",103.0655,
"FIN","BCI","AMPLITUD","LTRENDIDX","M","2000-10",102.9472,
"FIN","BCI","AMPLITUD","LTRENDIDX","M","2000-11",102.6405,
"FIN","BCI","AMPLITUD","LTRENDIDX","M","2000-12",102.2084,
"FIN","BCI","AMPLITUD","LTRENDIDX","M","2001-01",101.5858,
"FIN","BCI","AMPLITUD","LTRENDIDX","M","2001-02",100.6263,
"FIN","BCI","AMPLITUD","LTRENDIDX","M","2001-03",99.82819,
"FIN","BCI","AMPLITUD","LTRENDIDX","M","2001-04",99.42673,
"FIN","BCI","AMPLITUD","LTRENDIDX","M","2001-05",99.22896,
"FIN","BCI","AMPLITUD","LTRENDIDX","M","2001-06",98.9707,
"FIN","BCI","AMPLITUD","LTRENDIDX","M","2001-07",98.58836,
"FIN","BCI","AMPLITUD","LTRENDIDX","M","2001-08",98.255,
"FIN","BCI","AMPLITUD","LTRENDIDX","M","2001-09",98.14005,
"FIN","BCI","AMPLITUD","LTRENDIDX","M","2001-10",98.17966,
"FIN","BCI","AMPLITUD","LTRENDIDX","M","2001-11",98.23596,
"FIN","BCI","AMPLITUD","LTRENDIDX","M","2001-12",98.33918,
"FIN","BCI","AMPLITUD","LTRENDIDX","M","2002-01",98.60158,
"FIN","BCI","AMPLITUD","LTRENDIDX","M","2002-02",98.90685,
"FIN","BCI","AMPLITUD","LTRENDIDX","M","2002-03",99.34418,
"FIN","BCI","AMPLITUD","LTRENDIDX","M","2002-04",99.48814,
"FIN","BCI","AMPLITUD","LTRENDIDX","M","2002-05",99.22092,
"FIN","BCI","AMPLITUD","LTRENDIDX","M","2002-06",99.16652,
"FIN","BCI","AMPLITUD","LTRENDIDX","M","2002-07",99.29802,
"FIN","BCI","AMPLITUD","LTRENDIDX","M","2002-08",99.46622,
"FIN","BCI","AMPLITUD","LTRENDIDX","M","2002-09",99.69794,
"FIN","BCI","AMPLITUD","LTRENDIDX","M","2002-10",99.65738,
"FIN","BCI","AMPLITUD","LTRENDIDX","M","2002-11",99.52579,
"FIN","BCI","AMPLITUD","LTRENDIDX","M","2002-12",99.09364,
"FIN","BCI","AMPLITUD","LTRENDIDX","M","2003-01",98.70731,
"FIN","BCI","AMPLITUD","LTRENDIDX","M","2003-02",98.79716,
"FIN","BCI","AMPLITUD","LTRENDIDX","M","2003-03",99.01898,
"FIN","BCI","AMPLITUD","LTRENDIDX","M","2003-04",99.11261,
"FIN","BCI","AMPLITUD","LTRENDIDX","M","2003-05",99.13957,
"FIN","BCI","AMPLITUD","LTRENDIDX","M","2003-06",99.03376,
"FIN","BCI","AMPLITUD","LTRENDIDX","M","2003-07",99.19695,
"FIN","BCI","AMPLITUD","LTRENDIDX","M","2003-08",99.40408,
"FIN","BCI","AMPLITUD","LTRENDIDX","M","2003-09",99.63312,
"FIN","BCI","AMPLITUD","LTRENDIDX","M","2003-10",99.68008,
"FIN","BCI","AMPLITUD","LTRENDIDX","M","2003-11",99.71541,
"FIN","BCI","AMPLITUD","LTRENDIDX","M","2003-12",99.76283,
"FIN","BCI","AMPLITUD","LTRENDIDX","M","2004-01",99.93072,
"FIN","BCI","AMPLITUD","LTRENDIDX","M","2004-02",100.1425,
"FIN","BCI","AMPLITUD","LTRENDIDX","M","2004-03",100.2945,
"FIN","BCI","AMPLITUD","LTRENDIDX","M","2004-04",100.3264,
"FIN","BCI","AMPLITUD","LTRENDIDX","M","2004-05",100.5575,
"FIN","BCI","AMPLITUD","LTRENDIDX","M","2004-06",101.0478,
"FIN","BCI","AMPLITUD","LTRENDIDX","M","2004-07",101.2626,
"FIN","BCI","AMPLITUD","LTRENDIDX","M","2004-08",101.1984,
"FIN","BCI","AMPLITUD","LTRENDIDX","M","2004-09",101.0485,
"FIN","BCI","AMPLITUD","LTRENDIDX","M","2004-10",100.9127,
"FIN","BCI","AMPLITUD","LTRENDIDX","M","2004-11",100.8277,
"FIN","BCI","AMPLITUD","LTRENDIDX","M","2004-12",100.7698,
"FIN","BCI","AMPLITUD","LTRENDIDX","M","2005-01",100.6806,
"FIN","BCI","AMPLITUD","LTRENDIDX","M","2005-02",100.6292,
"FIN","BCI","AMPLITUD","LTRENDIDX","M","2005-03",100.5002,
"FIN","BCI","AMPLITUD","LTRENDIDX","M","2005-04",100.3127,
"FIN","BCI","AMPLITUD","LTRENDIDX","M","2005-05",100.4528,
"FIN","BCI","AMPLITUD","LTRENDIDX","M","2005-06",101.046,
"FIN","BCI","AMPLITUD","LTRENDIDX","M","2005-07",101.5947,
"FIN","BCI","AMPLITUD","LTRENDIDX","M","2005-08",101.6745,
"FIN","BCI","AMPLITUD","LTRENDIDX","M","2005-09",101.6153,
"FIN","BCI","AMPLITUD","LTRENDIDX","M","2005-10",101.6217,
"FIN","BCI","AMPLITUD","LTRENDIDX","M","2005-11",101.5799,
"FIN","BCI","AMPLITUD","LTRENDIDX","M","2005-12",101.496,
"FIN","BCI","AMPLITUD","LTRENDIDX","M","2006-01",101.6562,
"FIN","BCI","AMPLITUD","LTRENDIDX","M","2006-02",101.8516,
"FIN","BCI","AMPLITUD","LTRENDIDX","M","2006-03",102.0177,
"FIN","BCI","AMPLITUD","LTRENDIDX","M","2006-04",102.232,
"FIN","BCI","AMPLITUD","LTRENDIDX","M","2006-05",102.4588,
"FIN","BCI","AMPLITUD","LTRENDIDX","M","2006-06",102.6462,
"FIN","BCI","AMPLITUD","LTRENDIDX","M","2006-07",102.6627,
"FIN","BCI","AMPLITUD","LTRENDIDX","M","2006-08",102.4943,
"FIN","BCI","AMPLITUD","LTRENDIDX","M","2006-09",102.4364,
"FIN","BCI","AMPLITUD","LTRENDIDX","M","2006-10",102.4909,
"FIN","BCI","AMPLITUD","LTRENDIDX","M","2006-11",102.543,
"FIN","BCI","AMPLITUD","LTRENDIDX","M","2006-12",102.6918,
"FIN","BCI","AMPLITUD","LTRENDIDX","M","2007-01",102.8873,
"FIN","BCI","AMPLITUD","LTRENDIDX","M","2007-02",103.1666,
"FIN","BCI","AMPLITUD","LTRENDIDX","M","2007-03",103.4437,
"FIN","BCI","AMPLITUD","LTRENDIDX","M","2007-04",103.5266,
"FIN","BCI","AMPLITUD","LTRENDIDX","M","2007-05",103.4477,
"FIN","BCI","AMPLITUD","LTRENDIDX","M","2007-06",103.1293,
"FIN","BCI","AMPLITUD","LTRENDIDX","M","2007-07",102.7734,
"FIN","BCI","AMPLITUD","LTRENDIDX","M","2007-08",102.4836,
"FIN","BCI","AMPLITUD","LTRENDIDX","M","2007-09",102.1914,
"FIN","BCI","AMPLITUD","LTRENDIDX","M","2007-10",102.0051,
"FIN","BCI","AMPLITUD","LTRENDIDX","M","2007-11",102.0427,
"FIN","BCI","AMPLITUD","LTRENDIDX","M","2007-12",102.0699,
"FIN","BCI","AMPLITUD","LTRENDIDX","M","2008-01",101.8326,
"FIN","BCI","AMPLITUD","LTRENDIDX","M","2008-02",101.2377,
"FIN","BCI","AMPLITUD","LTRENDIDX","M","2008-03",100.7678,
"FIN","BCI","AMPLITUD","LTRENDIDX","M","2008-04",100.5204,
"FIN","BCI","AMPLITUD","LTRENDIDX","M","2008-05",100.2921,
"FIN","BCI","AMPLITUD","LTRENDIDX","M","2008-06",99.81135,
"FIN","BCI","AMPLITUD","LTRENDIDX","M","2008-07",99.30767,
"FIN","BCI","AMPLITUD","LTRENDIDX","M","2008-08",98.77693,
"FIN","BCI","AMPLITUD","LTRENDIDX","M","2008-09",98.14431,
"FIN","BCI","AMPLITUD","LTRENDIDX","M","2008-10",97.23175,
"FIN","BCI","AMPLITUD","LTRENDIDX","M","2008-11",96.09425,
"FIN","BCI","AMPLITUD","LTRENDIDX","M","2008-12",95.33957,
"FIN","BCI","AMPLITUD","LTRENDIDX","M","2009-01",95.01299,
"FIN","BCI","AMPLITUD","LTRENDIDX","M","2009-02",94.75922,
"FIN","BCI","AMPLITUD","LTRENDIDX","M","2009-03",94.60839,
"FIN","BCI","AMPLITUD","LTRENDIDX","M","2009-04",94.66665,
"FIN","BCI","AMPLITUD","LTRENDIDX","M","2009-05",94.77789,
"FIN","BCI","AMPLITUD","LTRENDIDX","M","2009-06",94.96943,
"FIN","BCI","AMPLITUD","LTRENDIDX","M","2009-07",95.42967,
"FIN","BCI","AMPLITUD","LTRENDIDX","M","2009-08",95.93121,
"FIN","BCI","AMPLITUD","LTRENDIDX","M","2009-09",96.4822,
"FIN","BCI","AMPLITUD","LTRENDIDX","M","2009-10",97.01737,
"FIN","BCI","AMPLITUD","LTRENDIDX","M","2009-11",97.60298,
"FIN","BCI","AMPLITUD","LTRENDIDX","M","2009-12",98.30177,
"FIN","BCI","AMPLITUD","LTRENDIDX","M","2010-01",98.88371,
"FIN","BCI","AMPLITUD","LTRENDIDX","M","2010-02",99.37222,
"FIN","BCI","AMPLITUD","LTRENDIDX","M","2010-03",99.77341,
"FIN","BCI","AMPLITUD","LTRENDIDX","M","2010-04",100.1952,
"FIN","BCI","AMPLITUD","LTRENDIDX","M","2010-05",100.4758,
"FIN","BCI","AMPLITUD","LTRENDIDX","M","2010-06",100.4437,
"FIN","BCI","AMPLITUD","LTRENDIDX","M","2010-07",100.3333,
"FIN","BCI","AMPLITUD","LTRENDIDX","M","2010-08",100.3583,
"FIN","BCI","AMPLITUD","LTRENDIDX","M","2010-09",100.4507,
"FIN","BCI","AMPLITUD","LTRENDIDX","M","2010-10",100.7108,
"FIN","BCI","AMPLITUD","LTRENDIDX","M","2010-11",101.1216,
"FIN","BCI","AMPLITUD","LTRENDIDX","M","2010-12",101.4371,
"FIN","BCI","AMPLITUD","LTRENDIDX","M","2011-01",101.6166,
"FIN","BCI","AMPLITUD","LTRENDIDX","M","2011-02",101.7161,
"FIN","BCI","AMPLITUD","LTRENDIDX","M","2011-03",101.7388,
"FIN","BCI","AMPLITUD","LTRENDIDX","M","2011-04",101.4911,
"FIN","BCI","AMPLITUD","LTRENDIDX","M","2011-05",101.1082,
"FIN","BCI","AMPLITUD","LTRENDIDX","M","2011-06",100.5314,
"FIN","BCI","AMPLITUD","LTRENDIDX","M","2011-07",99.72739,
"FIN","BCI","AMPLITUD","LTRENDIDX","M","2011-08",99.01381,
"FIN","BCI","AMPLITUD","LTRENDIDX","M","2011-09",98.67709,
"FIN","BCI","AMPLITUD","LTRENDIDX","M","2011-10",98.64883,
"FIN","BCI","AMPLITUD","LTRENDIDX","M","2011-11",98.6646,
"FIN","BCI","AMPLITUD","LTRENDIDX","M","2011-12",98.66275,
"FIN","BCI","AMPLITUD","LTRENDIDX","M","2012-01",98.79823,
"FIN","BCI","AMPLITUD","LTRENDIDX","M","2012-02",99.13323,
"FIN","BCI","AMPLITUD","LTRENDIDX","M","2012-03",99.20533,
"FIN","BCI","AMPLITUD","LTRENDIDX","M","2012-04",99.01145,
"FIN","BCI","AMPLITUD","LTRENDIDX","M","2012-05",98.65424,
"FIN","BCI","AMPLITUD","LTRENDIDX","M","2012-06",98.52107,
"FIN","BCI","AMPLITUD","LTRENDIDX","M","2012-07",98.44083,
"FIN","BCI","AMPLITUD","LTRENDIDX","M","2012-08",98.35062,
"FIN","BCI","AMPLITUD","LTRENDIDX","M","2012-09",98.21295,
"FIN","BCI","AMPLITUD","LTRENDIDX","M","2012-10",98.04668,
"FIN","BCI","AMPLITUD","LTRENDIDX","M","2012-11",97.9461,
"FIN","BCI","AMPLITUD","LTRENDIDX","M","2012-12",97.96569,
"FIN","BCI","AMPLITUD","LTRENDIDX","M","2013-01",98.17616,
"FIN","BCI","AMPLITUD","LTRENDIDX","M","2013-02",98.52634,
"FIN","BCI","AMPLITUD","LTRENDIDX","M","2013-03",98.67712,
"FIN","BCI","AMPLITUD","LTRENDIDX","M","2013-04",98.77773,
"FIN","BCI","AMPLITUD","LTRENDIDX","M","2013-05",98.82576,
"FIN","BCI","AMPLITUD","LTRENDIDX","M","2013-06",98.69999,
"FIN","BCI","AMPLITUD","LTRENDIDX","M","2013-07",98.40879,
"FIN","BCI","AMPLITUD","LTRENDIDX","M","2013-08",98.17139,
"FIN","BCI","AMPLITUD","LTRENDIDX","M","2013-09",98.05702,
"FIN","BCI","AMPLITUD","LTRENDIDX","M","2013-10",98.17778,
"FIN","BCI","AMPLITUD","LTRENDIDX","M","2013-11",98.49187,
"FIN","BCI","AMPLITUD","LTRENDIDX","M","2013-12",98.66792,
"FIN","BCI","AMPLITUD","LTRENDIDX","M","2014-01",98.64541,
"FIN","BCI","AMPLITUD","LTRENDIDX","M","2014-02",98.66599,
"FIN","BCI","AMPLITUD","LTRENDIDX","M","2014-03",98.65881,
"FIN","BCI","AMPLITUD","LTRENDIDX","M","2014-04",98.69413,
"FIN","BCI","AMPLITUD","LTRENDIDX","M","2014-05",98.7386,
"FIN","BCI","AMPLITUD","LTRENDIDX","M","2014-06",98.70884,
"FIN","BCI","AMPLITUD","LTRENDIDX","M","2014-07",98.7382,
"FIN","BCI","AMPLITUD","LTRENDIDX","M","2014-08",98.82117,
"FIN","BCI","AMPLITUD","LTRENDIDX","M","2014-09",98.7841,
"FIN","BCI","AMPLITUD","LTRENDIDX","M","2014-10",98.79489,
"FIN","BCI","AMPLITUD","LTRENDIDX","M","2014-11",98.77778,
"FIN","BCI","AMPLITUD","LTRENDIDX","M","2014-12",98.78778,
"FIN","BCI","AMPLITUD","LTRENDIDX","M","2015-01",98.80551,
"FIN","BCI","AMPLITUD","LTRENDIDX","M","2015-02",98.68274,
"FIN","BCI","AMPLITUD","LTRENDIDX","M","2015-03",98.5396,
"FIN","BCI","AMPLITUD","LTRENDIDX","M","2015-04",98.39832,
"FIN","BCI","AMPLITUD","LTRENDIDX","M","2015-05",98.26705,
"FIN","BCI","AMPLITUD","LTRENDIDX","M","2015-06",98.28118,
"FIN","BCI","AMPLITUD","LTRENDIDX","M","2015-07",98.30103,
"FIN","BCI","AMPLITUD","LTRENDIDX","M","2015-08",98.40163,
"FIN","BCI","AMPLITUD","LTRENDIDX","M","2015-09",98.67504,
"FIN","BCI","AMPLITUD","LTRENDIDX","M","2015-10",98.89261,
"FIN","BCI","AMPLITUD","LTRENDIDX","M","2015-11",98.85402,
"FIN","BCI","AMPLITUD","LTRENDIDX","M","2015-12",98.80701,
"FIN","BCI","AMPLITUD","LTRENDIDX","M","2016-01",98.74497,
"FIN","BCI","AMPLITUD","LTRENDIDX","M","2016-02",98.61691,
"FIN","BCI","AMPLITUD","LTRENDIDX","M","2016-03",98.53773,
"FIN","BCI","AMPLITUD","LTRENDIDX","M","2016-04",98.30869,
"FIN","BCI","AMPLITUD","LTRENDIDX","M","2016-05",98.08931,
"FIN","BCI","AMPLITUD","LTRENDIDX","M","2016-06",98.04849,
"FIN","BCI","AMPLITUD","LTRENDIDX","M","2016-07",98.2282,
"FIN","BCI","AMPLITUD","LTRENDIDX","M","2016-08",98.70281,
"FIN","BCI","AMPLITUD","LTRENDIDX","M","2016-09",99.26605,
"FIN","BCI","AMPLITUD","LTRENDIDX","M","2016-10",99.47508,
"FIN","BCI","AMPLITUD","LTRENDIDX","M","2016-11",99.68788,
"FIN","BCI","AMPLITUD","LTRENDIDX","M","2016-12",100.0094,
"FIN","BCI","AMPLITUD","LTRENDIDX","M","2017-01",100.2123,
"FIN","BCI","AMPLITUD","LTRENDIDX","M","2017-02",100.2897,
"FIN","BCI","AMPLITUD","LTRENDIDX","M","2017-03",100.4298,
"FIN","BCI","AMPLITUD","LTRENDIDX","M","2017-04",100.6282,
"FIN","BCI","AMPLITUD","LTRENDIDX","M","2017-05",100.9024,
"FIN","BCI","AMPLITUD","LTRENDIDX","M","2017-06",101.1386,
"FIN","BCI","AMPLITUD","LTRENDIDX","M","2017-07",101.3359,
"G-7","BCI","AMPLITUD","LTRENDIDX","M","1962-12",100.9591,
"G-7","BCI","AMPLITUD","LTRENDIDX","M","1963-01",100.9745,
"G-7","BCI","AMPLITUD","LTRENDIDX","M","1963-02",100.982,
"G-7","BCI","AMPLITUD","LTRENDIDX","M","1963-03",101.0676,
"G-7","BCI","AMPLITUD","LTRENDIDX","M","1963-04",101.258,
"G-7","BCI","AMPLITUD","LTRENDIDX","M","1963-05",101.3919,
"G-7","BCI","AMPLITUD","LTRENDIDX","M","1963-06",101.3302,
"G-7","BCI","AMPLITUD","LTRENDIDX","M","1963-07",101.1744,
"G-7","BCI","AMPLITUD","LTRENDIDX","M","1963-08",101.1055,
"G-7","BCI","AMPLITUD","LTRENDIDX","M","1963-09",101.1425,
"G-7","BCI","AMPLITUD","LTRENDIDX","M","1963-10",101.1598,
"G-7","BCI","AMPLITUD","LTRENDIDX","M","1963-11",101.0965,
"G-7","BCI","AMPLITUD","LTRENDIDX","M","1963-12",101.0209,
"G-7","BCI","AMPLITUD","LTRENDIDX","M","1964-01",101.087,
"G-7","BCI","AMPLITUD","LTRENDIDX","M","1964-02",101.1868,
"G-7","BCI","AMPLITUD","LTRENDIDX","M","1964-03",101.2937,
"G-7","BCI","AMPLITUD","LTRENDIDX","M","1964-04",101.315,
"G-7","BCI","AMPLITUD","LTRENDIDX","M","1964-05",101.3429,
"G-7","BCI","AMPLITUD","LTRENDIDX","M","1964-06",101.477,
"G-7","BCI","AMPLITUD","LTRENDIDX","M","1964-07",101.6611,
"G-7","BCI","AMPLITUD","LTRENDIDX","M","1964-08",101.7616,
"G-7","BCI","AMPLITUD","LTRENDIDX","M","1964-09",101.7399,
"G-7","BCI","AMPLITUD","LTRENDIDX","M","1964-10",101.6287,
"G-7","BCI","AMPLITUD","LTRENDIDX","M","1964-11",101.5761,
"G-7","BCI","AMPLITUD","LTRENDIDX","M","1964-12",101.5711,
"G-7","BCI","AMPLITUD","LTRENDIDX","M","1965-01",101.6152,
"G-7","BCI","AMPLITUD","LTRENDIDX","M","1965-02",101.7478,
"G-7","BCI","AMPLITUD","LTRENDIDX","M","1965-03",101.8472,
"G-7","BCI","AMPLITUD","LTRENDIDX","M","1965-04",101.7362,
"G-7","BCI","AMPLITUD","LTRENDIDX","M","1965-05",101.5249,
"G-7","BCI","AMPLITUD","LTRENDIDX","M","1965-06",101.3073,
"G-7","BCI","AMPLITUD","LTRENDIDX","M","1965-07",101.2026,
"G-7","BCI","AMPLITUD","LTRENDIDX","M","1965-08",101.2166,
"G-7","BCI","AMPLITUD","LTRENDIDX","M","1965-09",101.2899,
"G-7","BCI","AMPLITUD","LTRENDIDX","M","1965-10",101.3176,
"G-7","BCI","AMPLITUD","LTRENDIDX","M","1965-11",101.4725,
"G-7","BCI","AMPLITUD","LTRENDIDX","M","1965-12",101.7747,
"G-7","BCI","AMPLITUD","LTRENDIDX","M","1966-01",102.0758,
"G-7","BCI","AMPLITUD","LTRENDIDX","M","1966-02",102.196,
"G-7","BCI","AMPLITUD","LTRENDIDX","M","1966-03",102.1161,
"G-7","BCI","AMPLITUD","LTRENDIDX","M","1966-04",101.8182,
"G-7","BCI","AMPLITUD","LTRENDIDX","M","1966-05",101.4154,
"G-7","BCI","AMPLITUD","LTRENDIDX","M","1966-06",101.2057,
"G-7","BCI","AMPLITUD","LTRENDIDX","M","1966-07",101.1049,
"G-7","BCI","AMPLITUD","LTRENDIDX","M","1966-08",100.967,
"G-7","BCI","AMPLITUD","LTRENDIDX","M","1966-09",100.7541,
"G-7","BCI","AMPLITUD","LTRENDIDX","M","1966-10",100.4261,
"G-7","BCI","AMPLITUD","LTRENDIDX","M","1966-11",100.0179,
"G-7","BCI","AMPLITUD","LTRENDIDX","M","1966-12",99.65627,
"G-7","BCI","AMPLITUD","LTRENDIDX","M","1967-01",99.29876,
"G-7","BCI","AMPLITUD","LTRENDIDX","M","1967-02",98.97118,
"G-7","BCI","AMPLITUD","LTRENDIDX","M","1967-03",98.69486,
"G-7","BCI","AMPLITUD","LTRENDIDX","M","1967-04",98.58076,
"G-7","BCI","AMPLITUD","LTRENDIDX","M","1967-05",98.7331,
"G-7","BCI","AMPLITUD","LTRENDIDX","M","1967-06",99.07522,
"G-7","BCI","AMPLITUD","LTRENDIDX","M","1967-07",99.52204,
"G-7","BCI","AMPLITUD","LTRENDIDX","M","1967-08",99.94992,
"G-7","BCI","AMPLITUD","LTRENDIDX","M","1967-09",100.2867,
"G-7","BCI","AMPLITUD","LTRENDIDX","M","1967-10",100.4746,
"G-7","BCI","AMPLITUD","LTRENDIDX","M","1967-11",100.6054,
"G-7","BCI","AMPLITUD","LTRENDIDX","M","1967-12",100.7143,
"G-7","BCI","AMPLITUD","LTRENDIDX","M","1968-01",100.7776,
"G-7","BCI","AMPLITUD","LTRENDIDX","M","1968-02",100.7923,
"G-7","BCI","AMPLITUD","LTRENDIDX","M","1968-03",100.8661,
"G-7","BCI","AMPLITUD","LTRENDIDX","M","1968-04",101.0136,
"G-7","BCI","AMPLITUD","LTRENDIDX","M","1968-05",101.0199,
"G-7","BCI","AMPLITUD","LTRENDIDX","M","1968-06",100.984,
"G-7","BCI","AMPLITUD","LTRENDIDX","M","1968-07",101.004,
"G-7","BCI","AMPLITUD","LTRENDIDX","M","1968-08",101.0617,
"G-7","BCI","AMPLITUD","LTRENDIDX","M","1968-09",101.2025,
"G-7","BCI","AMPLITUD","LTRENDIDX","M","1968-10",101.4619,
"G-7","BCI","AMPLITUD","LTRENDIDX","M","1968-11",101.6459,
"G-7","BCI","AMPLITUD","LTRENDIDX","M","1968-12",101.6762,
"G-7","BCI","AMPLITUD","LTRENDIDX","M","1969-01",101.7058,
"G-7","BCI","AMPLITUD","LTRENDIDX","M","1969-02",101.8116,
"G-7","BCI","AMPLITUD","LTRENDIDX","M","1969-03",101.8942,
"G-7","BCI","AMPLITUD","LTRENDIDX","M","1969-04",101.892,
"G-7","BCI","AMPLITUD","LTRENDIDX","M","1969-05",101.8629,
"G-7","BCI","AMPLITUD","LTRENDIDX","M","1969-06",101.7556,
"G-7","BCI","AMPLITUD","LTRENDIDX","M","1969-07",101.6464,
"G-7","BCI","AMPLITUD","LTRENDIDX","M","1969-08",101.652,
"G-7","BCI","AMPLITUD","LTRENDIDX","M","1969-09",101.6476,
"G-7","BCI","AMPLITUD","LTRENDIDX","M","1969-10",101.5853,
"G-7","BCI","AMPLITUD","LTRENDIDX","M","1969-11",101.4017,
"G-7","BCI","AMPLITUD","LTRENDIDX","M","1969-12",101.0997,
"G-7","BCI","AMPLITUD","LTRENDIDX","M","1970-01",100.712,
"G-7","BCI","AMPLITUD","LTRENDIDX","M","1970-02",100.373,
"G-7","BCI","AMPLITUD","LTRENDIDX","M","1970-03",100.1135,
"G-7","BCI","AMPLITUD","LTRENDIDX","M","1970-04",99.98218,
"G-7","BCI","AMPLITUD","LTRENDIDX","M","1970-05",100.051,
"G-7","BCI","AMPLITUD","LTRENDIDX","M","1970-06",100.177,
"G-7","BCI","AMPLITUD","LTRENDIDX","M","1970-07",100.0828,
"G-7","BCI","AMPLITUD","LTRENDIDX","M","1970-08",99.73838,
"G-7","BCI","AMPLITUD","LTRENDIDX","M","1970-09",99.2654,
"G-7","BCI","AMPLITUD","LTRENDIDX","M","1970-10",98.8794,
"G-7","BCI","AMPLITUD","LTRENDIDX","M","1970-11",98.78745,
"G-7","BCI","AMPLITUD","LTRENDIDX","M","1970-12",99.10552,
"G-7","BCI","AMPLITUD","LTRENDIDX","M","1971-01",99.55128,
"G-7","BCI","AMPLITUD","LTRENDIDX","M","1971-02",99.95928,
"G-7","BCI","AMPLITUD","LTRENDIDX","M","1971-03",100.0761,
"G-7","BCI","AMPLITUD","LTRENDIDX","M","1971-04",100.1634,
"G-7","BCI","AMPLITUD","LTRENDIDX","M","1971-05",100.1746,
"G-7","BCI","AMPLITUD","LTRENDIDX","M","1971-06",100.1186,
"G-7","BCI","AMPLITUD","LTRENDIDX","M","1971-07",100.0287,
"G-7","BCI","AMPLITUD","LTRENDIDX","M","1971-08",99.924,
"G-7","BCI","AMPLITUD","LTRENDIDX","M","1971-09",99.90588,
"G-7","BCI","AMPLITUD","LTRENDIDX","M","1971-10",99.95493,
"G-7","BCI","AMPLITUD","LTRENDIDX","M","1971-11",100.1091,
"G-7","BCI","AMPLITUD","LTRENDIDX","M","1971-12",100.4906,
"G-7","BCI","AMPLITUD","LTRENDIDX","M","1972-01",100.8497,
"G-7","BCI","AMPLITUD","LTRENDIDX","M","1972-02",101.0696,
"G-7","BCI","AMPLITUD","LTRENDIDX","M","1972-03",101.1389,
"G-7","BCI","AMPLITUD","LTRENDIDX","M","1972-04",101.1495,
"G-7","BCI","AMPLITUD","LTRENDIDX","M","1972-05",101.179,
"G-7","BCI","AMPLITUD","LTRENDIDX","M","1972-06",101.207,
"G-7","BCI","AMPLITUD","LTRENDIDX","M","1972-07",101.3781,
"G-7","BCI","AMPLITUD","LTRENDIDX","M","1972-08",101.7169,
"G-7","BCI","AMPLITUD","LTRENDIDX","M","1972-09",102.1777,
"G-7","BCI","AMPLITUD","LTRENDIDX","M","1972-10",102.6403,
"G-7","BCI","AMPLITUD","LTRENDIDX","M","1972-11",103.038,
"G-7","BCI","AMPLITUD","LTRENDIDX","M","1972-12",103.316,
"G-7","BCI","AMPLITUD","LTRENDIDX","M","1973-01",103.475,
"G-7","BCI","AMPLITUD","LTRENDIDX","M","1973-02",103.447,
"G-7","BCI","AMPLITUD","LTRENDIDX","M","1973-03",103.315,
"G-7","BCI","AMPLITUD","LTRENDIDX","M","1973-04",103.0865,
"G-7","BCI","AMPLITUD","LTRENDIDX","M","1973-05",102.7802,
"G-7","BCI","AMPLITUD","LTRENDIDX","M","1973-06",102.4539,
"G-7","BCI","AMPLITUD","LTRENDIDX","M","1973-07",102.1457,
"G-7","BCI","AMPLITUD","LTRENDIDX","M","1973-08",102.1735,
"G-7","BCI","AMPLITUD","LTRENDIDX","M","1973-09",102.3058,
"G-7","BCI","AMPLITUD","LTRENDIDX","M","1973-10",102.4121,
"G-7","BCI","AMPLITUD","LTRENDIDX","M","1973-11",102.3897,
"G-7","BCI","AMPLITUD","LTRENDIDX","M","1973-12",102.1466,
"G-7","BCI","AMPLITUD","LTRENDIDX","M","1974-01",101.8462,
"G-7","BCI","AMPLITUD","LTRENDIDX","M","1974-02",101.5778,
"G-7","BCI","AMPLITUD","LTRENDIDX","M","1974-03",101.4195,
"G-7","BCI","AMPLITUD","LTRENDIDX","M","1974-04",101.1415,
"G-7","BCI","AMPLITUD","LTRENDIDX","M","1974-05",100.7525,
"G-7","BCI","AMPLITUD","LTRENDIDX","M","1974-06",100.3995,
"G-7","BCI","AMPLITUD","LTRENDIDX","M","1974-07",99.99937,
"G-7","BCI","AMPLITUD","LTRENDIDX","M","1974-08",99.43068,
"G-7","BCI","AMPLITUD","LTRENDIDX","M","1974-09",98.66991,
"G-7","BCI","AMPLITUD","LTRENDIDX","M","1974-10",97.89452,
"G-7","BCI","AMPLITUD","LTRENDIDX","M","1974-11",97.157,
"G-7","BCI","AMPLITUD","LTRENDIDX","M","1974-12",96.58035,
"G-7","BCI","AMPLITUD","LTRENDIDX","M","1975-01",96.35807,
"G-7","BCI","AMPLITUD","LTRENDIDX","M","1975-02",96.40146,
"G-7","BCI","AMPLITUD","LTRENDIDX","M","1975-03",96.54892,
"G-7","BCI","AMPLITUD","LTRENDIDX","M","1975-04",96.90981,
"G-7","BCI","AMPLITUD","LTRENDIDX","M","1975-05",97.35535,
"G-7","BCI","AMPLITUD","LTRENDIDX","M","1975-06",97.82019,
"G-7","BCI","AMPLITUD","LTRENDIDX","M","1975-07",98.29245,
"G-7","BCI","AMPLITUD","LTRENDIDX","M","1975-08",98.78445,
"G-7","BCI","AMPLITUD","LTRENDIDX","M","1975-09",99.20559,
"G-7","BCI","AMPLITUD","LTRENDIDX","M","1975-10",99.49297,
"G-7","BCI","AMPLITUD","LTRENDIDX","M","1975-11",99.69484,
"G-7","BCI","AMPLITUD","LTRENDIDX","M","1975-12",99.95502,
"G-7","BCI","AMPLITUD","LTRENDIDX","M","1976-01",100.2413,
"G-7","BCI","AMPLITUD","LTRENDIDX","M","1976-02",100.4735,
"G-7","BCI","AMPLITUD","LTRENDIDX","M","1976-03",100.5748,
"G-7","BCI","AMPLITUD","LTRENDIDX","M","1976-04",100.6495,
"G-7","BCI","AMPLITUD","LTRENDIDX","M","1976-05",100.6306,
"G-7","BCI","AMPLITUD","LTRENDIDX","M","1976-06",100.547,
"G-7","BCI","AMPLITUD","LTRENDIDX","M","1976-07",100.3991,
"G-7","BCI","AMPLITUD","LTRENDIDX","M","1976-08",100.2399,
"G-7","BCI","AMPLITUD","LTRENDIDX","M","1976-09",100.1045,
"G-7","BCI","AMPLITUD","LTRENDIDX","M","1976-10",100.0087,
"G-7","BCI","AMPLITUD","LTRENDIDX","M","1976-11",99.96243,
"G-7","BCI","AMPLITUD","LTRENDIDX","M","1976-12",100.0088,
"G-7","BCI","AMPLITUD","LTRENDIDX","M","1977-01",99.9957,
"G-7","BCI","AMPLITUD","LTRENDIDX","M","1977-02",99.99966,
"G-7","BCI","AMPLITUD","LTRENDIDX","M","1977-03",100.041,
"G-7","BCI","AMPLITUD","LTRENDIDX","M","1977-04",100.0076,
"G-7","BCI","AMPLITUD","LTRENDIDX","M","1977-05",99.96638,
"G-7","BCI","AMPLITUD","LTRENDIDX","M","1977-06",99.85505,
"G-7","BCI","AMPLITUD","LTRENDIDX","M","1977-07",99.74515,
"G-7","BCI","AMPLITUD","LTRENDIDX","M","1977-08",99.61919,
"G-7","BCI","AMPLITUD","LTRENDIDX","M","1977-09",99.56144,
"G-7","BCI","AMPLITUD","LTRENDIDX","M","1977-10",99.621,
"G-7","BCI","AMPLITUD","LTRENDIDX","M","1977-11",99.74818,
"G-7","BCI","AMPLITUD","LTRENDIDX","M","1977-12",99.87049,
"G-7","BCI","AMPLITUD","LTRENDIDX","M","1978-01",99.87011,
"G-7","BCI","AMPLITUD","LTRENDIDX","M","1978-02",99.84332,
"G-7","BCI","AMPLITUD","LTRENDIDX","M","1978-03",99.90331,
"G-7","BCI","AMPLITUD","LTRENDIDX","M","1978-04",100.0994,
"G-7","BCI","AMPLITUD","LTRENDIDX","M","1978-05",100.3386,
"G-7","BCI","AMPLITUD","LTRENDIDX","M","1978-06",100.5412,
"G-7","BCI","AMPLITUD","LTRENDIDX","M","1978-07",100.6962,
"G-7","BCI","AMPLITUD","LTRENDIDX","M","1978-08",100.7728,
"G-7","BCI","AMPLITUD","LTRENDIDX","M","1978-09",100.8297,
"G-7","BCI","AMPLITUD","LTRENDIDX","M","1978-10",100.8824,
"G-7","BCI","AMPLITUD","LTRENDIDX","M","1978-11",100.9093,
"G-7","BCI","AMPLITUD","LTRENDIDX","M","1978-12",100.8687,
"G-7","BCI","AMPLITUD","LTRENDIDX","M","1979-01",100.8436,
"G-7","BCI","AMPLITUD","LTRENDIDX","M","1979-02",100.8469,
"G-7","BCI","AMPLITUD","LTRENDIDX","M","1979-03",100.8701,
"G-7","BCI","AMPLITUD","LTRENDIDX","M","1979-04",100.8586,
"G-7","BCI","AMPLITUD","LTRENDIDX","M","1979-05",100.7805,
"G-7","BCI","AMPLITUD","LTRENDIDX","M","1979-06",100.6356,
"G-7","BCI","AMPLITUD","LTRENDIDX","M","1979-07",100.4573,
"G-7","BCI","AMPLITUD","LTRENDIDX","M","1979-08",100.2957,
"G-7","BCI","AMPLITUD","LTRENDIDX","M","1979-09",100.1833,
"G-7","BCI","AMPLITUD","LTRENDIDX","M","1979-10",100.0641,
"G-7","BCI","AMPLITUD","LTRENDIDX","M","1979-11",99.92494,
"G-7","BCI","AMPLITUD","LTRENDIDX","M","1979-12",99.80781,
"G-7","BCI","AMPLITUD","LTRENDIDX","M","1980-01",99.75322,
"G-7","BCI","AMPLITUD","LTRENDIDX","M","1980-02",99.57677,
"G-7","BCI","AMPLITUD","LTRENDIDX","M","1980-03",99.04651,
"G-7","BCI","AMPLITUD","LTRENDIDX","M","1980-04",98.33597,
"G-7","BCI","AMPLITUD","LTRENDIDX","M","1980-05",97.73872,
"G-7","BCI","AMPLITUD","LTRENDIDX","M","1980-06",97.59812,
"G-7","BCI","AMPLITUD","LTRENDIDX","M","1980-07",97.89702,
"G-7","BCI","AMPLITUD","LTRENDIDX","M","1980-08",98.47092,
"G-7","BCI","AMPLITUD","LTRENDIDX","M","1980-09",98.99615,
"G-7","BCI","AMPLITUD","LTRENDIDX","M","1980-10",99.33532,
"G-7","BCI","AMPLITUD","LTRENDIDX","M","1980-11",99.41285,
"G-7","BCI","AMPLITUD","LTRENDIDX","M","1980-12",99.21523,
"G-7","BCI","AMPLITUD","LTRENDIDX","M","1981-01",98.95998,
"G-7","BCI","AMPLITUD","LTRENDIDX","M","1981-02",98.83515,
"G-7","BCI","AMPLITUD","LTRENDIDX","M","1981-03",98.86284,
"G-7","BCI","AMPLITUD","LTRENDIDX","M","1981-04",98.97639,
"G-7","BCI","AMPLITUD","LTRENDIDX","M","1981-05",99.05393,
"G-7","BCI","AMPLITUD","LTRENDIDX","M","1981-06",98.98656,
"G-7","BCI","AMPLITUD","LTRENDIDX","M","1981-07",98.83246,
"G-7","BCI","AMPLITUD","LTRENDIDX","M","1981-08",98.65768,
"G-7","BCI","AMPLITUD","LTRENDIDX","M","1981-09",98.37621,
"G-7","BCI","AMPLITUD","LTRENDIDX","M","1981-10",98.10825,
"G-7","BCI","AMPLITUD","LTRENDIDX","M","1981-11",97.91853,
"G-7","BCI","AMPLITUD","LTRENDIDX","M","1981-12",97.87287,
"G-7","BCI","AMPLITUD","LTRENDIDX","M","1982-01",97.88338,
"G-7","BCI","AMPLITUD","LTRENDIDX","M","1982-02",97.88177,
"G-7","BCI","AMPLITUD","LTRENDIDX","M","1982-03",97.83049,
"G-7","BCI","AMPLITUD","LTRENDIDX","M","1982-04",97.75643,
"G-7","BCI","AMPLITUD","LTRENDIDX","M","1982-05",97.66403,
"G-7","BCI","AMPLITUD","LTRENDIDX","M","1982-06",97.62774,
"G-7","BCI","AMPLITUD","LTRENDIDX","M","1982-07",97.57607,
"G-7","BCI","AMPLITUD","LTRENDIDX","M","1982-08",97.52971,
"G-7","BCI","AMPLITUD","LTRENDIDX","M","1982-09",97.53399,
"G-7","BCI","AMPLITUD","LTRENDIDX","M","1982-10",97.60745,
"G-7","BCI","AMPLITUD","LTRENDIDX","M","1982-11",97.79918,
"G-7","BCI","AMPLITUD","LTRENDIDX","M","1982-12",98.17306,
"G-7","BCI","AMPLITUD","LTRENDIDX","M","1983-01",98.64066,
"G-7","BCI","AMPLITUD","LTRENDIDX","M","1983-02",99.10362,
"G-7","BCI","AMPLITUD","LTRENDIDX","M","1983-03",99.36185,
"G-7","BCI","AMPLITUD","LTRENDIDX","M","1983-04",99.51812,
"G-7","BCI","AMPLITUD","LTRENDIDX","M","1983-05",99.70067,
"G-7","BCI","AMPLITUD","LTRENDIDX","M","1983-06",99.94847,
"G-7","BCI","AMPLITUD","LTRENDIDX","M","1983-07",100.2458,
"G-7","BCI","AMPLITUD","LTRENDIDX","M","1983-08",100.4472,
"G-7","BCI","AMPLITUD","LTRENDIDX","M","1983-09",100.6077,
"G-7","BCI","AMPLITUD","LTRENDIDX","M","1983-10",100.8056,
"G-7","BCI","AMPLITUD","LTRENDIDX","M","1983-11",100.9818,
"G-7","BCI","AMPLITUD","LTRENDIDX","M","1983-12",101.0281,
"G-7","BCI","AMPLITUD","LTRENDIDX","M","1984-01",100.8438,
"G-7","BCI","AMPLITUD","LTRENDIDX","M","1984-02",100.7106,
"G-7","BCI","AMPLITUD","LTRENDIDX","M","1984-03",100.6395,
"G-7","BCI","AMPLITUD","LTRENDIDX","M","1984-04",100.6359,
"G-7","BCI","AMPLITUD","LTRENDIDX","M","1984-05",100.5976,
"G-7","BCI","AMPLITUD","LTRENDIDX","M","1984-06",100.523,
"G-7","BCI","AMPLITUD","LTRENDIDX","M","1984-07",100.3624,
"G-7","BCI","AMPLITUD","LTRENDIDX","M","1984-08",100.1423,
"G-7","BCI","AMPLITUD","LTRENDIDX","M","1984-09",99.95724,
"G-7","BCI","AMPLITUD","LTRENDIDX","M","1984-10",99.87617,
"G-7","BCI","AMPLITUD","LTRENDIDX","M","1984-11",99.84802,
"G-7","BCI","AMPLITUD","LTRENDIDX","M","1984-12",99.85069,
"G-7","BCI","AMPLITUD","LTRENDIDX","M","1985-01",99.8279,
"G-7","BCI","AMPLITUD","LTRENDIDX","M","1985-02",99.76557,
"G-7","BCI","AMPLITUD","LTRENDIDX","M","1985-03",99.66962,
"G-7","BCI","AMPLITUD","LTRENDIDX","M","1985-04",99.62192,
"G-7","BCI","AMPLITUD","LTRENDIDX","M","1985-05",99.60004,
"G-7","BCI","AMPLITUD","LTRENDIDX","M","1985-06",99.60974,
"G-7","BCI","AMPLITUD","LTRENDIDX","M","1985-07",99.63493,
"G-7","BCI","AMPLITUD","LTRENDIDX","M","1985-08",99.70232,
"G-7","BCI","AMPLITUD","LTRENDIDX","M","1985-09",99.82388,
"G-7","BCI","AMPLITUD","LTRENDIDX","M","1985-10",99.92226,
"G-7","BCI","AMPLITUD","LTRENDIDX","M","1985-11",99.95587,
"G-7","BCI","AMPLITUD","LTRENDIDX","M","1985-12",99.9053,
"G-7","BCI","AMPLITUD","LTRENDIDX","M","1986-01",99.83895,
"G-7","BCI","AMPLITUD","LTRENDIDX","M","1986-02",99.78738,
"G-7","BCI","AMPLITUD","LTRENDIDX","M","1986-03",99.73752,
"G-7","BCI","AMPLITUD","LTRENDIDX","M","1986-04",99.69678,
"G-7","BCI","AMPLITUD","LTRENDIDX","M","1986-05",99.69722,
"G-7","BCI","AMPLITUD","LTRENDIDX","M","1986-06",99.62502,
"G-7","BCI","AMPLITUD","LTRENDIDX","M","1986-07",99.58872,
"G-7","BCI","AMPLITUD","LTRENDIDX","M","1986-08",99.66546,
"G-7","BCI","AMPLITUD","LTRENDIDX","M","1986-09",99.69739,
"G-7","BCI","AMPLITUD","LTRENDIDX","M","1986-10",99.67532,
"G-7","BCI","AMPLITUD","LTRENDIDX","M","1986-11",99.67199,
"G-7","BCI","AMPLITUD","LTRENDIDX","M","1986-12",99.71935,
"G-7","BCI","AMPLITUD","LTRENDIDX","M","1987-01",99.83242,
"G-7","BCI","AMPLITUD","LTRENDIDX","M","1987-02",99.91063,
"G-7","BCI","AMPLITUD","LTRENDIDX","M","1987-03",100.0401,
"G-7","BCI","AMPLITUD","LTRENDIDX","M","1987-04",100.1803,
"G-7","BCI","AMPLITUD","LTRENDIDX","M","1987-05",100.3301,
"G-7","BCI","AMPLITUD","LTRENDIDX","M","1987-06",100.4566,
"G-7","BCI","AMPLITUD","LTRENDIDX","M","1987-07",100.5936,
"G-7","BCI","AMPLITUD","LTRENDIDX","M","1987-08",100.7728,
"G-7","BCI","AMPLITUD","LTRENDIDX","M","1987-09",100.9315,
"G-7","BCI","AMPLITUD","LTRENDIDX","M","1987-10",101.0404,
"G-7","BCI","AMPLITUD","LTRENDIDX","M","1987-11",101.0781,
"G-7","BCI","AMPLITUD","LTRENDIDX","M","1987-12",101.0872,
"G-7","BCI","AMPLITUD","LTRENDIDX","M","1988-01",101.0083,
"G-7","BCI","AMPLITUD","LTRENDIDX","M","1988-02",100.9239,
"G-7","BCI","AMPLITUD","LTRENDIDX","M","1988-03",100.8946,
"G-7","BCI","AMPLITUD","LTRENDIDX","M","1988-04",100.9734,
"G-7","BCI","AMPLITUD","LTRENDIDX","M","1988-05",101.1242,
"G-7","BCI","AMPLITUD","LTRENDIDX","M","1988-06",101.2959,
"G-7","BCI","AMPLITUD","LTRENDIDX","M","1988-07",101.3416,
"G-7","BCI","AMPLITUD","LTRENDIDX","M","1988-08",101.2925,
"G-7","BCI","AMPLITUD","LTRENDIDX","M","1988-09",101.2529,
"G-7","BCI","AMPLITUD","LTRENDIDX","M","1988-10",101.2687,
"G-7","BCI","AMPLITUD","LTRENDIDX","M","1988-11",101.2885,
"G-7","BCI","AMPLITUD","LTRENDIDX","M","1988-12",101.2873,
"G-7","BCI","AMPLITUD","LTRENDIDX","M","1989-01",101.2234,
"G-7","BCI","AMPLITUD","LTRENDIDX","M","1989-02",101.1105,
"G-7","BCI","AMPLITUD","LTRENDIDX","M","1989-03",100.96,
"G-7","BCI","AMPLITUD","LTRENDIDX","M","1989-04",100.8259,
"G-7","BCI","AMPLITUD","LTRENDIDX","M","1989-05",100.6592,
"G-7","BCI","AMPLITUD","LTRENDIDX","M","1989-06",100.4961,
"G-7","BCI","AMPLITUD","LTRENDIDX","M","1989-07",100.3585,
"G-7","BCI","AMPLITUD","LTRENDIDX","M","1989-08",100.2623,
"G-7","BCI","AMPLITUD","LTRENDIDX","M","1989-09",100.2305,
"G-7","BCI","AMPLITUD","LTRENDIDX","M","1989-10",100.241,
"G-7","BCI","AMPLITUD","LTRENDIDX","M","1989-11",100.2672,
"G-7","BCI","AMPLITUD","LTRENDIDX","M","1989-12",100.3066,
"G-7","BCI","AMPLITUD","LTRENDIDX","M","1990-01",100.3586,
"G-7","BCI","AMPLITUD","LTRENDIDX","M","1990-02",100.4324,
"G-7","BCI","AMPLITUD","LTRENDIDX","M","1990-03",100.491,
"G-7","BCI","AMPLITUD","LTRENDIDX","M","1990-04",100.4978,
"G-7","BCI","AMPLITUD","LTRENDIDX","M","1990-05",100.4306,
"G-7","BCI","AMPLITUD","LTRENDIDX","M","1990-06",100.3084,
"G-7","BCI","AMPLITUD","LTRENDIDX","M","1990-07",100.1348,
"G-7","BCI","AMPLITUD","LTRENDIDX","M","1990-08",99.95724,
"G-7","BCI","AMPLITUD","LTRENDIDX","M","1990-09",99.76427,
"G-7","BCI","AMPLITUD","LTRENDIDX","M","1990-10",99.55195,
"G-7","BCI","AMPLITUD","LTRENDIDX","M","1990-11",99.34299,
"G-7","BCI","AMPLITUD","LTRENDIDX","M","1990-12",99.16567,
"G-7","BCI","AMPLITUD","LTRENDIDX","M","1991-01",99.02608,
"G-7","BCI","AMPLITUD","LTRENDIDX","M","1991-02",98.96825,
"G-7","BCI","AMPLITUD","LTRENDIDX","M","1991-03",99.03959,
"G-7","BCI","AMPLITUD","LTRENDIDX","M","1991-04",99.21397,
"G-7","BCI","AMPLITUD","LTRENDIDX","M","1991-05",99.44425,
"G-7","BCI","AMPLITUD","LTRENDIDX","M","1991-06",99.72212,
"G-7","BCI","AMPLITUD","LTRENDIDX","M","1991-07",99.92081,
"G-7","BCI","AMPLITUD","LTRENDIDX","M","1991-08",100.0558,
"G-7","BCI","AMPLITUD","LTRENDIDX","M","1991-09",100.0775,
"G-7","BCI","AMPLITUD","LTRENDIDX","M","1991-10",99.91864,
"G-7","BCI","AMPLITUD","LTRENDIDX","M","1991-11",99.65866,
"G-7","BCI","AMPLITUD","LTRENDIDX","M","1991-12",99.46198,
"G-7","BCI","AMPLITUD","LTRENDIDX","M","1992-01",99.47458,
"G-7","BCI","AMPLITUD","LTRENDIDX","M","1992-02",99.65799,
"G-7","BCI","AMPLITUD","LTRENDIDX","M","1992-03",99.80003,
"G-7","BCI","AMPLITUD","LTRENDIDX","M","1992-04",99.8327,
"G-7","BCI","AMPLITUD","LTRENDIDX","M","1992-05",99.83234,
"G-7","BCI","AMPLITUD","LTRENDIDX","M","1992-06",99.71372,
"G-7","BCI","AMPLITUD","LTRENDIDX","M","1992-07",99.53138,
"G-7","BCI","AMPLITUD","LTRENDIDX","M","1992-08",99.29448,
"G-7","BCI","AMPLITUD","LTRENDIDX","M","1992-09",99.05704,
"G-7","BCI","AMPLITUD","LTRENDIDX","M","1992-10",98.96777,
"G-7","BCI","AMPLITUD","LTRENDIDX","M","1992-11",99.01809,
"G-7","BCI","AMPLITUD","LTRENDIDX","M","1992-12",99.10281,
"G-7","BCI","AMPLITUD","LTRENDIDX","M","1993-01",99.16064,
"G-7","BCI","AMPLITUD","LTRENDIDX","M","1993-02",99.11335,
"G-7","BCI","AMPLITUD","LTRENDIDX","M","1993-03",98.97357,
"G-7","BCI","AMPLITUD","LTRENDIDX","M","1993-04",98.81076,
"G-7","BCI","AMPLITUD","LTRENDIDX","M","1993-05",98.72173,
"G-7","BCI","AMPLITUD","LTRENDIDX","M","1993-06",98.66473,
"G-7","BCI","AMPLITUD","LTRENDIDX","M","1993-07",98.67957,
"G-7","BCI","AMPLITUD","LTRENDIDX","M","1993-08",98.76723,
"G-7","BCI","AMPLITUD","LTRENDIDX","M","1993-09",98.89909,
"G-7","BCI","AMPLITUD","LTRENDIDX","M","1993-10",99.07251,
"G-7","BCI","AMPLITUD","LTRENDIDX","M","1993-11",99.24565,
"G-7","BCI","AMPLITUD","LTRENDIDX","M","1993-12",99.41603,
"G-7","BCI","AMPLITUD","LTRENDIDX","M","1994-01",99.56802,
"G-7","BCI","AMPLITUD","LTRENDIDX","M","1994-02",99.70544,
"G-7","BCI","AMPLITUD","LTRENDIDX","M","1994-03",99.82975,
"G-7","BCI","AMPLITUD","LTRENDIDX","M","1994-04",99.9685,
"G-7","BCI","AMPLITUD","LTRENDIDX","M","1994-05",100.1217,
"G-7","BCI","AMPLITUD","LTRENDIDX","M","1994-06",100.265,
"G-7","BCI","AMPLITUD","LTRENDIDX","M","1994-07",100.3891,
"G-7","BCI","AMPLITUD","LTRENDIDX","M","1994-08",100.524,
"G-7","BCI","AMPLITUD","LTRENDIDX","M","1994-09",100.6732,
"G-7","BCI","AMPLITUD","LTRENDIDX","M","1994-10",100.79,
"G-7","BCI","AMPLITUD","LTRENDIDX","M","1994-11",100.8357,
"G-7","BCI","AMPLITUD","LTRENDIDX","M","1994-12",100.8023,
"G-7","BCI","AMPLITUD","LTRENDIDX","M","1995-01",100.7342,
"G-7","BCI","AMPLITUD","LTRENDIDX","M","1995-02",100.5686,
"G-7","BCI","AMPLITUD","LTRENDIDX","M","1995-03",100.3211,
"G-7","BCI","AMPLITUD","LTRENDIDX","M","1995-04",100.0591,
"G-7","BCI","AMPLITUD","LTRENDIDX","M","1995-05",99.80679,
"G-7","BCI","AMPLITUD","LTRENDIDX","M","1995-06",99.68339,
"G-7","BCI","AMPLITUD","LTRENDIDX","M","1995-07",99.67043,
"G-7","BCI","AMPLITUD","LTRENDIDX","M","1995-08",99.57655,
"G-7","BCI","AMPLITUD","LTRENDIDX","M","1995-09",99.46519,
"G-7","BCI","AMPLITUD","LTRENDIDX","M","1995-10",99.33047,
"G-7","BCI","AMPLITUD","LTRENDIDX","M","1995-11",99.19864,
"G-7","BCI","AMPLITUD","LTRENDIDX","M","1995-12",99.10085,
"G-7","BCI","AMPLITUD","LTRENDIDX","M","1996-01",99.02921,
"G-7","BCI","AMPLITUD","LTRENDIDX","M","1996-02",99.00781,
"G-7","BCI","AMPLITUD","LTRENDIDX","M","1996-03",99.06525,
"G-7","BCI","AMPLITUD","LTRENDIDX","M","1996-04",99.1836,
"G-7","BCI","AMPLITUD","LTRENDIDX","M","1996-05",99.29526,
"G-7","BCI","AMPLITUD","LTRENDIDX","M","1996-06",99.41675,
"G-7","BCI","AMPLITUD","LTRENDIDX","M","1996-07",99.44126,
"G-7","BCI","AMPLITUD","LTRENDIDX","M","1996-08",99.4859,
"G-7","BCI","AMPLITUD","LTRENDIDX","M","1996-09",99.54717,
"G-7","BCI","AMPLITUD","LTRENDIDX","M","1996-10",99.6532,
"G-7","BCI","AMPLITUD","LTRENDIDX","M","1996-11",99.80888,
"G-7","BCI","AMPLITUD","LTRENDIDX","M","1996-12",99.94204,
"G-7","BCI","AMPLITUD","LTRENDIDX","M","1997-01",100.0093,
"G-7","BCI","AMPLITUD","LTRENDIDX","M","1997-02",100.0444,
"G-7","BCI","AMPLITUD","LTRENDIDX","M","1997-03",100.1062,
"G-7","BCI","AMPLITUD","LTRENDIDX","M","1997-04",100.1907,
"G-7","BCI","AMPLITUD","LTRENDIDX","M","1997-05",100.3163,
"G-7","BCI","AMPLITUD","LTRENDIDX","M","1997-06",100.4259,
"G-7","BCI","AMPLITUD","LTRENDIDX","M","1997-07",100.5294,
"G-7","BCI","AMPLITUD","LTRENDIDX","M","1997-08",100.5296,
"G-7","BCI","AMPLITUD","LTRENDIDX","M","1997-09",100.4987,
"G-7","BCI","AMPLITUD","LTRENDIDX","M","1997-10",100.5026,
"G-7","BCI","AMPLITUD","LTRENDIDX","M","1997-11",100.4653,
"G-7","BCI","AMPLITUD","LTRENDIDX","M","1997-12",100.3893,
"G-7","BCI","AMPLITUD","LTRENDIDX","M","1998-01",100.2832,
"G-7","BCI","AMPLITUD","LTRENDIDX","M","1998-02",100.1684,
"G-7","BCI","AMPLITUD","LTRENDIDX","M","1998-03",100.0532,
"G-7","BCI","AMPLITUD","LTRENDIDX","M","1998-04",99.89688,
"G-7","BCI","AMPLITUD","LTRENDIDX","M","1998-05",99.70203,
"G-7","BCI","AMPLITUD","LTRENDIDX","M","1998-06",99.51386,
"G-7","BCI","AMPLITUD","LTRENDIDX","M","1998-07",99.3679,
"G-7","BCI","AMPLITUD","LTRENDIDX","M","1998-08",99.24059,
"G-7","BCI","AMPLITUD","LTRENDIDX","M","1998-09",99.0937,
"G-7","BCI","AMPLITUD","LTRENDIDX","M","1998-10",98.95132,
"G-7","BCI","AMPLITUD","LTRENDIDX","M","1998-11",98.86336,
"G-7","BCI","AMPLITUD","LTRENDIDX","M","1998-12",98.85803,
"G-7","BCI","AMPLITUD","LTRENDIDX","M","1999-01",98.9746,
"G-7","BCI","AMPLITUD","LTRENDIDX","M","1999-02",99.11785,
"G-7","BCI","AMPLITUD","LTRENDIDX","M","1999-03",99.25136,
"G-7","BCI","AMPLITUD","LTRENDIDX","M","1999-04",99.39674,
"G-7","BCI","AMPLITUD","LTRENDIDX","M","1999-05",99.58049,
"G-7","BCI","AMPLITUD","LTRENDIDX","M","1999-06",99.73705,
"G-7","BCI","AMPLITUD","LTRENDIDX","M","1999-07",99.84521,
"G-7","BCI","AMPLITUD","LTRENDIDX","M","1999-08",100.0113,
"G-7","BCI","AMPLITUD","LTRENDIDX","M","1999-09",100.2182,
"G-7","BCI","AMPLITUD","LTRENDIDX","M","1999-10",100.3823,
"G-7","BCI","AMPLITUD","LTRENDIDX","M","1999-11",100.5009,
"G-7","BCI","AMPLITUD","LTRENDIDX","M","1999-12",100.5532,
"G-7","BCI","AMPLITUD","LTRENDIDX","M","2000-01",100.5519,
"G-7","BCI","AMPLITUD","LTRENDIDX","M","2000-02",100.5362,
"G-7","BCI","AMPLITUD","LTRENDIDX","M","2000-03",100.5147,
"G-7","BCI","AMPLITUD","LTRENDIDX","M","2000-04",100.4795,
"G-7","BCI","AMPLITUD","LTRENDIDX","M","2000-05",100.4159,
"G-7","BCI","AMPLITUD","LTRENDIDX","M","2000-06",100.3371,
"G-7","BCI","AMPLITUD","LTRENDIDX","M","2000-07",100.2784,
"G-7","BCI","AMPLITUD","LTRENDIDX","M","2000-08",100.1901,
"G-7","BCI","AMPLITUD","LTRENDIDX","M","2000-09",100.1087,
"G-7","BCI","AMPLITUD","LTRENDIDX","M","2000-10",99.99503,
"G-7","BCI","AMPLITUD","LTRENDIDX","M","2000-11",99.80602,
"G-7","BCI","AMPLITUD","LTRENDIDX","M","2000-12",99.51649,
"G-7","BCI","AMPLITUD","LTRENDIDX","M","2001-01",99.23533,
"G-7","BCI","AMPLITUD","LTRENDIDX","M","2001-02",99.03645,
"G-7","BCI","AMPLITUD","LTRENDIDX","M","2001-03",98.92181,
"G-7","BCI","AMPLITUD","LTRENDIDX","M","2001-04",98.84676,
"G-7","BCI","AMPLITUD","LTRENDIDX","M","2001-05",98.80468,
"G-7","BCI","AMPLITUD","LTRENDIDX","M","2001-06",98.83504,
"G-7","BCI","AMPLITUD","LTRENDIDX","M","2001-07",98.86653,
"G-7","BCI","AMPLITUD","LTRENDIDX","M","2001-08",98.83109,
"G-7","BCI","AMPLITUD","LTRENDIDX","M","2001-09",98.6227,
"G-7","BCI","AMPLITUD","LTRENDIDX","M","2001-10",98.36353,
"G-7","BCI","AMPLITUD","LTRENDIDX","M","2001-11",98.36527,
"G-7","BCI","AMPLITUD","LTRENDIDX","M","2001-12",98.56438,
"G-7","BCI","AMPLITUD","LTRENDIDX","M","2002-01",98.90041,
"G-7","BCI","AMPLITUD","LTRENDIDX","M","2002-02",99.29452,
"G-7","BCI","AMPLITUD","LTRENDIDX","M","2002-03",99.60271,
"G-7","BCI","AMPLITUD","LTRENDIDX","M","2002-04",99.78461,
"G-7","BCI","AMPLITUD","LTRENDIDX","M","2002-05",99.86504,
"G-7","BCI","AMPLITUD","LTRENDIDX","M","2002-06",99.81314,
"G-7","BCI","AMPLITUD","LTRENDIDX","M","2002-07",99.64128,
"G-7","BCI","AMPLITUD","LTRENDIDX","M","2002-08",99.52723,
"G-7","BCI","AMPLITUD","LTRENDIDX","M","2002-09",99.48952,
"G-7","BCI","AMPLITUD","LTRENDIDX","M","2002-10",99.4831,
"G-7","BCI","AMPLITUD","LTRENDIDX","M","2002-11",99.52659,
"G-7","BCI","AMPLITUD","LTRENDIDX","M","2002-12",99.60696,
"G-7","BCI","AMPLITUD","LTRENDIDX","M","2003-01",99.57233,
"G-7","BCI","AMPLITUD","LTRENDIDX","M","2003-02",99.39171,
"G-7","BCI","AMPLITUD","LTRENDIDX","M","2003-03",99.19228,
"G-7","BCI","AMPLITUD","LTRENDIDX","M","2003-04",99.13885,
"G-7","BCI","AMPLITUD","LTRENDIDX","M","2003-05",99.23702,
"G-7","BCI","AMPLITUD","LTRENDIDX","M","2003-06",99.39001,
"G-7","BCI","AMPLITUD","LTRENDIDX","M","2003-07",99.59901,
"G-7","BCI","AMPLITUD","LTRENDIDX","M","2003-08",99.84066,
"G-7","BCI","AMPLITUD","LTRENDIDX","M","2003-09",100.0581,
"G-7","BCI","AMPLITUD","LTRENDIDX","M","2003-10",100.3529,
"G-7","BCI","AMPLITUD","LTRENDIDX","M","2003-11",100.6771,
"G-7","BCI","AMPLITUD","LTRENDIDX","M","2003-12",100.9113,
"G-7","BCI","AMPLITUD","LTRENDIDX","M","2004-01",101.0312,
"G-7","BCI","AMPLITUD","LTRENDIDX","M","2004-02",101.0839,
"G-7","BCI","AMPLITUD","LTRENDIDX","M","2004-03",101.1445,
"G-7","BCI","AMPLITUD","LTRENDIDX","M","2004-04",101.2072,
"G-7","BCI","AMPLITUD","LTRENDIDX","M","2004-05",101.2322,
"G-7","BCI","AMPLITUD","LTRENDIDX","M","2004-06",101.197,
"G-7","BCI","AMPLITUD","LTRENDIDX","M","2004-07",101.1307,
"G-7","BCI","AMPLITUD","LTRENDIDX","M","2004-08",101.0242,
"G-7","BCI","AMPLITUD","LTRENDIDX","M","2004-09",100.9032,
"G-7","BCI","AMPLITUD","LTRENDIDX","M","2004-10",100.8195,
"G-7","BCI","AMPLITUD","LTRENDIDX","M","2004-11",100.788,
"G-7","BCI","AMPLITUD","LTRENDIDX","M","2004-12",100.7701,
"G-7","BCI","AMPLITUD","LTRENDIDX","M","2005-01",100.6651,
"G-7","BCI","AMPLITUD","LTRENDIDX","M","2005-02",100.5049,
"G-7","BCI","AMPLITUD","LTRENDIDX","M","2005-03",100.3211,
"G-7","BCI","AMPLITUD","LTRENDIDX","M","2005-04",100.1487,
"G-7","BCI","AMPLITUD","LTRENDIDX","M","2005-05",100.0627,
"G-7","BCI","AMPLITUD","LTRENDIDX","M","2005-06",100.1355,
"G-7","BCI","AMPLITUD","LTRENDIDX","M","2005-07",100.2777,
"G-7","BCI","AMPLITUD","LTRENDIDX","M","2005-08",100.3932,
"G-7","BCI","AMPLITUD","LTRENDIDX","M","2005-09",100.5688,
"G-7","BCI","AMPLITUD","LTRENDIDX","M","2005-10",100.6564,
"G-7","BCI","AMPLITUD","LTRENDIDX","M","2005-11",100.6219,
"G-7","BCI","AMPLITUD","LTRENDIDX","M","2005-12",100.534,
"G-7","BCI","AMPLITUD","LTRENDIDX","M","2006-01",100.4782,
"G-7","BCI","AMPLITUD","LTRENDIDX","M","2006-02",100.4988,
"G-7","BCI","AMPLITUD","LTRENDIDX","M","2006-03",100.5538,
"G-7","BCI","AMPLITUD","LTRENDIDX","M","2006-04",100.6165,
"G-7","BCI","AMPLITUD","LTRENDIDX","M","2006-05",100.5854,
"G-7","BCI","AMPLITUD","LTRENDIDX","M","2006-06",100.5395,
"G-7","BCI","AMPLITUD","LTRENDIDX","M","2006-07",100.5194,
"G-7","BCI","AMPLITUD","LTRENDIDX","M","2006-08",100.4934,
"G-7","BCI","AMPLITUD","LTRENDIDX","M","2006-09",100.4451,
"G-7","BCI","AMPLITUD","LTRENDIDX","M","2006-10",100.3921,
"G-7","BCI","AMPLITUD","LTRENDIDX","M","2006-11",100.3701,
"G-7","BCI","AMPLITUD","LTRENDIDX","M","2006-12",100.382,
"G-7","BCI","AMPLITUD","LTRENDIDX","M","2007-01",100.3813,
"G-7","BCI","AMPLITUD","LTRENDIDX","M","2007-02",100.4431,
"G-7","BCI","AMPLITUD","LTRENDIDX","M","2007-03",100.5165,
"G-7","BCI","AMPLITUD","LTRENDIDX","M","2007-04",100.606,
"G-7","BCI","AMPLITUD","LTRENDIDX","M","2007-05",100.6551,
"G-7","BCI","AMPLITUD","LTRENDIDX","M","2007-06",100.6468,
"G-7","BCI","AMPLITUD","LTRENDIDX","M","2007-07",100.5473,
"G-7","BCI","AMPLITUD","LTRENDIDX","M","2007-08",100.4258,
"G-7","BCI","AMPLITUD","LTRENDIDX","M","2007-09",100.3291,
"G-7","BCI","AMPLITUD","LTRENDIDX","M","2007-10",100.2584,
"G-7","BCI","AMPLITUD","LTRENDIDX","M","2007-11",100.1915,
"G-7","BCI","AMPLITUD","LTRENDIDX","M","2007-12",100.1229,
"G-7","BCI","AMPLITUD","LTRENDIDX","M","2008-01",100.081,
"G-7","BCI","AMPLITUD","LTRENDIDX","M","2008-02",99.98693,
"G-7","BCI","AMPLITUD","LTRENDIDX","M","2008-03",99.92646,
"G-7","BCI","AMPLITUD","LTRENDIDX","M","2008-04",99.88394,
"G-7","BCI","AMPLITUD","LTRENDIDX","M","2008-05",99.87788,
"G-7","BCI","AMPLITUD","LTRENDIDX","M","2008-06",99.84477,
"G-7","BCI","AMPLITUD","LTRENDIDX","M","2008-07",99.6925,
"G-7","BCI","AMPLITUD","LTRENDIDX","M","2008-08",99.34798,
"G-7","BCI","AMPLITUD","LTRENDIDX","M","2008-09",98.75056,
"G-7","BCI","AMPLITUD","LTRENDIDX","M","2008-10",98.0638,
"G-7","BCI","AMPLITUD","LTRENDIDX","M","2008-11",97.45856,
"G-7","BCI","AMPLITUD","LTRENDIDX","M","2008-12",97.01836,
"G-7","BCI","AMPLITUD","LTRENDIDX","M","2009-01",96.82031,
"G-7","BCI","AMPLITUD","LTRENDIDX","M","2009-02",96.72742,
"G-7","BCI","AMPLITUD","LTRENDIDX","M","2009-03",96.78911,
"G-7","BCI","AMPLITUD","LTRENDIDX","M","2009-04",97.06593,
"G-7","BCI","AMPLITUD","LTRENDIDX","M","2009-05",97.44122,
"G-7","BCI","AMPLITUD","LTRENDIDX","M","2009-06",97.84931,
"G-7","BCI","AMPLITUD","LTRENDIDX","M","2009-07",98.28783,
"G-7","BCI","AMPLITUD","LTRENDIDX","M","2009-08",98.69949,
"G-7","BCI","AMPLITUD","LTRENDIDX","M","2009-09",98.99316,
"G-7","BCI","AMPLITUD","LTRENDIDX","M","2009-10",99.24183,
"G-7","BCI","AMPLITUD","LTRENDIDX","M","2009-11",99.42461,
"G-7","BCI","AMPLITUD","LTRENDIDX","M","2009-12",99.64944,
"G-7","BCI","AMPLITUD","LTRENDIDX","M","2010-01",99.93069,
"G-7","BCI","AMPLITUD","LTRENDIDX","M","2010-02",100.1917,
"G-7","BCI","AMPLITUD","LTRENDIDX","M","2010-03",100.4452,
"G-7","BCI","AMPLITUD","LTRENDIDX","M","2010-04",100.565,
"G-7","BCI","AMPLITUD","LTRENDIDX","M","2010-05",100.5452,
"G-7","BCI","AMPLITUD","LTRENDIDX","M","2010-06",100.4631,
"G-7","BCI","AMPLITUD","LTRENDIDX","M","2010-07",100.4498,
"G-7","BCI","AMPLITUD","LTRENDIDX","M","2010-08",100.5072,
"G-7","BCI","AMPLITUD","LTRENDIDX","M","2010-09",100.6256,
"G-7","BCI","AMPLITUD","LTRENDIDX","M","2010-10",100.7955,
"G-7","BCI","AMPLITUD","LTRENDIDX","M","2010-11",100.9713,
"G-7","BCI","AMPLITUD","LTRENDIDX","M","2010-12",101.1312,
"G-7","BCI","AMPLITUD","LTRENDIDX","M","2011-01",101.2436,
"G-7","BCI","AMPLITUD","LTRENDIDX","M","2011-02",101.2937,
"G-7","BCI","AMPLITUD","LTRENDIDX","M","2011-03",101.2383,
"G-7","BCI","AMPLITUD","LTRENDIDX","M","2011-04",101.0653,
"G-7","BCI","AMPLITUD","LTRENDIDX","M","2011-05",100.8013,
"G-7","BCI","AMPLITUD","LTRENDIDX","M","2011-06",100.6087,
"G-7","BCI","AMPLITUD","LTRENDIDX","M","2011-07",100.4074,
"G-7","BCI","AMPLITUD","LTRENDIDX","M","2011-08",100.2461,
"G-7","BCI","AMPLITUD","LTRENDIDX","M","2011-09",100.1083,
"G-7","BCI","AMPLITUD","LTRENDIDX","M","2011-10",100.005,
"G-7","BCI","AMPLITUD","LTRENDIDX","M","2011-11",99.98608,
"G-7","BCI","AMPLITUD","LTRENDIDX","M","2011-12",100.0407,
"G-7","BCI","AMPLITUD","LTRENDIDX","M","2012-01",100.1258,
"G-7","BCI","AMPLITUD","LTRENDIDX","M","2012-02",100.1907,
"G-7","BCI","AMPLITUD","LTRENDIDX","M","2012-03",100.1893,
"G-7","BCI","AMPLITUD","LTRENDIDX","M","2012-04",100.1135,
"G-7","BCI","AMPLITUD","LTRENDIDX","M","2012-05",99.93249,
"G-7","BCI","AMPLITUD","LTRENDIDX","M","2012-06",99.73001,
"G-7","BCI","AMPLITUD","LTRENDIDX","M","2012-07",99.5967,
"G-7","BCI","AMPLITUD","LTRENDIDX","M","2012-08",99.5383,
"G-7","BCI","AMPLITUD","LTRENDIDX","M","2012-09",99.50823,
"G-7","BCI","AMPLITUD","LTRENDIDX","M","2012-10",99.44376,
"G-7","BCI","AMPLITUD","LTRENDIDX","M","2012-11",99.41759,
"G-7","BCI","AMPLITUD","LTRENDIDX","M","2012-12",99.50805,
"G-7","BCI","AMPLITUD","LTRENDIDX","M","2013-01",99.66678,
"G-7","BCI","AMPLITUD","LTRENDIDX","M","2013-02",99.76356,
"G-7","BCI","AMPLITUD","LTRENDIDX","M","2013-03",99.71352,
"G-7","BCI","AMPLITUD","LTRENDIDX","M","2013-04",99.62679,
"G-7","BCI","AMPLITUD","LTRENDIDX","M","2013-05",99.64066,
"G-7","BCI","AMPLITUD","LTRENDIDX","M","2013-06",99.79697,
"G-7","BCI","AMPLITUD","LTRENDIDX","M","2013-07",100.0264,
"G-7","BCI","AMPLITUD","LTRENDIDX","M","2013-08",100.2608,
"G-7","BCI","AMPLITUD","LTRENDIDX","M","2013-09",100.428,
"G-7","BCI","AMPLITUD","LTRENDIDX","M","2013-10",100.5326,
"G-7","BCI","AMPLITUD","LTRENDIDX","M","2013-11",100.5956,
"G-7","BCI","AMPLITUD","LTRENDIDX","M","2013-12",100.5752,
"G-7","BCI","AMPLITUD","LTRENDIDX","M","2014-01",100.5048,
"G-7","BCI","AMPLITUD","LTRENDIDX","M","2014-02",100.5292,
"G-7","BCI","AMPLITUD","LTRENDIDX","M","2014-03",100.579,
"G-7","BCI","AMPLITUD","LTRENDIDX","M","2014-04",100.6251,
"G-7","BCI","AMPLITUD","LTRENDIDX","M","2014-05",100.6462,
"G-7","BCI","AMPLITUD","LTRENDIDX","M","2014-06",100.6477,
"G-7","BCI","AMPLITUD","LTRENDIDX","M","2014-07",100.6698,
"G-7","BCI","AMPLITUD","LTRENDIDX","M","2014-08",100.7077,
"G-7","BCI","AMPLITUD","LTRENDIDX","M","2014-09",100.7032,
"G-7","BCI","AMPLITUD","LTRENDIDX","M","2014-10",100.722,
"G-7","BCI","AMPLITUD","LTRENDIDX","M","2014-11",100.6948,
"G-7","BCI","AMPLITUD","LTRENDIDX","M","2014-12",100.5814,
"G-7","BCI","AMPLITUD","LTRENDIDX","M","2015-01",100.4595,
"G-7","BCI","AMPLITUD","LTRENDIDX","M","2015-02",100.3557,
"G-7","BCI","AMPLITUD","LTRENDIDX","M","2015-03",100.2708,
"G-7","BCI","AMPLITUD","LTRENDIDX","M","2015-04",100.2297,
"G-7","BCI","AMPLITUD","LTRENDIDX","M","2015-05",100.2375,
"G-7","BCI","AMPLITUD","LTRENDIDX","M","2015-06",100.2142,
"G-7","BCI","AMPLITUD","LTRENDIDX","M","2015-07",100.1438,
"G-7","BCI","AMPLITUD","LTRENDIDX","M","2015-08",100.0419,
"G-7","BCI","AMPLITUD","LTRENDIDX","M","2015-09",99.9398,
"G-7","BCI","AMPLITUD","LTRENDIDX","M","2015-10",99.84068,
"G-7","BCI","AMPLITUD","LTRENDIDX","M","2015-11",99.74374,
"G-7","BCI","AMPLITUD","LTRENDIDX","M","2015-12",99.69924,
"G-7","BCI","AMPLITUD","LTRENDIDX","M","2016-01",99.72286,
"G-7","BCI","AMPLITUD","LTRENDIDX","M","2016-02",99.81239,
"G-7","BCI","AMPLITUD","LTRENDIDX","M","2016-03",99.92775,
"G-7","BCI","AMPLITUD","LTRENDIDX","M","2016-04",100.0007,
"G-7","BCI","AMPLITUD","LTRENDIDX","M","2016-05",100.0742,
"G-7","BCI","AMPLITUD","LTRENDIDX","M","2016-06",100.1234,
"G-7","BCI","AMPLITUD","LTRENDIDX","M","2016-07",100.0795,
"G-7","BCI","AMPLITUD","LTRENDIDX","M","2016-08",100.0046,
"G-7","BCI","AMPLITUD","LTRENDIDX","M","2016-09",100.0531,
"G-7","BCI","AMPLITUD","LTRENDIDX","M","2016-10",100.1771,
"G-7","BCI","AMPLITUD","LTRENDIDX","M","2016-11",100.3516,
"G-7","BCI","AMPLITUD","LTRENDIDX","M","2016-12",100.5487,
"G-7","BCI","AMPLITUD","LTRENDIDX","M","2017-01",100.7333,
"G-7","BCI","AMPLITUD","LTRENDIDX","M","2017-02",100.8616,
"G-7","BCI","AMPLITUD","LTRENDIDX","M","2017-03",100.8845,
"G-7","BCI","AMPLITUD","LTRENDIDX","M","2017-04",100.8629,
"G-7","BCI","AMPLITUD","LTRENDIDX","M","2017-05",100.9059,
"G-7","BCI","AMPLITUD","LTRENDIDX","M","2017-06",101.0274,
"G-7","BCI","AMPLITUD","LTRENDIDX","M","2017-07",101.1114,
"KOR","BCI","AMPLITUD","LTRENDIDX","M","1991-07",99.6483,
"KOR","BCI","AMPLITUD","LTRENDIDX","M","1991-08",99.89874,
"KOR","BCI","AMPLITUD","LTRENDIDX","M","1991-09",100.2562,
"KOR","BCI","AMPLITUD","LTRENDIDX","M","1991-10",100.6844,
"KOR","BCI","AMPLITUD","LTRENDIDX","M","1991-11",101.1149,
"KOR","BCI","AMPLITUD","LTRENDIDX","M","1991-12",101.488,
"KOR","BCI","AMPLITUD","LTRENDIDX","M","1992-01",101.7912,
"KOR","BCI","AMPLITUD","LTRENDIDX","M","1992-02",102.0022,
"KOR","BCI","AMPLITUD","LTRENDIDX","M","1992-03",102.0909,
"KOR","BCI","AMPLITUD","LTRENDIDX","M","1992-04",102.1247,
"KOR","BCI","AMPLITUD","LTRENDIDX","M","1992-05",102.1797,
"KOR","BCI","AMPLITUD","LTRENDIDX","M","1992-06",102.3073,
"KOR","BCI","AMPLITUD","LTRENDIDX","M","1992-07",102.4785,
"KOR","BCI","AMPLITUD","LTRENDIDX","M","1992-08",102.6564,
"KOR","BCI","AMPLITUD","LTRENDIDX","M","1992-09",102.8117,
"KOR","BCI","AMPLITUD","LTRENDIDX","M","1992-10",102.9448,
"KOR","BCI","AMPLITUD","LTRENDIDX","M","1992-11",103.0472,
"KOR","BCI","AMPLITUD","LTRENDIDX","M","1992-12",103.0856,
"KOR","BCI","AMPLITUD","LTRENDIDX","M","1993-01",103.0173,
"KOR","BCI","AMPLITUD","LTRENDIDX","M","1993-02",102.7511,
"KOR","BCI","AMPLITUD","LTRENDIDX","M","1993-03",102.2162,
"KOR","BCI","AMPLITUD","LTRENDIDX","M","1993-04",101.6279,
"KOR","BCI","AMPLITUD","LTRENDIDX","M","1993-05",101.2842,
"KOR","BCI","AMPLITUD","LTRENDIDX","M","1993-06",101.4042,
"KOR","BCI","AMPLITUD","LTRENDIDX","M","1993-07",101.7327,
"KOR","BCI","AMPLITUD","LTRENDIDX","M","1993-08",101.9252,
"KOR","BCI","AMPLITUD","LTRENDIDX","M","1993-09",101.7341,
"KOR","BCI","AMPLITUD","LTRENDIDX","M","1993-10",101.3209,
"KOR","BCI","AMPLITUD","LTRENDIDX","M","1993-11",100.8963,
"KOR","BCI","AMPLITUD","LTRENDIDX","M","1993-12",100.594,
"KOR","BCI","AMPLITUD","LTRENDIDX","M","1994-01",100.3445,
"KOR","BCI","AMPLITUD","LTRENDIDX","M","1994-02",100.0248,
"KOR","BCI","AMPLITUD","LTRENDIDX","M","1994-03",99.5441,
"KOR","BCI","AMPLITUD","LTRENDIDX","M","1994-04",99.01114,
"KOR","BCI","AMPLITUD","LTRENDIDX","M","1994-05",98.59341,
"KOR","BCI","AMPLITUD","LTRENDIDX","M","1994-06",98.41727,
"KOR","BCI","AMPLITUD","LTRENDIDX","M","1994-07",98.36443,
"KOR","BCI","AMPLITUD","LTRENDIDX","M","1994-08",98.28319,
"KOR","BCI","AMPLITUD","LTRENDIDX","M","1994-09",98.08824,
"KOR","BCI","AMPLITUD","LTRENDIDX","M","1994-10",97.87701,
"KOR","BCI","AMPLITUD","LTRENDIDX","M","1994-11",97.80817,
"KOR","BCI","AMPLITUD","LTRENDIDX","M","1994-12",98.00806,
"KOR","BCI","AMPLITUD","LTRENDIDX","M","1995-01",98.32306,
"KOR","BCI","AMPLITUD","LTRENDIDX","M","1995-02",98.55341,
"KOR","BCI","AMPLITUD","LTRENDIDX","M","1995-03",98.5602,
"KOR","BCI","AMPLITUD","LTRENDIDX","M","1995-04",98.4687,
"KOR","BCI","AMPLITUD","LTRENDIDX","M","1995-05",98.4623,
"KOR","BCI","AMPLITUD","LTRENDIDX","M","1995-06",98.68648,
"KOR","BCI","AMPLITUD","LTRENDIDX","M","1995-07",99.05594,
"KOR","BCI","AMPLITUD","LTRENDIDX","M","1995-08",99.46413,
"KOR","BCI","AMPLITUD","LTRENDIDX","M","1995-09",99.83575,
"KOR","BCI","AMPLITUD","LTRENDIDX","M","1995-10",100.1523,
"KOR","BCI","AMPLITUD","LTRENDIDX","M","1995-11",100.3969,
"KOR","BCI","AMPLITUD","LTRENDIDX","M","1995-12",100.5425,
"KOR","BCI","AMPLITUD","LTRENDIDX","M","1996-01",100.6239,
"KOR","BCI","AMPLITUD","LTRENDIDX","M","1996-02",100.6739,
"KOR","BCI","AMPLITUD","LTRENDIDX","M","1996-03",100.7127,
"KOR","BCI","AMPLITUD","LTRENDIDX","M","1996-04",100.7794,
"KOR","BCI","AMPLITUD","LTRENDIDX","M","1996-05",100.9288,
"KOR","BCI","AMPLITUD","LTRENDIDX","M","1996-06",101.2114,
"KOR","BCI","AMPLITUD","LTRENDIDX","M","1996-07",101.5592,
"KOR","BCI","AMPLITUD","LTRENDIDX","M","1996-08",101.8898,
"KOR","BCI","AMPLITUD","LTRENDIDX","M","1996-09",102.1573,
"KOR","BCI","AMPLITUD","LTRENDIDX","M","1996-10",102.4087,
"KOR","BCI","AMPLITUD","LTRENDIDX","M","1996-11",102.7151,
"KOR","BCI","AMPLITUD","LTRENDIDX","M","1996-12",103.1084,
"KOR","BCI","AMPLITUD","LTRENDIDX","M","1997-01",103.4739,
"KOR","BCI","AMPLITUD","LTRENDIDX","M","1997-02",103.6259,
"KOR","BCI","AMPLITUD","LTRENDIDX","M","1997-03",103.411,
"KOR","BCI","AMPLITUD","LTRENDIDX","M","1997-04",103.0251,
"KOR","BCI","AMPLITUD","LTRENDIDX","M","1997-05",102.7244,
"KOR","BCI","AMPLITUD","LTRENDIDX","M","1997-06",102.6951,
"KOR","BCI","AMPLITUD","LTRENDIDX","M","1997-07",102.8504,
"KOR","BCI","AMPLITUD","LTRENDIDX","M","1997-08",103.0942,
"KOR","BCI","AMPLITUD","LTRENDIDX","M","1997-09",103.4001,
"KOR","BCI","AMPLITUD","LTRENDIDX","M","1997-10",103.8024,
"KOR","BCI","AMPLITUD","LTRENDIDX","M","1997-11",104.406,
"KOR","BCI","AMPLITUD","LTRENDIDX","M","1997-12",105.2897,
"KOR","BCI","AMPLITUD","LTRENDIDX","M","1998-01",106.2183,
"KOR","BCI","AMPLITUD","LTRENDIDX","M","1998-02",106.8498,
"KOR","BCI","AMPLITUD","LTRENDIDX","M","1998-03",106.908,
"KOR","BCI","AMPLITUD","LTRENDIDX","M","1998-04",106.6415,
"KOR","BCI","AMPLITUD","LTRENDIDX","M","1998-05",106.3316,
"KOR","BCI","AMPLITUD","LTRENDIDX","M","1998-06",106.1367,
"KOR","BCI","AMPLITUD","LTRENDIDX","M","1998-07",105.9689,
"KOR","BCI","AMPLITUD","LTRENDIDX","M","1998-08",105.6535,
"KOR","BCI","AMPLITUD","LTRENDIDX","M","1998-09",105.0497,
"KOR","BCI","AMPLITUD","LTRENDIDX","M","1998-10",104.3314,
"KOR","BCI","AMPLITUD","LTRENDIDX","M","1998-11",103.7346,
"KOR","BCI","AMPLITUD","LTRENDIDX","M","1998-12",103.409,
"KOR","BCI","AMPLITUD","LTRENDIDX","M","1999-01",103.1585,
"KOR","BCI","AMPLITUD","LTRENDIDX","M","1999-02",102.6851,
"KOR","BCI","AMPLITUD","LTRENDIDX","M","1999-03",101.7692,
"KOR","BCI","AMPLITUD","LTRENDIDX","M","1999-04",100.6606,
"KOR","BCI","AMPLITUD","LTRENDIDX","M","1999-05",99.70522,
"KOR","BCI","AMPLITUD","LTRENDIDX","M","1999-06",99.16421,
"KOR","BCI","AMPLITUD","LTRENDIDX","M","1999-07",98.87998,
"KOR","BCI","AMPLITUD","LTRENDIDX","M","1999-08",98.66483,
"KOR","BCI","AMPLITUD","LTRENDIDX","M","1999-09",98.42107,
"KOR","BCI","AMPLITUD","LTRENDIDX","M","1999-10",98.20376,
"KOR","BCI","AMPLITUD","LTRENDIDX","M","1999-11",98.14804,
"KOR","BCI","AMPLITUD","LTRENDIDX","M","1999-12",98.38163,
"KOR","BCI","AMPLITUD","LTRENDIDX","M","2000-01",98.76405,
"KOR","BCI","AMPLITUD","LTRENDIDX","M","2000-02",99.12196,
"KOR","BCI","AMPLITUD","LTRENDIDX","M","2000-03",99.33553,
"KOR","BCI","AMPLITUD","LTRENDIDX","M","2000-04",99.44947,
"KOR","BCI","AMPLITUD","LTRENDIDX","M","2000-05",99.54147,
"KOR","BCI","AMPLITUD","LTRENDIDX","M","2000-06",99.67863,
"KOR","BCI","AMPLITUD","LTRENDIDX","M","2000-07",99.90744,
"KOR","BCI","AMPLITUD","LTRENDIDX","M","2000-08",100.316,
"KOR","BCI","AMPLITUD","LTRENDIDX","M","2000-09",100.9925,
"KOR","BCI","AMPLITUD","LTRENDIDX","M","2000-10",101.8166,
"KOR","BCI","AMPLITUD","LTRENDIDX","M","2000-11",102.6375,
"KOR","BCI","AMPLITUD","LTRENDIDX","M","2000-12",103.3185,
"KOR","BCI","AMPLITUD","LTRENDIDX","M","2001-01",103.7709,
"KOR","BCI","AMPLITUD","LTRENDIDX","M","2001-02",103.824,
"KOR","BCI","AMPLITUD","LTRENDIDX","M","2001-03",103.3124,
"KOR","BCI","AMPLITUD","LTRENDIDX","M","2001-04",102.5734,
"KOR","BCI","AMPLITUD","LTRENDIDX","M","2001-05",102.0209,
"KOR","BCI","AMPLITUD","LTRENDIDX","M","2001-06",101.9467,
"KOR","BCI","AMPLITUD","LTRENDIDX","M","2001-07",102.1357,
"KOR","BCI","AMPLITUD","LTRENDIDX","M","2001-08",102.2908,
"KOR","BCI","AMPLITUD","LTRENDIDX","M","2001-09",102.1964,
"KOR","BCI","AMPLITUD","LTRENDIDX","M","2001-10",101.9149,
"KOR","BCI","AMPLITUD","LTRENDIDX","M","2001-11",101.5289,
"KOR","BCI","AMPLITUD","LTRENDIDX","M","2001-12",101.0713,
"KOR","BCI","AMPLITUD","LTRENDIDX","M","2002-01",100.5599,
"KOR","BCI","AMPLITUD","LTRENDIDX","M","2002-02",99.98563,
"KOR","BCI","AMPLITUD","LTRENDIDX","M","2002-03",99.35571,
"KOR","BCI","AMPLITUD","LTRENDIDX","M","2002-04",98.79855,
"KOR","BCI","AMPLITUD","LTRENDIDX","M","2002-05",98.52573,
"KOR","BCI","AMPLITUD","LTRENDIDX","M","2002-06",98.73278,
"KOR","BCI","AMPLITUD","LTRENDIDX","M","2002-07",99.20373,
"KOR","BCI","AMPLITUD","LTRENDIDX","M","2002-08",99.69023,
"KOR","BCI","AMPLITUD","LTRENDIDX","M","2002-09",100.0267,
"KOR","BCI","AMPLITUD","LTRENDIDX","M","2002-10",100.2299,
"KOR","BCI","AMPLITUD","LTRENDIDX","M","2002-11",100.2796,
"KOR","BCI","AMPLITUD","LTRENDIDX","M","2002-12",100.0327,
"KOR","BCI","AMPLITUD","LTRENDIDX","M","2003-01",99.29068,
"KOR","BCI","AMPLITUD","LTRENDIDX","M","2003-02",98.668,
"KOR","BCI","AMPLITUD","LTRENDIDX","M","2003-03",98.26681,
"KOR","BCI","AMPLITUD","LTRENDIDX","M","2003-04",98.06539,
"KOR","BCI","AMPLITUD","LTRENDIDX","M","2003-05",97.81139,
"KOR","BCI","AMPLITUD","LTRENDIDX","M","2003-06",97.53578,
"KOR","BCI","AMPLITUD","LTRENDIDX","M","2003-07",97.41616,
"KOR","BCI","AMPLITUD","LTRENDIDX","M","2003-08",97.54441,
"KOR","BCI","AMPLITUD","LTRENDIDX","M","2003-09",97.8119,
"KOR","BCI","AMPLITUD","LTRENDIDX","M","2003-10",98.09379,
"KOR","BCI","AMPLITUD","LTRENDIDX","M","2003-11",98.37228,
"KOR","BCI","AMPLITUD","LTRENDIDX","M","2003-12",98.61102,
"KOR","BCI","AMPLITUD","LTRENDIDX","M","2004-01",98.82825,
"KOR","BCI","AMPLITUD","LTRENDIDX","M","2004-02",99.05344,
"KOR","BCI","AMPLITUD","LTRENDIDX","M","2004-03",99.18816,
"KOR","BCI","AMPLITUD","LTRENDIDX","M","2004-04",99.13258,
"KOR","BCI","AMPLITUD","LTRENDIDX","M","2004-05",98.84616,
"KOR","BCI","AMPLITUD","LTRENDIDX","M","2004-06",98.55942,
"KOR","BCI","AMPLITUD","LTRENDIDX","M","2004-07",98.47434,
"KOR","BCI","AMPLITUD","LTRENDIDX","M","2004-08",98.58221,
"KOR","BCI","AMPLITUD","LTRENDIDX","M","2004-09",98.67059,
"KOR","BCI","AMPLITUD","LTRENDIDX","M","2004-10",98.64516,
"KOR","BCI","AMPLITUD","LTRENDIDX","M","2004-11",98.51959,
"KOR","BCI","AMPLITUD","LTRENDIDX","M","2004-12",98.40182,
"KOR","BCI","AMPLITUD","LTRENDIDX","M","2005-01",98.50248,
"KOR","BCI","AMPLITUD","LTRENDIDX","M","2005-02",98.82277,
"KOR","BCI","AMPLITUD","LTRENDIDX","M","2005-03",99.13202,
"KOR","BCI","AMPLITUD","LTRENDIDX","M","2005-04",99.23347,
"KOR","BCI","AMPLITUD","LTRENDIDX","M","2005-05",99.08481,
"KOR","BCI","AMPLITUD","LTRENDIDX","M","2005-06",98.89208,
"KOR","BCI","AMPLITUD","LTRENDIDX","M","2005-07",98.78951,
"KOR","BCI","AMPLITUD","LTRENDIDX","M","2005-08",98.87589,
"KOR","BCI","AMPLITUD","LTRENDIDX","M","2005-09",99.04367,
"KOR","BCI","AMPLITUD","LTRENDIDX","M","2005-10",99.20517,
"KOR","BCI","AMPLITUD","LTRENDIDX","M","2005-11",99.35921,
"KOR","BCI","AMPLITUD","LTRENDIDX","M","2005-12",99.58595,
"KOR","BCI","AMPLITUD","LTRENDIDX","M","2006-01",99.81461,
"KOR","BCI","AMPLITUD","LTRENDIDX","M","2006-02",100.0266,
"KOR","BCI","AMPLITUD","LTRENDIDX","M","2006-03",100.1832,
"KOR","BCI","AMPLITUD","LTRENDIDX","M","2006-04",100.1696,
"KOR","BCI","AMPLITUD","LTRENDIDX","M","2006-05",99.91229,
"KOR","BCI","AMPLITUD","LTRENDIDX","M","2006-06",99.58746,
"KOR","BCI","AMPLITUD","LTRENDIDX","M","2006-07",99.3317,
"KOR","BCI","AMPLITUD","LTRENDIDX","M","2006-08",99.33219,
"KOR","BCI","AMPLITUD","LTRENDIDX","M","2006-09",99.4965,
"KOR","BCI","AMPLITUD","LTRENDIDX","M","2006-10",99.60832,
"KOR","BCI","AMPLITUD","LTRENDIDX","M","2006-11",99.55388,
"KOR","BCI","AMPLITUD","LTRENDIDX","M","2006-12",99.40553,
"KOR","BCI","AMPLITUD","LTRENDIDX","M","2007-01",99.31983,
"KOR","BCI","AMPLITUD","LTRENDIDX","M","2007-02",99.45153,
"KOR","BCI","AMPLITUD","LTRENDIDX","M","2007-03",99.60943,
"KOR","BCI","AMPLITUD","LTRENDIDX","M","2007-04",99.74986,
"KOR","BCI","AMPLITUD","LTRENDIDX","M","2007-05",99.81875,
"KOR","BCI","AMPLITUD","LTRENDIDX","M","2007-06",99.8066,
"KOR","BCI","AMPLITUD","LTRENDIDX","M","2007-07",99.79681,
"KOR","BCI","AMPLITUD","LTRENDIDX","M","2007-08",99.78243,
"KOR","BCI","AMPLITUD","LTRENDIDX","M","2007-09",99.7541,
"KOR","BCI","AMPLITUD","LTRENDIDX","M","2007-10",99.75354,
"KOR","BCI","AMPLITUD","LTRENDIDX","M","2007-11",99.74555,
"KOR","BCI","AMPLITUD","LTRENDIDX","M","2007-12",99.69675,
"KOR","BCI","AMPLITUD","LTRENDIDX","M","2008-01",99.70072,
"KOR","BCI","AMPLITUD","LTRENDIDX","M","2008-02",99.79247,
"KOR","BCI","AMPLITUD","LTRENDIDX","M","2008-03",99.90533,
"KOR","BCI","AMPLITUD","LTRENDIDX","M","2008-04",99.97454,
"KOR","BCI","AMPLITUD","LTRENDIDX","M","2008-05",99.9026,
"KOR","BCI","AMPLITUD","LTRENDIDX","M","2008-06",99.76351,
"KOR","BCI","AMPLITUD","LTRENDIDX","M","2008-07",99.60126,
"KOR","BCI","AMPLITUD","LTRENDIDX","M","2008-08",99.33445,
"KOR","BCI","AMPLITUD","LTRENDIDX","M","2008-09",98.84038,
"KOR","BCI","AMPLITUD","LTRENDIDX","M","2008-10",97.98746,
"KOR","BCI","AMPLITUD","LTRENDIDX","M","2008-11",96.85576,
"KOR","BCI","AMPLITUD","LTRENDIDX","M","2008-12",95.9257,
"KOR","BCI","AMPLITUD","LTRENDIDX","M","2009-01",95.64685,
"KOR","BCI","AMPLITUD","LTRENDIDX","M","2009-02",95.88323,
"KOR","BCI","AMPLITUD","LTRENDIDX","M","2009-03",96.50475,
"KOR","BCI","AMPLITUD","LTRENDIDX","M","2009-04",97.22897,
"KOR","BCI","AMPLITUD","LTRENDIDX","M","2009-05",97.82006,
"KOR","BCI","AMPLITUD","LTRENDIDX","M","2009-06",98.26334,
"KOR","BCI","AMPLITUD","LTRENDIDX","M","2009-07",98.64297,
"KOR","BCI","AMPLITUD","LTRENDIDX","M","2009-08",99.0504,
"KOR","BCI","AMPLITUD","LTRENDIDX","M","2009-09",99.32188,
"KOR","BCI","AMPLITUD","LTRENDIDX","M","2009-10",99.45161,
"KOR","BCI","AMPLITUD","LTRENDIDX","M","2009-11",99.51558,
"KOR","BCI","AMPLITUD","LTRENDIDX","M","2009-12",99.69817,
"KOR","BCI","AMPLITUD","LTRENDIDX","M","2010-01",100.0328,
"KOR","BCI","AMPLITUD","LTRENDIDX","M","2010-02",100.3755,
"KOR","BCI","AMPLITUD","LTRENDIDX","M","2010-03",100.6178,
"KOR","BCI","AMPLITUD","LTRENDIDX","M","2010-04",100.773,
"KOR","BCI","AMPLITUD","LTRENDIDX","M","2010-05",100.8127,
"KOR","BCI","AMPLITUD","LTRENDIDX","M","2010-06",100.7067,
"KOR","BCI","AMPLITUD","LTRENDIDX","M","2010-07",100.5395,
"KOR","BCI","AMPLITUD","LTRENDIDX","M","2010-08",100.3431,
"KOR","BCI","AMPLITUD","LTRENDIDX","M","2010-09",100.1077,
"KOR","BCI","AMPLITUD","LTRENDIDX","M","2010-10",99.9389,
"KOR","BCI","AMPLITUD","LTRENDIDX","M","2010-11",99.90282,
"KOR","BCI","AMPLITUD","LTRENDIDX","M","2010-12",99.95999,
"KOR","BCI","AMPLITUD","LTRENDIDX","M","2011-01",100.0798,
"KOR","BCI","AMPLITUD","LTRENDIDX","M","2011-02",100.2224,
"KOR","BCI","AMPLITUD","LTRENDIDX","M","2011-03",100.336,
"KOR","BCI","AMPLITUD","LTRENDIDX","M","2011-04",100.3706,
"KOR","BCI","AMPLITUD","LTRENDIDX","M","2011-05",100.2035,
"KOR","BCI","AMPLITUD","LTRENDIDX","M","2011-06",99.95657,
"KOR","BCI","AMPLITUD","LTRENDIDX","M","2011-07",99.73307,
"KOR","BCI","AMPLITUD","LTRENDIDX","M","2011-08",99.55237,
"KOR","BCI","AMPLITUD","LTRENDIDX","M","2011-09",99.41701,
"KOR","BCI","AMPLITUD","LTRENDIDX","M","2011-10",99.21994,
"KOR","BCI","AMPLITUD","LTRENDIDX","M","2011-11",98.99708,
"KOR","BCI","AMPLITUD","LTRENDIDX","M","2011-12",98.85088,
"KOR","BCI","AMPLITUD","LTRENDIDX","M","2012-01",98.82152,
"KOR","BCI","AMPLITUD","LTRENDIDX","M","2012-02",98.95502,
"KOR","BCI","AMPLITUD","LTRENDIDX","M","2012-03",99.09807,
"KOR","BCI","AMPLITUD","LTRENDIDX","M","2012-04",99.15533,
"KOR","BCI","AMPLITUD","LTRENDIDX","M","2012-05",99.06361,
"KOR","BCI","AMPLITUD","LTRENDIDX","M","2012-06",98.85175,
"KOR","BCI","AMPLITUD","LTRENDIDX","M","2012-07",98.57606,
"KOR","BCI","AMPLITUD","LTRENDIDX","M","2012-08",98.37597,
"KOR","BCI","AMPLITUD","LTRENDIDX","M","2012-09",98.20265,
"KOR","BCI","AMPLITUD","LTRENDIDX","M","2012-10",98.09725,
"KOR","BCI","AMPLITUD","LTRENDIDX","M","2012-11",98.05162,
"KOR","BCI","AMPLITUD","LTRENDIDX","M","2012-12",98.11375,
"KOR","BCI","AMPLITUD","LTRENDIDX","M","2013-01",98.27709,
"KOR","BCI","AMPLITUD","LTRENDIDX","M","2013-02",98.53563,
"KOR","BCI","AMPLITUD","LTRENDIDX","M","2013-03",98.72058,
"KOR","BCI","AMPLITUD","LTRENDIDX","M","2013-04",98.86697,
"KOR","BCI","AMPLITUD","LTRENDIDX","M","2013-05",98.91148,
"KOR","BCI","AMPLITUD","LTRENDIDX","M","2013-06",98.85865,
"KOR","BCI","AMPLITUD","LTRENDIDX","M","2013-07",98.73637,
"KOR","BCI","AMPLITUD","LTRENDIDX","M","2013-08",98.6487,
"KOR","BCI","AMPLITUD","LTRENDIDX","M","2013-09",98.70274,
"KOR","BCI","AMPLITUD","LTRENDIDX","M","2013-10",98.78384,
"KOR","BCI","AMPLITUD","LTRENDIDX","M","2013-11",98.81402,
"KOR","BCI","AMPLITUD","LTRENDIDX","M","2013-12",98.82722,
"KOR","BCI","AMPLITUD","LTRENDIDX","M","2014-01",98.90005,
"KOR","BCI","AMPLITUD","LTRENDIDX","M","2014-02",99.02132,
"KOR","BCI","AMPLITUD","LTRENDIDX","M","2014-03",99.09743,
"KOR","BCI","AMPLITUD","LTRENDIDX","M","2014-04",99.10455,
"KOR","BCI","AMPLITUD","LTRENDIDX","M","2014-05",98.97349,
"KOR","BCI","AMPLITUD","LTRENDIDX","M","2014-06",98.77788,
"KOR","BCI","AMPLITUD","LTRENDIDX","M","2014-07",98.63084,
"KOR","BCI","AMPLITUD","LTRENDIDX","M","2014-08",98.568,
"KOR","BCI","AMPLITUD","LTRENDIDX","M","2014-09",98.57732,
"KOR","BCI","AMPLITUD","LTRENDIDX","M","2014-10",98.58378,
"KOR","BCI","AMPLITUD","LTRENDIDX","M","2014-11",98.63544,
"KOR","BCI","AMPLITUD","LTRENDIDX","M","2014-12",98.77973,
"KOR","BCI","AMPLITUD","LTRENDIDX","M","2015-01",98.97275,
"KOR","BCI","AMPLITUD","LTRENDIDX","M","2015-02",99.13031,
"KOR","BCI","AMPLITUD","LTRENDIDX","M","2015-03",99.13033,
"KOR","BCI","AMPLITUD","LTRENDIDX","M","2015-04",98.9678,
"KOR","BCI","AMPLITUD","LTRENDIDX","M","2015-05",98.59846,
"KOR","BCI","AMPLITUD","LTRENDIDX","M","2015-06",98.25771,
"KOR","BCI","AMPLITUD","LTRENDIDX","M","2015-07",98.1265,
"KOR","BCI","AMPLITUD","LTRENDIDX","M","2015-08",98.12524,
"KOR","BCI","AMPLITUD","LTRENDIDX","M","2015-09",98.16208,
"KOR","BCI","AMPLITUD","LTRENDIDX","M","2015-10",98.2124,
"KOR","BCI","AMPLITUD","LTRENDIDX","M","2015-11",98.2038,
"KOR","BCI","AMPLITUD","LTRENDIDX","M","2015-12",98.12204,
"KOR","BCI","AMPLITUD","LTRENDIDX","M","2016-01",98.05878,
"KOR","BCI","AMPLITUD","LTRENDIDX","M","2016-02",98.05882,
"KOR","BCI","AMPLITUD","LTRENDIDX","M","2016-03",98.18346,
"KOR","BCI","AMPLITUD","LTRENDIDX","M","2016-04",98.35409,
"KOR","BCI","AMPLITUD","LTRENDIDX","M","2016-05",98.42292,
"KOR","BCI","AMPLITUD","LTRENDIDX","M","2016-06",98.43222,
"KOR","BCI","AMPLITUD","LTRENDIDX","M","2016-07",98.42816,
"KOR","BCI","AMPLITUD","LTRENDIDX","M","2016-08",98.41254,
"KOR","BCI","AMPLITUD","LTRENDIDX","M","2016-09",98.38585,
"KOR","BCI","AMPLITUD","LTRENDIDX","M","2016-10",98.40202,
"KOR","BCI","AMPLITUD","LTRENDIDX","M","2016-11",98.47785,
"KOR","BCI","AMPLITUD","LTRENDIDX","M","2016-12",98.57687,
"KOR","BCI","AMPLITUD","LTRENDIDX","M","2017-01",98.72884,
"KOR","BCI","AMPLITUD","LTRENDIDX","M","2017-02",98.89169,
"KOR","BCI","AMPLITUD","LTRENDIDX","M","2017-03",99.03395,
"KOR","BCI","AMPLITUD","LTRENDIDX","M","2017-04",99.05004,
"KOR","BCI","AMPLITUD","LTRENDIDX","M","2017-05",98.96973,
"KOR","BCI","AMPLITUD","LTRENDIDX","M","2017-06",98.86382,
"KOR","BCI","AMPLITUD","LTRENDIDX","M","2017-07",98.76822,
"SWE","BCI","AMPLITUD","LTRENDIDX","M","1996-01",99.39363,
"SWE","BCI","AMPLITUD","LTRENDIDX","M","1996-02",99.08753,
"SWE","BCI","AMPLITUD","LTRENDIDX","M","1996-03",98.75536,
"SWE","BCI","AMPLITUD","LTRENDIDX","M","1996-04",98.4612,
"SWE","BCI","AMPLITUD","LTRENDIDX","M","1996-05",98.18529,
"SWE","BCI","AMPLITUD","LTRENDIDX","M","1996-06",98.00731,
"SWE","BCI","AMPLITUD","LTRENDIDX","M","1996-07",98.05019,
"SWE","BCI","AMPLITUD","LTRENDIDX","M","1996-08",98.2625,
"SWE","BCI","AMPLITUD","LTRENDIDX","M","1996-09",98.54964,
"SWE","BCI","AMPLITUD","LTRENDIDX","M","1996-10",98.76717,
"SWE","BCI","AMPLITUD","LTRENDIDX","M","1996-11",98.78175,
"SWE","BCI","AMPLITUD","LTRENDIDX","M","1996-12",98.744,
"SWE","BCI","AMPLITUD","LTRENDIDX","M","1997-01",98.82079,
"SWE","BCI","AMPLITUD","LTRENDIDX","M","1997-02",99.0274,
"SWE","BCI","AMPLITUD","LTRENDIDX","M","1997-03",99.35629,
"SWE","BCI","AMPLITUD","LTRENDIDX","M","1997-04",99.61803,
"SWE","BCI","AMPLITUD","LTRENDIDX","M","1997-05",99.79262,
"SWE","BCI","AMPLITUD","LTRENDIDX","M","1997-06",100.1,
"SWE","BCI","AMPLITUD","LTRENDIDX","M","1997-07",100.4618,
"SWE","BCI","AMPLITUD","LTRENDIDX","M","1997-08",100.8104,
"SWE","BCI","AMPLITUD","LTRENDIDX","M","1997-09",101.0757,
"SWE","BCI","AMPLITUD","LTRENDIDX","M","1997-10",101.2005,
"SWE","BCI","AMPLITUD","LTRENDIDX","M","1997-11",101.1909,
"SWE","BCI","AMPLITUD","LTRENDIDX","M","1997-12",101.1188,
"SWE","BCI","AMPLITUD","LTRENDIDX","M","1998-01",101.0361,
"SWE","BCI","AMPLITUD","LTRENDIDX","M","1998-02",100.9995,
"SWE","BCI","AMPLITUD","LTRENDIDX","M","1998-03",100.9795,
"SWE","BCI","AMPLITUD","LTRENDIDX","M","1998-04",101.023,
"SWE","BCI","AMPLITUD","LTRENDIDX","M","1998-05",101.1469,
"SWE","BCI","AMPLITUD","LTRENDIDX","M","1998-06",101.1524,
"SWE","BCI","AMPLITUD","LTRENDIDX","M","1998-07",100.9755,
"SWE","BCI","AMPLITUD","LTRENDIDX","M","1998-08",100.6503,
"SWE","BCI","AMPLITUD","LTRENDIDX","M","1998-09",100.2954,
"SWE","BCI","AMPLITUD","LTRENDIDX","M","1998-10",99.91749,
"SWE","BCI","AMPLITUD","LTRENDIDX","M","1998-11",99.51289,
"SWE","BCI","AMPLITUD","LTRENDIDX","M","1998-12",99.0185,
"SWE","BCI","AMPLITUD","LTRENDIDX","M","1999-01",98.47895,
"SWE","BCI","AMPLITUD","LTRENDIDX","M","1999-02",98.12973,
"SWE","BCI","AMPLITUD","LTRENDIDX","M","1999-03",98.0508,
"SWE","BCI","AMPLITUD","LTRENDIDX","M","1999-04",98.23101,
"SWE","BCI","AMPLITUD","LTRENDIDX","M","1999-05",98.67874,
"SWE","BCI","AMPLITUD","LTRENDIDX","M","1999-06",99.13087,
"SWE","BCI","AMPLITUD","LTRENDIDX","M","1999-07",99.50683,
"SWE","BCI","AMPLITUD","LTRENDIDX","M","1999-08",99.80453,
"SWE","BCI","AMPLITUD","LTRENDIDX","M","1999-09",100.0409,
"SWE","BCI","AMPLITUD","LTRENDIDX","M","1999-10",100.2861,
"SWE","BCI","AMPLITUD","LTRENDIDX","M","1999-11",100.5226,
"SWE","BCI","AMPLITUD","LTRENDIDX","M","1999-12",100.8108,
"SWE","BCI","AMPLITUD","LTRENDIDX","M","2000-01",101.1636,
"SWE","BCI","AMPLITUD","LTRENDIDX","M","2000-02",101.5904,
"SWE","BCI","AMPLITUD","LTRENDIDX","M","2000-03",101.9813,
"SWE","BCI","AMPLITUD","LTRENDIDX","M","2000-04",102.1553,
"SWE","BCI","AMPLITUD","LTRENDIDX","M","2000-05",102.1019,
"SWE","BCI","AMPLITUD","LTRENDIDX","M","2000-06",102.0766,
"SWE","BCI","AMPLITUD","LTRENDIDX","M","2000-07",102.1788,
"SWE","BCI","AMPLITUD","LTRENDIDX","M","2000-08",102.2355,
"SWE","BCI","AMPLITUD","LTRENDIDX","M","2000-09",102.173,
"SWE","BCI","AMPLITUD","LTRENDIDX","M","2000-10",102.0876,
"SWE","BCI","AMPLITUD","LTRENDIDX","M","2000-11",101.8486,
"SWE","BCI","AMPLITUD","LTRENDIDX","M","2000-12",101.3423,
"SWE","BCI","AMPLITUD","LTRENDIDX","M","2001-01",100.6475,
"SWE","BCI","AMPLITUD","LTRENDIDX","M","2001-02",100.0197,
"SWE","BCI","AMPLITUD","LTRENDIDX","M","2001-03",99.44726,
"SWE","BCI","AMPLITUD","LTRENDIDX","M","2001-04",98.93066,
"SWE","BCI","AMPLITUD","LTRENDIDX","M","2001-05",98.40658,
"SWE","BCI","AMPLITUD","LTRENDIDX","M","2001-06",97.94794,
"SWE","BCI","AMPLITUD","LTRENDIDX","M","2001-07",97.68694,
"SWE","BCI","AMPLITUD","LTRENDIDX","M","2001-08",97.5933,
"SWE","BCI","AMPLITUD","LTRENDIDX","M","2001-09",97.46638,
"SWE","BCI","AMPLITUD","LTRENDIDX","M","2001-10",97.25031,
"SWE","BCI","AMPLITUD","LTRENDIDX","M","2001-11",97.27161,
"SWE","BCI","AMPLITUD","LTRENDIDX","M","2001-12",97.55351,
"SWE","BCI","AMPLITUD","LTRENDIDX","M","2002-01",97.93711,
"SWE","BCI","AMPLITUD","LTRENDIDX","M","2002-02",98.38473,
"SWE","BCI","AMPLITUD","LTRENDIDX","M","2002-03",98.77037,
"SWE","BCI","AMPLITUD","LTRENDIDX","M","2002-04",99.03333,
"SWE","BCI","AMPLITUD","LTRENDIDX","M","2002-05",99.26704,
"SWE","BCI","AMPLITUD","LTRENDIDX","M","2002-06",99.48792,
"SWE","BCI","AMPLITUD","LTRENDIDX","M","2002-07",99.40149,
"SWE","BCI","AMPLITUD","LTRENDIDX","M","2002-08",99.28904,
"SWE","BCI","AMPLITUD","LTRENDIDX","M","2002-09",99.16063,
"SWE","BCI","AMPLITUD","LTRENDIDX","M","2002-10",98.89912,
"SWE","BCI","AMPLITUD","LTRENDIDX","M","2002-11",98.80002,
"SWE","BCI","AMPLITUD","LTRENDIDX","M","2002-12",99.10514,
"SWE","BCI","AMPLITUD","LTRENDIDX","M","2003-01",99.72211,
"SWE","BCI","AMPLITUD","LTRENDIDX","M","2003-02",100.378,
"SWE","BCI","AMPLITUD","LTRENDIDX","M","2003-03",100.5717,
"SWE","BCI","AMPLITUD","LTRENDIDX","M","2003-04",100.3109,
"SWE","BCI","AMPLITUD","LTRENDIDX","M","2003-05",99.72756,
"SWE","BCI","AMPLITUD","LTRENDIDX","M","2003-06",98.88058,
"SWE","BCI","AMPLITUD","LTRENDIDX","M","2003-07",98.38645,
"SWE","BCI","AMPLITUD","LTRENDIDX","M","2003-08",98.41518,
"SWE","BCI","AMPLITUD","LTRENDIDX","M","2003-09",98.56749,
"SWE","BCI","AMPLITUD","LTRENDIDX","M","2003-10",98.76368,
"SWE","BCI","AMPLITUD","LTRENDIDX","M","2003-11",98.94889,
"SWE","BCI","AMPLITUD","LTRENDIDX","M","2003-12",99.19753,
"SWE","BCI","AMPLITUD","LTRENDIDX","M","2004-01",99.44896,
"SWE","BCI","AMPLITUD","LTRENDIDX","M","2004-02",99.57524,
"SWE","BCI","AMPLITUD","LTRENDIDX","M","2004-03",99.71509,
"SWE","BCI","AMPLITUD","LTRENDIDX","M","2004-04",100.0526,
"SWE","BCI","AMPLITUD","LTRENDIDX","M","2004-05",100.4245,
"SWE","BCI","AMPLITUD","LTRENDIDX","M","2004-06",100.6783,
"SWE","BCI","AMPLITUD","LTRENDIDX","M","2004-07",100.8862,
"SWE","BCI","AMPLITUD","LTRENDIDX","M","2004-08",100.9959,
"SWE","BCI","AMPLITUD","LTRENDIDX","M","2004-09",101.0503,
"SWE","BCI","AMPLITUD","LTRENDIDX","M","2004-10",100.9513,
"SWE","BCI","AMPLITUD","LTRENDIDX","M","2004-11",100.9268,
"SWE","BCI","AMPLITUD","LTRENDIDX","M","2004-12",100.8552,
"SWE","BCI","AMPLITUD","LTRENDIDX","M","2005-01",100.7326,
"SWE","BCI","AMPLITUD","LTRENDIDX","M","2005-02",100.3013,
"SWE","BCI","AMPLITUD","LTRENDIDX","M","2005-03",99.72617,
"SWE","BCI","AMPLITUD","LTRENDIDX","M","2005-04",99.33015,
"SWE","BCI","AMPLITUD","LTRENDIDX","M","2005-05",99.21985,
"SWE","BCI","AMPLITUD","LTRENDIDX","M","2005-06",99.17538,
"SWE","BCI","AMPLITUD","LTRENDIDX","M","2005-07",99.14041,
"SWE","BCI","AMPLITUD","LTRENDIDX","M","2005-08",99.23498,
"SWE","BCI","AMPLITUD","LTRENDIDX","M","2005-09",99.33163,
"SWE","BCI","AMPLITUD","LTRENDIDX","M","2005-10",99.56207,
"SWE","BCI","AMPLITUD","LTRENDIDX","M","2005-11",99.74585,
"SWE","BCI","AMPLITUD","LTRENDIDX","M","2005-12",100.0776,
"SWE","BCI","AMPLITUD","LTRENDIDX","M","2006-01",100.3893,
"SWE","BCI","AMPLITUD","LTRENDIDX","M","2006-02",100.4835,
"SWE","BCI","AMPLITUD","LTRENDIDX","M","2006-03",100.5486,
"SWE","BCI","AMPLITUD","LTRENDIDX","M","2006-04",100.67,
"SWE","BCI","AMPLITUD","LTRENDIDX","M","2006-05",100.8275,
"SWE","BCI","AMPLITUD","LTRENDIDX","M","2006-06",101.1223,
"SWE","BCI","AMPLITUD","LTRENDIDX","M","2006-07",101.2243,
"SWE","BCI","AMPLITUD","LTRENDIDX","M","2006-08",101.1367,
"SWE","BCI","AMPLITUD","LTRENDIDX","M","2006-09",101.1733,
"SWE","BCI","AMPLITUD","LTRENDIDX","M","2006-10",101.3342,
"SWE","BCI","AMPLITUD","LTRENDIDX","M","2006-11",101.4592,
"SWE","BCI","AMPLITUD","LTRENDIDX","M","2006-12",101.3516,
"SWE","BCI","AMPLITUD","LTRENDIDX","M","2007-01",101.3016,
"SWE","BCI","AMPLITUD","LTRENDIDX","M","2007-02",101.4192,
"SWE","BCI","AMPLITUD","LTRENDIDX","M","2007-03",101.731,
"SWE","BCI","AMPLITUD","LTRENDIDX","M","2007-04",102.0632,
"SWE","BCI","AMPLITUD","LTRENDIDX","M","2007-05",102.1089,
"SWE","BCI","AMPLITUD","LTRENDIDX","M","2007-06",102.0616,
"SWE","BCI","AMPLITUD","LTRENDIDX","M","2007-07",101.8255,
"SWE","BCI","AMPLITUD","LTRENDIDX","M","2007-08",101.4109,
"SWE","BCI","AMPLITUD","LTRENDIDX","M","2007-09",101.107,
"SWE","BCI","AMPLITUD","LTRENDIDX","M","2007-10",101.0107,
"SWE","BCI","AMPLITUD","LTRENDIDX","M","2007-11",100.9508,
"SWE","BCI","AMPLITUD","LTRENDIDX","M","2007-12",100.9004,
"SWE","BCI","AMPLITUD","LTRENDIDX","M","2008-01",100.7366,
"SWE","BCI","AMPLITUD","LTRENDIDX","M","2008-02",100.6233,
"SWE","BCI","AMPLITUD","LTRENDIDX","M","2008-03",100.6207,
"SWE","BCI","AMPLITUD","LTRENDIDX","M","2008-04",100.5139,
"SWE","BCI","AMPLITUD","LTRENDIDX","M","2008-05",100.1641,
"SWE","BCI","AMPLITUD","LTRENDIDX","M","2008-06",99.63078,
"SWE","BCI","AMPLITUD","LTRENDIDX","M","2008-07",99.18951,
"SWE","BCI","AMPLITUD","LTRENDIDX","M","2008-08",98.78929,
"SWE","BCI","AMPLITUD","LTRENDIDX","M","2008-09",98.28822,
"SWE","BCI","AMPLITUD","LTRENDIDX","M","2008-10",97.50565,
"SWE","BCI","AMPLITUD","LTRENDIDX","M","2008-11",96.56512,
"SWE","BCI","AMPLITUD","LTRENDIDX","M","2008-12",95.77504,
"SWE","BCI","AMPLITUD","LTRENDIDX","M","2009-01",95.39866,
"SWE","BCI","AMPLITUD","LTRENDIDX","M","2009-02",95.13094,
"SWE","BCI","AMPLITUD","LTRENDIDX","M","2009-03",94.87054,
"SWE","BCI","AMPLITUD","LTRENDIDX","M","2009-04",94.97161,
"SWE","BCI","AMPLITUD","LTRENDIDX","M","2009-05",95.41268,
"SWE","BCI","AMPLITUD","LTRENDIDX","M","2009-06",95.9803,
"SWE","BCI","AMPLITUD","LTRENDIDX","M","2009-07",96.69811,
"SWE","BCI","AMPLITUD","LTRENDIDX","M","2009-08",97.18012,
"SWE","BCI","AMPLITUD","LTRENDIDX","M","2009-09",97.51077,
"SWE","BCI","AMPLITUD","LTRENDIDX","M","2009-10",98.016,
"SWE","BCI","AMPLITUD","LTRENDIDX","M","2009-11",98.63204,
"SWE","BCI","AMPLITUD","LTRENDIDX","M","2009-12",99.31779,
"SWE","BCI","AMPLITUD","LTRENDIDX","M","2010-01",99.94498,
"SWE","BCI","AMPLITUD","LTRENDIDX","M","2010-02",100.4826,
"SWE","BCI","AMPLITUD","LTRENDIDX","M","2010-03",100.7334,
"SWE","BCI","AMPLITUD","LTRENDIDX","M","2010-04",100.8092,
"SWE","BCI","AMPLITUD","LTRENDIDX","M","2010-05",101.1643,
"SWE","BCI","AMPLITUD","LTRENDIDX","M","2010-06",101.5552,
"SWE","BCI","AMPLITUD","LTRENDIDX","M","2010-07",101.745,
"SWE","BCI","AMPLITUD","LTRENDIDX","M","2010-08",102.0938,
"SWE","BCI","AMPLITUD","LTRENDIDX","M","2010-09",102.3718,
"SWE","BCI","AMPLITUD","LTRENDIDX","M","2010-10",102.2807,
"SWE","BCI","AMPLITUD","LTRENDIDX","M","2010-11",102.2359,
"SWE","BCI","AMPLITUD","LTRENDIDX","M","2010-12",102.2709,
"SWE","BCI","AMPLITUD","LTRENDIDX","M","2011-01",102.5249,
"SWE","BCI","AMPLITUD","LTRENDIDX","M","2011-02",102.6702,
"SWE","BCI","AMPLITUD","LTRENDIDX","M","2011-03",102.6866,
"SWE","BCI","AMPLITUD","LTRENDIDX","M","2011-04",102.5255,
"SWE","BCI","AMPLITUD","LTRENDIDX","M","2011-05",102.3795,
"SWE","BCI","AMPLITUD","LTRENDIDX","M","2011-06",101.9564,
"SWE","BCI","AMPLITUD","LTRENDIDX","M","2011-07",101.2586,
"SWE","BCI","AMPLITUD","LTRENDIDX","M","2011-08",100.595,
"SWE","BCI","AMPLITUD","LTRENDIDX","M","2011-09",100.0442,
"SWE","BCI","AMPLITUD","LTRENDIDX","M","2011-10",99.5017,
"SWE","BCI","AMPLITUD","LTRENDIDX","M","2011-11",98.99327,
"SWE","BCI","AMPLITUD","LTRENDIDX","M","2011-12",98.71103,
"SWE","BCI","AMPLITUD","LTRENDIDX","M","2012-01",98.65187,
"SWE","BCI","AMPLITUD","LTRENDIDX","M","2012-02",98.9946,
"SWE","BCI","AMPLITUD","LTRENDIDX","M","2012-03",99.62121,
"SWE","BCI","AMPLITUD","LTRENDIDX","M","2012-04",99.9165,
"SWE","BCI","AMPLITUD","LTRENDIDX","M","2012-05",99.97671,
"SWE","BCI","AMPLITUD","LTRENDIDX","M","2012-06",99.79204,
"SWE","BCI","AMPLITUD","LTRENDIDX","M","2012-07",99.48713,
"SWE","BCI","AMPLITUD","LTRENDIDX","M","2012-08",99.0469,
"SWE","BCI","AMPLITUD","LTRENDIDX","M","2012-09",98.58981,
"SWE","BCI","AMPLITUD","LTRENDIDX","M","2012-10",98.09618,
"SWE","BCI","AMPLITUD","LTRENDIDX","M","2012-11",97.84949,
"SWE","BCI","AMPLITUD","LTRENDIDX","M","2012-12",97.90162,
"SWE","BCI","AMPLITUD","LTRENDIDX","M","2013-01",98.09811,
"SWE","BCI","AMPLITUD","LTRENDIDX","M","2013-02",98.46897,
"SWE","BCI","AMPLITUD","LTRENDIDX","M","2013-03",98.66835,
"SWE","BCI","AMPLITUD","LTRENDIDX","M","2013-04",98.69525,
"SWE","BCI","AMPLITUD","LTRENDIDX","M","2013-05",98.59924,
"SWE","BCI","AMPLITUD","LTRENDIDX","M","2013-06",98.72251,
"SWE","BCI","AMPLITUD","LTRENDIDX","M","2013-07",98.92574,
"SWE","BCI","AMPLITUD","LTRENDIDX","M","2013-08",99.14512,
"SWE","BCI","AMPLITUD","LTRENDIDX","M","2013-09",99.28405,
"SWE","BCI","AMPLITUD","LTRENDIDX","M","2013-10",99.67403,
"SWE","BCI","AMPLITUD","LTRENDIDX","M","2013-11",100.1289,
"SWE","BCI","AMPLITUD","LTRENDIDX","M","2013-12",100.33,
"SWE","BCI","AMPLITUD","LTRENDIDX","M","2014-01",100.3047,
"SWE","BCI","AMPLITUD","LTRENDIDX","M","2014-02",100.1149,
"SWE","BCI","AMPLITUD","LTRENDIDX","M","2014-03",100.0082,
"SWE","BCI","AMPLITUD","LTRENDIDX","M","2014-04",100.0229,
"SWE","BCI","AMPLITUD","LTRENDIDX","M","2014-05",99.92052,
"SWE","BCI","AMPLITUD","LTRENDIDX","M","2014-06",100.073,
"SWE","BCI","AMPLITUD","LTRENDIDX","M","2014-07",100.41,
"SWE","BCI","AMPLITUD","LTRENDIDX","M","2014-08",100.7095,
"SWE","BCI","AMPLITUD","LTRENDIDX","M","2014-09",100.7983,
"SWE","BCI","AMPLITUD","LTRENDIDX","M","2014-10",100.9494,
"SWE","BCI","AMPLITUD","LTRENDIDX","M","2014-11",101.0648,
"SWE","BCI","AMPLITUD","LTRENDIDX","M","2014-12",101.015,
"SWE","BCI","AMPLITUD","LTRENDIDX","M","2015-01",100.8559,
"SWE","BCI","AMPLITUD","LTRENDIDX","M","2015-02",100.5621,
"SWE","BCI","AMPLITUD","LTRENDIDX","M","2015-03",100.1862,
"SWE","BCI","AMPLITUD","LTRENDIDX","M","2015-04",99.89933,
"SWE","BCI","AMPLITUD","LTRENDIDX","M","2015-05",99.98751,
"SWE","BCI","AMPLITUD","LTRENDIDX","M","2015-06",100.1732,
"SWE","BCI","AMPLITUD","LTRENDIDX","M","2015-07",100.3975,
"SWE","BCI","AMPLITUD","LTRENDIDX","M","2015-08",100.6659,
"SWE","BCI","AMPLITUD","LTRENDIDX","M","2015-09",100.9506,
"SWE","BCI","AMPLITUD","LTRENDIDX","M","2015-10",101.2543,
"SWE","BCI","AMPLITUD","LTRENDIDX","M","2015-11",101.5155,
"SWE","BCI","AMPLITUD","LTRENDIDX","M","2015-12",101.9533,
"SWE","BCI","AMPLITUD","LTRENDIDX","M","2016-01",102.2527,
"SWE","BCI","AMPLITUD","LTRENDIDX","M","2016-02",102.0755,
"SWE","BCI","AMPLITUD","LTRENDIDX","M","2016-03",101.6318,
"SWE","BCI","AMPLITUD","LTRENDIDX","M","2016-04",101.1287,
"SWE","BCI","AMPLITUD","LTRENDIDX","M","2016-05",100.7399,
"SWE","BCI","AMPLITUD","LTRENDIDX","M","2016-06",100.4281,
"SWE","BCI","AMPLITUD","LTRENDIDX","M","2016-07",100.1445,
"SWE","BCI","AMPLITUD","LTRENDIDX","M","2016-08",99.98199,
"SWE","BCI","AMPLITUD","LTRENDIDX","M","2016-09",100.19,
"SWE","BCI","AMPLITUD","LTRENDIDX","M","2016-10",100.8306,
"SWE","BCI","AMPLITUD","LTRENDIDX","M","2016-11",101.6022,
"SWE","BCI","AMPLITUD","LTRENDIDX","M","2016-12",102.2907,
"SWE","BCI","AMPLITUD","LTRENDIDX","M","2017-01",102.5037,
"SWE","BCI","AMPLITUD","LTRENDIDX","M","2017-02",102.4856,
"SWE","BCI","AMPLITUD","LTRENDIDX","M","2017-03",102.5244,
"SWE","BCI","AMPLITUD","LTRENDIDX","M","2017-04",102.859,
"SWE","BCI","AMPLITUD","LTRENDIDX","M","2017-05",103.0396,
"SWE","BCI","AMPLITUD","LTRENDIDX","M","2017-06",103.1748,
"SWE","BCI","AMPLITUD","LTRENDIDX","M","2017-07",103.2926,
"MEX","BCI","AMPLITUD","LTRENDIDX","M","1998-01",101.7971,
"MEX","BCI","AMPLITUD","LTRENDIDX","M","1998-02",101.5887,
"MEX","BCI","AMPLITUD","LTRENDIDX","M","1998-03",101.3106,
"MEX","BCI","AMPLITUD","LTRENDIDX","M","1998-04",101.074,
"MEX","BCI","AMPLITUD","LTRENDIDX","M","1998-05",100.9337,
"MEX","BCI","AMPLITUD","LTRENDIDX","M","1998-06",100.5845,
"MEX","BCI","AMPLITUD","LTRENDIDX","M","1998-07",99.81181,
"MEX","BCI","AMPLITUD","LTRENDIDX","M","1998-08",98.56712,
"MEX","BCI","AMPLITUD","LTRENDIDX","M","1998-09",97.44198,
"MEX","BCI","AMPLITUD","LTRENDIDX","M","1998-10",96.98734,
"MEX","BCI","AMPLITUD","LTRENDIDX","M","1998-11",96.92555,
"MEX","BCI","AMPLITUD","LTRENDIDX","M","1998-12",97.13441,
"MEX","BCI","AMPLITUD","LTRENDIDX","M","1999-01",97.74297,
"MEX","BCI","AMPLITUD","LTRENDIDX","M","1999-02",98.67152,
"MEX","BCI","AMPLITUD","LTRENDIDX","M","1999-03",99.51471,
"MEX","BCI","AMPLITUD","LTRENDIDX","M","1999-04",100.1664,
"MEX","BCI","AMPLITUD","LTRENDIDX","M","1999-05",100.5522,
"MEX","BCI","AMPLITUD","LTRENDIDX","M","1999-06",100.8264,
"MEX","BCI","AMPLITUD","LTRENDIDX","M","1999-07",100.9769,
"MEX","BCI","AMPLITUD","LTRENDIDX","M","1999-08",101.1203,
"MEX","BCI","AMPLITUD","LTRENDIDX","M","1999-09",101.1448,
"MEX","BCI","AMPLITUD","LTRENDIDX","M","1999-10",100.9883,
"MEX","BCI","AMPLITUD","LTRENDIDX","M","1999-11",100.8798,
"MEX","BCI","AMPLITUD","LTRENDIDX","M","1999-12",101.0332,
"MEX","BCI","AMPLITUD","LTRENDIDX","M","2000-01",101.2993,
"MEX","BCI","AMPLITUD","LTRENDIDX","M","2000-02",101.5457,
"MEX","BCI","AMPLITUD","LTRENDIDX","M","2000-03",101.5777,
"MEX","BCI","AMPLITUD","LTRENDIDX","M","2000-04",101.4503,
"MEX","BCI","AMPLITUD","LTRENDIDX","M","2000-05",101.3658,
"MEX","BCI","AMPLITUD","LTRENDIDX","M","2000-06",101.433,
"MEX","BCI","AMPLITUD","LTRENDIDX","M","2000-07",101.6994,
"MEX","BCI","AMPLITUD","LTRENDIDX","M","2000-08",101.8519,
"MEX","BCI","AMPLITUD","LTRENDIDX","M","2000-09",101.7509,
"MEX","BCI","AMPLITUD","LTRENDIDX","M","2000-10",101.7085,
"MEX","BCI","AMPLITUD","LTRENDIDX","M","2000-11",101.8012,
"MEX","BCI","AMPLITUD","LTRENDIDX","M","2000-12",101.7356,
"MEX","BCI","AMPLITUD","LTRENDIDX","M","2001-01",101.3218,
"MEX","BCI","AMPLITUD","LTRENDIDX","M","2001-02",100.7773,
"MEX","BCI","AMPLITUD","LTRENDIDX","M","2001-03",100.1696,
"MEX","BCI","AMPLITUD","LTRENDIDX","M","2001-04",99.26788,
"MEX","BCI","AMPLITUD","LTRENDIDX","M","2001-05",98.60519,
"MEX","BCI","AMPLITUD","LTRENDIDX","M","2001-06",98.3073,
"MEX","BCI","AMPLITUD","LTRENDIDX","M","2001-07",97.93272,
"MEX","BCI","AMPLITUD","LTRENDIDX","M","2001-08",97.33309,
"MEX","BCI","AMPLITUD","LTRENDIDX","M","2001-09",96.60665,
"MEX","BCI","AMPLITUD","LTRENDIDX","M","2001-10",95.91412,
"MEX","BCI","AMPLITUD","LTRENDIDX","M","2001-11",95.72424,
"MEX","BCI","AMPLITUD","LTRENDIDX","M","2001-12",95.951,
"MEX","BCI","AMPLITUD","LTRENDIDX","M","2002-01",96.67416,
"MEX","BCI","AMPLITUD","LTRENDIDX","M","2002-02",97.61834,
"MEX","BCI","AMPLITUD","LTRENDIDX","M","2002-03",98.51403,
"MEX","BCI","AMPLITUD","LTRENDIDX","M","2002-04",99.05423,
"MEX","BCI","AMPLITUD","LTRENDIDX","M","2002-05",99.17139,
"MEX","BCI","AMPLITUD","LTRENDIDX","M","2002-06",98.96146,
"MEX","BCI","AMPLITUD","LTRENDIDX","M","2002-07",98.76381,
"MEX","BCI","AMPLITUD","LTRENDIDX","M","2002-08",98.56025,
"MEX","BCI","AMPLITUD","LTRENDIDX","M","2002-09",98.39447,
"MEX","BCI","AMPLITUD","LTRENDIDX","M","2002-10",98.30593,
"MEX","BCI","AMPLITUD","LTRENDIDX","M","2002-11",98.0853,
"MEX","BCI","AMPLITUD","LTRENDIDX","M","2002-12",97.79324,
"MEX","BCI","AMPLITUD","LTRENDIDX","M","2003-01",97.42017,
"MEX","BCI","AMPLITUD","LTRENDIDX","M","2003-02",97.12794,
"MEX","BCI","AMPLITUD","LTRENDIDX","M","2003-03",97.05222,
"MEX","BCI","AMPLITUD","LTRENDIDX","M","2003-04",97.43088,
"MEX","BCI","AMPLITUD","LTRENDIDX","M","2003-05",97.84768,
"MEX","BCI","AMPLITUD","LTRENDIDX","M","2003-06",97.94026,
"MEX","BCI","AMPLITUD","LTRENDIDX","M","2003-07",97.87286,
"MEX","BCI","AMPLITUD","LTRENDIDX","M","2003-08",97.80949,
"MEX","BCI","AMPLITUD","LTRENDIDX","M","2003-09",97.85191,
"MEX","BCI","AMPLITUD","LTRENDIDX","M","2003-10",97.97599,
"MEX","BCI","AMPLITUD","LTRENDIDX","M","2003-11",98.20049,
"MEX","BCI","AMPLITUD","LTRENDIDX","M","2003-12",98.64104,
"MEX","BCI","AMPLITUD","LTRENDIDX","M","2004-01",99.11348,
"MEX","BCI","AMPLITUD","LTRENDIDX","M","2004-02",99.33129,
"MEX","BCI","AMPLITUD","LTRENDIDX","M","2004-03",99.44687,
"MEX","BCI","AMPLITUD","LTRENDIDX","M","2004-04",99.65369,
"MEX","BCI","AMPLITUD","LTRENDIDX","M","2004-05",99.88018,
"MEX","BCI","AMPLITUD","LTRENDIDX","M","2004-06",99.99332,
"MEX","BCI","AMPLITUD","LTRENDIDX","M","2004-07",99.89587,
"MEX","BCI","AMPLITUD","LTRENDIDX","M","2004-08",99.79496,
"MEX","BCI","AMPLITUD","LTRENDIDX","M","2004-09",99.81189,
"MEX","BCI","AMPLITUD","LTRENDIDX","M","2004-10",99.92107,
"MEX","BCI","AMPLITUD","LTRENDIDX","M","2004-11",100.213,
"MEX","BCI","AMPLITUD","LTRENDIDX","M","2004-12",100.5757,
"MEX","BCI","AMPLITUD","LTRENDIDX","M","2005-01",100.9955,
"MEX","BCI","AMPLITUD","LTRENDIDX","M","2005-02",101.1277,
"MEX","BCI","AMPLITUD","LTRENDIDX","M","2005-03",101.0818,
"MEX","BCI","AMPLITUD","LTRENDIDX","M","2005-04",100.7989,
"MEX","BCI","AMPLITUD","LTRENDIDX","M","2005-05",100.5535,
"MEX","BCI","AMPLITUD","LTRENDIDX","M","2005-06",100.4814,
"MEX","BCI","AMPLITUD","LTRENDIDX","M","2005-07",100.4764,
"MEX","BCI","AMPLITUD","LTRENDIDX","M","2005-08",100.5149,
"MEX","BCI","AMPLITUD","LTRENDIDX","M","2005-09",100.6293,
"MEX","BCI","AMPLITUD","LTRENDIDX","M","2005-10",100.6083,
"MEX","BCI","AMPLITUD","LTRENDIDX","M","2005-11",100.5771,
"MEX","BCI","AMPLITUD","LTRENDIDX","M","2005-12",100.6039,
"MEX","BCI","AMPLITUD","LTRENDIDX","M","2006-01",100.6921,
"MEX","BCI","AMPLITUD","LTRENDIDX","M","2006-02",100.7425,
"MEX","BCI","AMPLITUD","LTRENDIDX","M","2006-03",100.8557,
"MEX","BCI","AMPLITUD","LTRENDIDX","M","2006-04",100.7925,
"MEX","BCI","AMPLITUD","LTRENDIDX","M","2006-05",100.6473,
"MEX","BCI","AMPLITUD","LTRENDIDX","M","2006-06",100.5672,
"MEX","BCI","AMPLITUD","LTRENDIDX","M","2006-07",100.7503,
"MEX","BCI","AMPLITUD","LTRENDIDX","M","2006-08",100.8857,
"MEX","BCI","AMPLITUD","LTRENDIDX","M","2006-09",100.9755,
"MEX","BCI","AMPLITUD","LTRENDIDX","M","2006-10",101.1374,
"MEX","BCI","AMPLITUD","LTRENDIDX","M","2006-11",101.2367,
"MEX","BCI","AMPLITUD","LTRENDIDX","M","2006-12",101.5264,
"MEX","BCI","AMPLITUD","LTRENDIDX","M","2007-01",101.686,
"MEX","BCI","AMPLITUD","LTRENDIDX","M","2007-02",101.6631,
"MEX","BCI","AMPLITUD","LTRENDIDX","M","2007-03",101.5102,
"MEX","BCI","AMPLITUD","LTRENDIDX","M","2007-04",101.4274,
"MEX","BCI","AMPLITUD","LTRENDIDX","M","2007-05",101.4453,
"MEX","BCI","AMPLITUD","LTRENDIDX","M","2007-06",101.4663,
"MEX","BCI","AMPLITUD","LTRENDIDX","M","2007-07",101.3919,
"MEX","BCI","AMPLITUD","LTRENDIDX","M","2007-08",101.164,
"MEX","BCI","AMPLITUD","LTRENDIDX","M","2007-09",100.8171,
"MEX","BCI","AMPLITUD","LTRENDIDX","M","2007-10",100.6294,
"MEX","BCI","AMPLITUD","LTRENDIDX","M","2007-11",100.4596,
"MEX","BCI","AMPLITUD","LTRENDIDX","M","2007-12",100.2454,
"MEX","BCI","AMPLITUD","LTRENDIDX","M","2008-01",100.1844,
"MEX","BCI","AMPLITUD","LTRENDIDX","M","2008-02",100.2337,
"MEX","BCI","AMPLITUD","LTRENDIDX","M","2008-03",100.4582,
"MEX","BCI","AMPLITUD","LTRENDIDX","M","2008-04",100.6637,
"MEX","BCI","AMPLITUD","LTRENDIDX","M","2008-05",100.4278,
"MEX","BCI","AMPLITUD","LTRENDIDX","M","2008-06",100.0142,
"MEX","BCI","AMPLITUD","LTRENDIDX","M","2008-07",99.44016,
"MEX","BCI","AMPLITUD","LTRENDIDX","M","2008-08",98.57952,
"MEX","BCI","AMPLITUD","LTRENDIDX","M","2008-09",97.06353,
"MEX","BCI","AMPLITUD","LTRENDIDX","M","2008-10",95.32748,
"MEX","BCI","AMPLITUD","LTRENDIDX","M","2008-11",94.28514,
"MEX","BCI","AMPLITUD","LTRENDIDX","M","2008-12",94.01486,
"MEX","BCI","AMPLITUD","LTRENDIDX","M","2009-01",94.04566,
"MEX","BCI","AMPLITUD","LTRENDIDX","M","2009-02",94.19527,
"MEX","BCI","AMPLITUD","LTRENDIDX","M","2009-03",94.85265,
"MEX","BCI","AMPLITUD","LTRENDIDX","M","2009-04",95.75394,
"MEX","BCI","AMPLITUD","LTRENDIDX","M","2009-05",96.41383,
"MEX","BCI","AMPLITUD","LTRENDIDX","M","2009-06",97.14214,
"MEX","BCI","AMPLITUD","LTRENDIDX","M","2009-07",97.79519,
"MEX","BCI","AMPLITUD","LTRENDIDX","M","2009-08",98.06902,
"MEX","BCI","AMPLITUD","LTRENDIDX","M","2009-09",98.11102,
"MEX","BCI","AMPLITUD","LTRENDIDX","M","2009-10",98.21908,
"MEX","BCI","AMPLITUD","LTRENDIDX","M","2009-11",98.71657,
"MEX","BCI","AMPLITUD","LTRENDIDX","M","2009-12",99.48528,
"MEX","BCI","AMPLITUD","LTRENDIDX","M","2010-01",100.1645,
"MEX","BCI","AMPLITUD","LTRENDIDX","M","2010-02",100.761,
"MEX","BCI","AMPLITUD","LTRENDIDX","M","2010-03",101.2457,
"MEX","BCI","AMPLITUD","LTRENDIDX","M","2010-04",101.3755,
"MEX","BCI","AMPLITUD","LTRENDIDX","M","2010-05",101.3245,
"MEX","BCI","AMPLITUD","LTRENDIDX","M","2010-06",101.3642,
"MEX","BCI","AMPLITUD","LTRENDIDX","M","2010-07",101.4945,
"MEX","BCI","AMPLITUD","LTRENDIDX","M","2010-08",101.3447,
"MEX","BCI","AMPLITUD","LTRENDIDX","M","2010-09",101.0046,
"MEX","BCI","AMPLITUD","LTRENDIDX","M","2010-10",100.924,
"MEX","BCI","AMPLITUD","LTRENDIDX","M","2010-11",101.1507,
"MEX","BCI","AMPLITUD","LTRENDIDX","M","2010-12",101.5422,
"MEX","BCI","AMPLITUD","LTRENDIDX","M","2011-01",101.9776,
"MEX","BCI","AMPLITUD","LTRENDIDX","M","2011-02",102.282,
"MEX","BCI","AMPLITUD","LTRENDIDX","M","2011-03",102.2483,
"MEX","BCI","AMPLITUD","LTRENDIDX","M","2011-04",101.8573,
"MEX","BCI","AMPLITUD","LTRENDIDX","M","2011-05",101.4094,
"MEX","BCI","AMPLITUD","LTRENDIDX","M","2011-06",101.1529,
"MEX","BCI","AMPLITUD","LTRENDIDX","M","2011-07",101.0571,
"MEX","BCI","AMPLITUD","LTRENDIDX","M","2011-08",100.9254,
"MEX","BCI","AMPLITUD","LTRENDIDX","M","2011-09",100.883,
"MEX","BCI","AMPLITUD","LTRENDIDX","M","2011-10",101.0449,
"MEX","BCI","AMPLITUD","LTRENDIDX","M","2011-11",101.1986,
"MEX","BCI","AMPLITUD","LTRENDIDX","M","2011-12",101.5203,
"MEX","BCI","AMPLITUD","LTRENDIDX","M","2012-01",101.8615,
"MEX","BCI","AMPLITUD","LTRENDIDX","M","2012-02",101.9848,
"MEX","BCI","AMPLITUD","LTRENDIDX","M","2012-03",102.0407,
"MEX","BCI","AMPLITUD","LTRENDIDX","M","2012-04",102.0031,
"MEX","BCI","AMPLITUD","LTRENDIDX","M","2012-05",101.7399,
"MEX","BCI","AMPLITUD","LTRENDIDX","M","2012-06",101.384,
"MEX","BCI","AMPLITUD","LTRENDIDX","M","2012-07",101.1488,
"MEX","BCI","AMPLITUD","LTRENDIDX","M","2012-08",101.0396,
"MEX","BCI","AMPLITUD","LTRENDIDX","M","2012-09",101.0376,
"MEX","BCI","AMPLITUD","LTRENDIDX","M","2012-10",101.0999,
"MEX","BCI","AMPLITUD","LTRENDIDX","M","2012-11",101.511,
"MEX","BCI","AMPLITUD","LTRENDIDX","M","2012-12",102.1926,
"MEX","BCI","AMPLITUD","LTRENDIDX","M","2013-01",102.6505,
"MEX","BCI","AMPLITUD","LTRENDIDX","M","2013-02",102.6321,
"MEX","BCI","AMPLITUD","LTRENDIDX","M","2013-03",102.3073,
"MEX","BCI","AMPLITUD","LTRENDIDX","M","2013-04",101.989,
"MEX","BCI","AMPLITUD","LTRENDIDX","M","2013-05",101.7164,
"MEX","BCI","AMPLITUD","LTRENDIDX","M","2013-06",101.4422,
"MEX","BCI","AMPLITUD","LTRENDIDX","M","2013-07",101.0947,
"MEX","BCI","AMPLITUD","LTRENDIDX","M","2013-08",100.7226,
"MEX","BCI","AMPLITUD","LTRENDIDX","M","2013-09",100.3028,
"MEX","BCI","AMPLITUD","LTRENDIDX","M","2013-10",99.92035,
"MEX","BCI","AMPLITUD","LTRENDIDX","M","2013-11",99.83974,
"MEX","BCI","AMPLITUD","LTRENDIDX","M","2013-12",99.95052,
"MEX","BCI","AMPLITUD","LTRENDIDX","M","2014-01",100.1319,
"MEX","BCI","AMPLITUD","LTRENDIDX","M","2014-02",100.1937,
"MEX","BCI","AMPLITUD","LTRENDIDX","M","2014-03",100.261,
"MEX","BCI","AMPLITUD","LTRENDIDX","M","2014-04",100.3465,
"MEX","BCI","AMPLITUD","LTRENDIDX","M","2014-05",100.3522,
"MEX","BCI","AMPLITUD","LTRENDIDX","M","2014-06",100.2437,
"MEX","BCI","AMPLITUD","LTRENDIDX","M","2014-07",100.0915,
"MEX","BCI","AMPLITUD","LTRENDIDX","M","2014-08",99.94288,
"MEX","BCI","AMPLITUD","LTRENDIDX","M","2014-09",99.99857,
"MEX","BCI","AMPLITUD","LTRENDIDX","M","2014-10",100.0661,
"MEX","BCI","AMPLITUD","LTRENDIDX","M","2014-11",100.1831,
"MEX","BCI","AMPLITUD","LTRENDIDX","M","2014-12",100.1386,
"MEX","BCI","AMPLITUD","LTRENDIDX","M","2015-01",100.2524,
"MEX","BCI","AMPLITUD","LTRENDIDX","M","2015-02",100.3302,
"MEX","BCI","AMPLITUD","LTRENDIDX","M","2015-03",100.4094,
"MEX","BCI","AMPLITUD","LTRENDIDX","M","2015-04",100.5188,
"MEX","BCI","AMPLITUD","LTRENDIDX","M","2015-05",100.5651,
"MEX","BCI","AMPLITUD","LTRENDIDX","M","2015-06",100.3652,
"MEX","BCI","AMPLITUD","LTRENDIDX","M","2015-07",100.1823,
"MEX","BCI","AMPLITUD","LTRENDIDX","M","2015-08",100.2518,
"MEX","BCI","AMPLITUD","LTRENDIDX","M","2015-09",100.4609,
"MEX","BCI","AMPLITUD","LTRENDIDX","M","2015-10",100.6325,
"MEX","BCI","AMPLITUD","LTRENDIDX","M","2015-11",100.7619,
"MEX","BCI","AMPLITUD","LTRENDIDX","M","2015-12",100.6324,
"MEX","BCI","AMPLITUD","LTRENDIDX","M","2016-01",100.3905,
"MEX","BCI","AMPLITUD","LTRENDIDX","M","2016-02",100.4715,
"MEX","BCI","AMPLITUD","LTRENDIDX","M","2016-03",100.6494,
"MEX","BCI","AMPLITUD","LTRENDIDX","M","2016-04",100.7519,
"MEX","BCI","AMPLITUD","LTRENDIDX","M","2016-05",100.7352,
"MEX","BCI","AMPLITUD","LTRENDIDX","M","2016-06",100.5144,
"MEX","BCI","AMPLITUD","LTRENDIDX","M","2016-07",100.3748,
"MEX","BCI","AMPLITUD","LTRENDIDX","M","2016-08",100.2954,
"MEX","BCI","AMPLITUD","LTRENDIDX","M","2016-09",100.1329,
"MEX","BCI","AMPLITUD","LTRENDIDX","M","2016-10",99.94927,
"MEX","BCI","AMPLITUD","LTRENDIDX","M","2016-11",99.4716,
"MEX","BCI","AMPLITUD","LTRENDIDX","M","2016-12",98.87932,
"MEX","BCI","AMPLITUD","LTRENDIDX","M","2017-01",98.51535,
"MEX","BCI","AMPLITUD","LTRENDIDX","M","2017-02",99.18295,
"MEX","BCI","AMPLITUD","LTRENDIDX","M","2017-03",100.3228,
"MEX","BCI","AMPLITUD","LTRENDIDX","M","2017-04",101.3124,
"MEX","BCI","AMPLITUD","LTRENDIDX","M","2017-05",101.718,
"MEX","BCI","AMPLITUD","LTRENDIDX","M","2017-06",101.8958,
"CHN","BCI","AMPLITUD","LTRENDIDX","M","2000-02",100.021,
"CHN","BCI","AMPLITUD","LTRENDIDX","M","2000-03",99.94623,
"CHN","BCI","AMPLITUD","LTRENDIDX","M","2000-04",99.90637,
"CHN","BCI","AMPLITUD","LTRENDIDX","M","2000-05",99.95669,
"CHN","BCI","AMPLITUD","LTRENDIDX","M","2000-06",100.1231,
"CHN","BCI","AMPLITUD","LTRENDIDX","M","2000-07",100.2626,
"CHN","BCI","AMPLITUD","LTRENDIDX","M","2000-08",100.165,
"CHN","BCI","AMPLITUD","LTRENDIDX","M","2000-09",99.68161,
"CHN","BCI","AMPLITUD","LTRENDIDX","M","2000-10",99.09126,
"CHN","BCI","AMPLITUD","LTRENDIDX","M","2000-11",98.7789,
"CHN","BCI","AMPLITUD","LTRENDIDX","M","2000-12",99.02102,
"CHN","BCI","AMPLITUD","LTRENDIDX","M","2001-01",99.49318,
"CHN","BCI","AMPLITUD","LTRENDIDX","M","2001-02",99.74333,
"CHN","BCI","AMPLITUD","LTRENDIDX","M","2001-03",99.43508,
"CHN","BCI","AMPLITUD","LTRENDIDX","M","2001-04",98.81293,
"CHN","BCI","AMPLITUD","LTRENDIDX","M","2001-05",98.20567,
"CHN","BCI","AMPLITUD","LTRENDIDX","M","2001-06",97.84373,
"CHN","BCI","AMPLITUD","LTRENDIDX","M","2001-07",97.66158,
"CHN","BCI","AMPLITUD","LTRENDIDX","M","2001-08",97.57018,
"CHN","BCI","AMPLITUD","LTRENDIDX","M","2001-09",97.5498,
"CHN","BCI","AMPLITUD","LTRENDIDX","M","2001-10",97.65195,
"CHN","BCI","AMPLITUD","LTRENDIDX","M","2001-11",98.01976,
"CHN","BCI","AMPLITUD","LTRENDIDX","M","2001-12",98.78583,
"CHN","BCI","AMPLITUD","LTRENDIDX","M","2002-01",99.70441,
"CHN","BCI","AMPLITUD","LTRENDIDX","M","2002-02",100.4585,
"CHN","BCI","AMPLITUD","LTRENDIDX","M","2002-03",100.8143,
"CHN","BCI","AMPLITUD","LTRENDIDX","M","2002-04",100.9404,
"CHN","BCI","AMPLITUD","LTRENDIDX","M","2002-05",101.0519,
"CHN","BCI","AMPLITUD","LTRENDIDX","M","2002-06",101.2843,
"CHN","BCI","AMPLITUD","LTRENDIDX","M","2002-07",101.582,
"CHN","BCI","AMPLITUD","LTRENDIDX","M","2002-08",101.8237,
"CHN","BCI","AMPLITUD","LTRENDIDX","M","2002-09",101.8823,
"CHN","BCI","AMPLITUD","LTRENDIDX","M","2002-10",101.7406,
"CHN","BCI","AMPLITUD","LTRENDIDX","M","2002-11",101.3441,
"CHN","BCI","AMPLITUD","LTRENDIDX","M","2002-12",100.6523,
"CHN","BCI","AMPLITUD","LTRENDIDX","M","2003-01",99.94655,
"CHN","BCI","AMPLITUD","LTRENDIDX","M","2003-02",99.6273,
"CHN","BCI","AMPLITUD","LTRENDIDX","M","2003-03",100.0255,
"CHN","BCI","AMPLITUD","LTRENDIDX","M","2003-04",100.8276,
"CHN","BCI","AMPLITUD","LTRENDIDX","M","2003-05",101.6611,
"CHN","BCI","AMPLITUD","LTRENDIDX","M","2003-06",102.2762,
"CHN","BCI","AMPLITUD","LTRENDIDX","M","2003-07",102.6961,
"CHN","BCI","AMPLITUD","LTRENDIDX","M","2003-08",102.9591,
"CHN","BCI","AMPLITUD","LTRENDIDX","M","2003-09",103.0571,
"CHN","BCI","AMPLITUD","LTRENDIDX","M","2003-10",103.0298,
"CHN","BCI","AMPLITUD","LTRENDIDX","M","2003-11",102.8668,
"CHN","BCI","AMPLITUD","LTRENDIDX","M","2003-12",102.535,
"CHN","BCI","AMPLITUD","LTRENDIDX","M","2004-01",102.1417,
"CHN","BCI","AMPLITUD","LTRENDIDX","M","2004-02",101.8188,
"CHN","BCI","AMPLITUD","LTRENDIDX","M","2004-03",101.6697,
"CHN","BCI","AMPLITUD","LTRENDIDX","M","2004-04",101.6444,
"CHN","BCI","AMPLITUD","LTRENDIDX","M","2004-05",101.6888,
"CHN","BCI","AMPLITUD","LTRENDIDX","M","2004-06",101.7701,
"CHN","BCI","AMPLITUD","LTRENDIDX","M","2004-07",101.8323,
"CHN","BCI","AMPLITUD","LTRENDIDX","M","2004-08",101.8045,
"CHN","BCI","AMPLITUD","LTRENDIDX","M","2004-09",101.6277,
"CHN","BCI","AMPLITUD","LTRENDIDX","M","2004-10",101.3728,
"CHN","BCI","AMPLITUD","LTRENDIDX","M","2004-11",101.1481,
"CHN","BCI","AMPLITUD","LTRENDIDX","M","2004-12",101.0869,
"CHN","BCI","AMPLITUD","LTRENDIDX","M","2005-01",101.3034,
"CHN","BCI","AMPLITUD","LTRENDIDX","M","2005-02",101.6855,
"CHN","BCI","AMPLITUD","LTRENDIDX","M","2005-03",102.0544,
"CHN","BCI","AMPLITUD","LTRENDIDX","M","2005-04",101.6746,
"CHN","BCI","AMPLITUD","LTRENDIDX","M","2005-05",100.7101,
"CHN","BCI","AMPLITUD","LTRENDIDX","M","2005-06",99.95916,
"CHN","BCI","AMPLITUD","LTRENDIDX","M","2005-07",99.78111,
"CHN","BCI","AMPLITUD","LTRENDIDX","M","2005-08",100.2025,
"CHN","BCI","AMPLITUD","LTRENDIDX","M","2005-09",100.7738,
"CHN","BCI","AMPLITUD","LTRENDIDX","M","2005-10",100.9522,
"CHN","BCI","AMPLITUD","LTRENDIDX","M","2005-11",100.8726,
"CHN","BCI","AMPLITUD","LTRENDIDX","M","2005-12",100.6317,
"CHN","BCI","AMPLITUD","LTRENDIDX","M","2006-01",100.3685,
"CHN","BCI","AMPLITUD","LTRENDIDX","M","2006-02",100.6119,
"CHN","BCI","AMPLITUD","LTRENDIDX","M","2006-03",101.3634,
"CHN","BCI","AMPLITUD","LTRENDIDX","M","2006-04",101.8543,
"CHN","BCI","AMPLITUD","LTRENDIDX","M","2006-05",101.5106,
"CHN","BCI","AMPLITUD","LTRENDIDX","M","2006-06",100.965,
"CHN","BCI","AMPLITUD","LTRENDIDX","M","2006-07",100.6293,
"CHN","BCI","AMPLITUD","LTRENDIDX","M","2006-08",100.8651,
"CHN","BCI","AMPLITUD","LTRENDIDX","M","2006-09",101.4067,
"CHN","BCI","AMPLITUD","LTRENDIDX","M","2006-10",101.5013,
"CHN","BCI","AMPLITUD","LTRENDIDX","M","2006-11",101.4598,
"CHN","BCI","AMPLITUD","LTRENDIDX","M","2006-12",101.3281,
"CHN","BCI","AMPLITUD","LTRENDIDX","M","2007-01",101.2509,
"CHN","BCI","AMPLITUD","LTRENDIDX","M","2007-02",101.3347,
"CHN","BCI","AMPLITUD","LTRENDIDX","M","2007-03",101.8861,
"CHN","BCI","AMPLITUD","LTRENDIDX","M","2007-04",102.255,
"CHN","BCI","AMPLITUD","LTRENDIDX","M","2007-05",101.893,
"CHN","BCI","AMPLITUD","LTRENDIDX","M","2007-06",101.3253,
"CHN","BCI","AMPLITUD","LTRENDIDX","M","2007-07",100.9574,
"CHN","BCI","AMPLITUD","LTRENDIDX","M","2007-08",100.9986,
"CHN","BCI","AMPLITUD","LTRENDIDX","M","2007-09",101.1858,
"CHN","BCI","AMPLITUD","LTRENDIDX","M","2007-10",101.1184,
"CHN","BCI","AMPLITUD","LTRENDIDX","M","2007-11",101.1974,
"CHN","BCI","AMPLITUD","LTRENDIDX","M","2007-12",101.1369,
"CHN","BCI","AMPLITUD","LTRENDIDX","M","2008-01",101.0655,
"CHN","BCI","AMPLITUD","LTRENDIDX","M","2008-02",101.5334,
"CHN","BCI","AMPLITUD","LTRENDIDX","M","2008-03",102.3496,
"CHN","BCI","AMPLITUD","LTRENDIDX","M","2008-04",102.3282,
"CHN","BCI","AMPLITUD","LTRENDIDX","M","2008-05",101.1556,
"CHN","BCI","AMPLITUD","LTRENDIDX","M","2008-06",99.84115,
"CHN","BCI","AMPLITUD","LTRENDIDX","M","2008-07",98.72347,
"CHN","BCI","AMPLITUD","LTRENDIDX","M","2008-08",98.0879,
"CHN","BCI","AMPLITUD","LTRENDIDX","M","2008-09",97.35226,
"CHN","BCI","AMPLITUD","LTRENDIDX","M","2008-10",95.70255,
"CHN","BCI","AMPLITUD","LTRENDIDX","M","2008-11",94.33096,
"CHN","BCI","AMPLITUD","LTRENDIDX","M","2008-12",94.54416,
"CHN","BCI","AMPLITUD","LTRENDIDX","M","2009-01",96.02296,
"CHN","BCI","AMPLITUD","LTRENDIDX","M","2009-02",97.89674,
"CHN","BCI","AMPLITUD","LTRENDIDX","M","2009-03",99.46465,
"CHN","BCI","AMPLITUD","LTRENDIDX","M","2009-04",100.307,
"CHN","BCI","AMPLITUD","LTRENDIDX","M","2009-05",100.5419,
"CHN","BCI","AMPLITUD","LTRENDIDX","M","2009-06",100.5729,
"CHN","BCI","AMPLITUD","LTRENDIDX","M","2009-07",100.6393,
"CHN","BCI","AMPLITUD","LTRENDIDX","M","2009-08",100.8393,
"CHN","BCI","AMPLITUD","LTRENDIDX","M","2009-09",101.1171,
"CHN","BCI","AMPLITUD","LTRENDIDX","M","2009-10",101.4383,
"CHN","BCI","AMPLITUD","LTRENDIDX","M","2009-11",101.6732,
"CHN","BCI","AMPLITUD","LTRENDIDX","M","2009-12",101.7584,
"CHN","BCI","AMPLITUD","LTRENDIDX","M","2010-01",101.4621,
"CHN","BCI","AMPLITUD","LTRENDIDX","M","2010-02",101.0499,
"CHN","BCI","AMPLITUD","LTRENDIDX","M","2010-03",101.1517,
"CHN","BCI","AMPLITUD","LTRENDIDX","M","2010-04",101.1354,
"CHN","BCI","AMPLITUD","LTRENDIDX","M","2010-05",100.6684,
"CHN","BCI","AMPLITUD","LTRENDIDX","M","2010-06",100.0553,
"CHN","BCI","AMPLITUD","LTRENDIDX","M","2010-07",99.73971,
"CHN","BCI","AMPLITUD","LTRENDIDX","M","2010-08",99.95097,
"CHN","BCI","AMPLITUD","LTRENDIDX","M","2010-09",100.5373,
"CHN","BCI","AMPLITUD","LTRENDIDX","M","2010-10",101.0227,
"CHN","BCI","AMPLITUD","LTRENDIDX","M","2010-11",101.1471,
"CHN","BCI","AMPLITUD","LTRENDIDX","M","2010-12",100.8644,
"CHN","BCI","AMPLITUD","LTRENDIDX","M","2011-01",100.4859,
"CHN","BCI","AMPLITUD","LTRENDIDX","M","2011-02",100.2658,
"CHN","BCI","AMPLITUD","LTRENDIDX","M","2011-03",100.2429,
"CHN","BCI","AMPLITUD","LTRENDIDX","M","2011-04",100.0854,
"CHN","BCI","AMPLITUD","LTRENDIDX","M","2011-05",99.75732,
"CHN","BCI","AMPLITUD","LTRENDIDX","M","2011-06",99.40792,
"CHN","BCI","AMPLITUD","LTRENDIDX","M","2011-07",99.21681,
"CHN","BCI","AMPLITUD","LTRENDIDX","M","2011-08",99.15314,
"CHN","BCI","AMPLITUD","LTRENDIDX","M","2011-09",99.05936,
"CHN","BCI","AMPLITUD","LTRENDIDX","M","2011-10",98.82226,
"CHN","BCI","AMPLITUD","LTRENDIDX","M","2011-11",98.62769,
"CHN","BCI","AMPLITUD","LTRENDIDX","M","2011-12",98.76839,
"CHN","BCI","AMPLITUD","LTRENDIDX","M","2012-01",99.08743,
"CHN","BCI","AMPLITUD","LTRENDIDX","M","2012-02",99.53499,
"CHN","BCI","AMPLITUD","LTRENDIDX","M","2012-03",99.95666,
"CHN","BCI","AMPLITUD","LTRENDIDX","M","2012-04",99.91415,
"CHN","BCI","AMPLITUD","LTRENDIDX","M","2012-05",99.39042,
"CHN","BCI","AMPLITUD","LTRENDIDX","M","2012-06",98.93946,
"CHN","BCI","AMPLITUD","LTRENDIDX","M","2012-07",98.65405,
"CHN","BCI","AMPLITUD","LTRENDIDX","M","2012-08",98.50931,
"CHN","BCI","AMPLITUD","LTRENDIDX","M","2012-09",98.59457,
"CHN","BCI","AMPLITUD","LTRENDIDX","M","2012-10",98.77512,
"CHN","BCI","AMPLITUD","LTRENDIDX","M","2012-11",98.92891,
"CHN","BCI","AMPLITUD","LTRENDIDX","M","2012-12",98.98063,
"CHN","BCI","AMPLITUD","LTRENDIDX","M","2013-01",98.96253,
"CHN","BCI","AMPLITUD","LTRENDIDX","M","2013-02",98.96275,
"CHN","BCI","AMPLITUD","LTRENDIDX","M","2013-03",99.03601,
"CHN","BCI","AMPLITUD","LTRENDIDX","M","2013-04",99.04256,
"CHN","BCI","AMPLITUD","LTRENDIDX","M","2013-05",99.00404,
"CHN","BCI","AMPLITUD","LTRENDIDX","M","2013-06",98.93602,
"CHN","BCI","AMPLITUD","LTRENDIDX","M","2013-07",98.99384,
"CHN","BCI","AMPLITUD","LTRENDIDX","M","2013-08",99.16503,
"CHN","BCI","AMPLITUD","LTRENDIDX","M","2013-09",99.31876,
"CHN","BCI","AMPLITUD","LTRENDIDX","M","2013-10",99.4103,
"CHN","BCI","AMPLITUD","LTRENDIDX","M","2013-11",99.38092,
"CHN","BCI","AMPLITUD","LTRENDIDX","M","2013-12",99.22732,
"CHN","BCI","AMPLITUD","LTRENDIDX","M","2014-01",99.031,
"CHN","BCI","AMPLITUD","LTRENDIDX","M","2014-02",98.89727,
"CHN","BCI","AMPLITUD","LTRENDIDX","M","2014-03",98.88326,
"CHN","BCI","AMPLITUD","LTRENDIDX","M","2014-04",98.9707,
"CHN","BCI","AMPLITUD","LTRENDIDX","M","2014-05",99.13352,
"CHN","BCI","AMPLITUD","LTRENDIDX","M","2014-06",99.3042,
"CHN","BCI","AMPLITUD","LTRENDIDX","M","2014-07",99.42545,
"CHN","BCI","AMPLITUD","LTRENDIDX","M","2014-08",99.38688,
"CHN","BCI","AMPLITUD","LTRENDIDX","M","2014-09",99.27939,
"CHN","BCI","AMPLITUD","LTRENDIDX","M","2014-10",99.11173,
"CHN","BCI","AMPLITUD","LTRENDIDX","M","2014-11",98.91806,
"CHN","BCI","AMPLITUD","LTRENDIDX","M","2014-12",98.7646,
"CHN","BCI","AMPLITUD","LTRENDIDX","M","2015-01",98.67499,
"CHN","BCI","AMPLITUD","LTRENDIDX","M","2015-02",98.67652,
"CHN","BCI","AMPLITUD","LTRENDIDX","M","2015-03",98.7287,
"CHN","BCI","AMPLITUD","LTRENDIDX","M","2015-04",98.77541,
"CHN","BCI","AMPLITUD","LTRENDIDX","M","2015-05",98.80001,
"CHN","BCI","AMPLITUD","LTRENDIDX","M","2015-06",98.77869,
"CHN","BCI","AMPLITUD","LTRENDIDX","M","2015-07",98.70948,
"CHN","BCI","AMPLITUD","LTRENDIDX","M","2015-08",98.63356,
"CHN","BCI","AMPLITUD","LTRENDIDX","M","2015-09",98.59717,
"CHN","BCI","AMPLITUD","LTRENDIDX","M","2015-10",98.56657,
"CHN","BCI","AMPLITUD","LTRENDIDX","M","2015-11",98.51813,
"CHN","BCI","AMPLITUD","LTRENDIDX","M","2015-12",98.4688,
"CHN","BCI","AMPLITUD","LTRENDIDX","M","2016-01",98.4174,
"CHN","BCI","AMPLITUD","LTRENDIDX","M","2016-02",98.44746,
"CHN","BCI","AMPLITUD","LTRENDIDX","M","2016-03",98.61775,
"CHN","BCI","AMPLITUD","LTRENDIDX","M","2016-04",98.71758,
"CHN","BCI","AMPLITUD","LTRENDIDX","M","2016-05",98.74035,
"CHN","BCI","AMPLITUD","LTRENDIDX","M","2016-06",98.73006,
"CHN","BCI","AMPLITUD","LTRENDIDX","M","2016-07",98.75861,
"CHN","BCI","AMPLITUD","LTRENDIDX","M","2016-08",98.8823,
"CHN","BCI","AMPLITUD","LTRENDIDX","M","2016-09",99.05979,
"CHN","BCI","AMPLITUD","LTRENDIDX","M","2016-10",99.29658,
"CHN","BCI","AMPLITUD","LTRENDIDX","M","2016-11",99.46754,
"CHN","BCI","AMPLITUD","LTRENDIDX","M","2016-12",99.50943,
"CHN","BCI","AMPLITUD","LTRENDIDX","M","2017-01",99.51813,
"CHN","BCI","AMPLITUD","LTRENDIDX","M","2017-02",99.54584,
"CHN","BCI","AMPLITUD","LTRENDIDX","M","2017-03",99.53871,
"CHN","BCI","AMPLITUD","LTRENDIDX","M","2017-04",99.47012,
"CHN","BCI","AMPLITUD","LTRENDIDX","M","2017-05",99.45508,
"CHN","BCI","AMPLITUD","LTRENDIDX","M","2017-06",99.49689,
"CHN","BCI","AMPLITUD","LTRENDIDX","M","2017-07",99.50221,
"POL","BCI","AMPLITUD","LTRENDIDX","M","1997-07",102.9613,
"POL","BCI","AMPLITUD","LTRENDIDX","M","1997-08",103.4713,
"POL","BCI","AMPLITUD","LTRENDIDX","M","1997-09",103.8716,
"POL","BCI","AMPLITUD","LTRENDIDX","M","1997-10",103.8022,
"POL","BCI","AMPLITUD","LTRENDIDX","M","1997-11",103.3624,
"POL","BCI","AMPLITUD","LTRENDIDX","M","1997-12",102.4214,
"POL","BCI","AMPLITUD","LTRENDIDX","M","1998-01",100.9479,
"POL","BCI","AMPLITUD","LTRENDIDX","M","1998-02",100.0615,
"POL","BCI","AMPLITUD","LTRENDIDX","M","1998-03",99.79039,
"POL","BCI","AMPLITUD","LTRENDIDX","M","1998-04",99.75471,
"POL","BCI","AMPLITUD","LTRENDIDX","M","1998-05",99.88096,
"POL","BCI","AMPLITUD","LTRENDIDX","M","1998-06",100.0311,
"POL","BCI","AMPLITUD","LTRENDIDX","M","1998-07",100.0427,
"POL","BCI","AMPLITUD","LTRENDIDX","M","1998-08",99.78206,
"POL","BCI","AMPLITUD","LTRENDIDX","M","1998-09",99.44718,
"POL","BCI","AMPLITUD","LTRENDIDX","M","1998-10",99.18102,
"POL","BCI","AMPLITUD","LTRENDIDX","M","1998-11",98.88884,
"POL","BCI","AMPLITUD","LTRENDIDX","M","1998-12",98.68931,
"POL","BCI","AMPLITUD","LTRENDIDX","M","1999-01",98.54102,
"POL","BCI","AMPLITUD","LTRENDIDX","M","1999-02",98.49757,
"POL","BCI","AMPLITUD","LTRENDIDX","M","1999-03",98.44908,
"POL","BCI","AMPLITUD","LTRENDIDX","M","1999-04",98.40598,
"POL","BCI","AMPLITUD","LTRENDIDX","M","1999-05",98.30718,
"POL","BCI","AMPLITUD","LTRENDIDX","M","1999-06",98.3035,
"POL","BCI","AMPLITUD","LTRENDIDX","M","1999-07",98.39425,
"POL","BCI","AMPLITUD","LTRENDIDX","M","1999-08",98.57889,
"POL","BCI","AMPLITUD","LTRENDIDX","M","1999-09",98.7662,
"POL","BCI","AMPLITUD","LTRENDIDX","M","1999-10",98.99642,
"POL","BCI","AMPLITUD","LTRENDIDX","M","1999-11",99.30936,
"POL","BCI","AMPLITUD","LTRENDIDX","M","1999-12",99.71758,
"POL","BCI","AMPLITUD","LTRENDIDX","M","2000-01",99.94884,
"POL","BCI","AMPLITUD","LTRENDIDX","M","2000-02",99.98087,
"POL","BCI","AMPLITUD","LTRENDIDX","M","2000-03",100.0688,
"POL","BCI","AMPLITUD","LTRENDIDX","M","2000-04",100.1586,
"POL","BCI","AMPLITUD","LTRENDIDX","M","2000-05",100.2242,
"POL","BCI","AMPLITUD","LTRENDIDX","M","2000-06",100.1967,
"POL","BCI","AMPLITUD","LTRENDIDX","M","2000-07",100.0642,
"POL","BCI","AMPLITUD","LTRENDIDX","M","2000-08",99.99293,
"POL","BCI","AMPLITUD","LTRENDIDX","M","2000-09",99.92249,
"POL","BCI","AMPLITUD","LTRENDIDX","M","2000-10",99.85964,
"POL","BCI","AMPLITUD","LTRENDIDX","M","2000-11",99.80068,
"POL","BCI","AMPLITUD","LTRENDIDX","M","2000-12",99.70181,
"POL","BCI","AMPLITUD","LTRENDIDX","M","2001-01",99.5751,
"POL","BCI","AMPLITUD","LTRENDIDX","M","2001-02",99.34706,
"POL","BCI","AMPLITUD","LTRENDIDX","M","2001-03",99.13316,
"POL","BCI","AMPLITUD","LTRENDIDX","M","2001-04",98.89282,
"POL","BCI","AMPLITUD","LTRENDIDX","M","2001-05",98.64334,
"POL","BCI","AMPLITUD","LTRENDIDX","M","2001-06",98.38589,
"POL","BCI","AMPLITUD","LTRENDIDX","M","2001-07",98.04073,
"POL","BCI","AMPLITUD","LTRENDIDX","M","2001-08",97.79709,
"POL","BCI","AMPLITUD","LTRENDIDX","M","2001-09",97.75583,
"POL","BCI","AMPLITUD","LTRENDIDX","M","2001-10",97.82178,
"POL","BCI","AMPLITUD","LTRENDIDX","M","2001-11",97.87447,
"POL","BCI","AMPLITUD","LTRENDIDX","M","2001-12",97.90546,
"POL","BCI","AMPLITUD","LTRENDIDX","M","2002-01",97.96571,
"POL","BCI","AMPLITUD","LTRENDIDX","M","2002-02",98.02364,
"POL","BCI","AMPLITUD","LTRENDIDX","M","2002-03",98.25616,
"POL","BCI","AMPLITUD","LTRENDIDX","M","2002-04",98.51006,
"POL","BCI","AMPLITUD","LTRENDIDX","M","2002-05",98.62413,
"POL","BCI","AMPLITUD","LTRENDIDX","M","2002-06",98.54495,
"POL","BCI","AMPLITUD","LTRENDIDX","M","2002-07",98.45323,
"POL","BCI","AMPLITUD","LTRENDIDX","M","2002-08",98.54714,
"POL","BCI","AMPLITUD","LTRENDIDX","M","2002-09",98.87524,
"POL","BCI","AMPLITUD","LTRENDIDX","M","2002-10",99.24252,
"POL","BCI","AMPLITUD","LTRENDIDX","M","2002-11",99.49247,
"POL","BCI","AMPLITUD","LTRENDIDX","M","2002-12",99.60188,
"POL","BCI","AMPLITUD","LTRENDIDX","M","2003-01",99.67131,
"POL","BCI","AMPLITUD","LTRENDIDX","M","2003-02",99.66776,
"POL","BCI","AMPLITUD","LTRENDIDX","M","2003-03",99.57708,
"POL","BCI","AMPLITUD","LTRENDIDX","M","2003-04",99.48148,
"POL","BCI","AMPLITUD","LTRENDIDX","M","2003-05",99.50228,
"POL","BCI","AMPLITUD","LTRENDIDX","M","2003-06",99.63675,
"POL","BCI","AMPLITUD","LTRENDIDX","M","2003-07",99.73724,
"POL","BCI","AMPLITUD","LTRENDIDX","M","2003-08",99.83895,
"POL","BCI","AMPLITUD","LTRENDIDX","M","2003-09",99.94849,
"POL","BCI","AMPLITUD","LTRENDIDX","M","2003-10",100.1085,
"POL","BCI","AMPLITUD","LTRENDIDX","M","2003-11",100.1774,
"POL","BCI","AMPLITUD","LTRENDIDX","M","2003-12",100.2236,
"POL","BCI","AMPLITUD","LTRENDIDX","M","2004-01",100.2537,
"POL","BCI","AMPLITUD","LTRENDIDX","M","2004-02",100.3139,
"POL","BCI","AMPLITUD","LTRENDIDX","M","2004-03",100.4417,
"POL","BCI","AMPLITUD","LTRENDIDX","M","2004-04",100.5868,
"POL","BCI","AMPLITUD","LTRENDIDX","M","2004-05",100.6869,
"POL","BCI","AMPLITUD","LTRENDIDX","M","2004-06",100.7815,
"POL","BCI","AMPLITUD","LTRENDIDX","M","2004-07",100.7637,
"POL","BCI","AMPLITUD","LTRENDIDX","M","2004-08",100.637,
"POL","BCI","AMPLITUD","LTRENDIDX","M","2004-09",100.6256,
"POL","BCI","AMPLITUD","LTRENDIDX","M","2004-10",100.6169,
"POL","BCI","AMPLITUD","LTRENDIDX","M","2004-11",100.5794,
"POL","BCI","AMPLITUD","LTRENDIDX","M","2004-12",100.4611,
"POL","BCI","AMPLITUD","LTRENDIDX","M","2005-01",100.3003,
"POL","BCI","AMPLITUD","LTRENDIDX","M","2005-02",100.2152,
"POL","BCI","AMPLITUD","LTRENDIDX","M","2005-03",100.1202,
"POL","BCI","AMPLITUD","LTRENDIDX","M","2005-04",100.0888,
"POL","BCI","AMPLITUD","LTRENDIDX","M","2005-05",100.1342,
"POL","BCI","AMPLITUD","LTRENDIDX","M","2005-06",100.2038,
"POL","BCI","AMPLITUD","LTRENDIDX","M","2005-07",100.226,
"POL","BCI","AMPLITUD","LTRENDIDX","M","2005-08",100.2627,
"POL","BCI","AMPLITUD","LTRENDIDX","M","2005-09",100.3575,
"POL","BCI","AMPLITUD","LTRENDIDX","M","2005-10",100.3697,
"POL","BCI","AMPLITUD","LTRENDIDX","M","2005-11",100.3786,
"POL","BCI","AMPLITUD","LTRENDIDX","M","2005-12",100.376,
"POL","BCI","AMPLITUD","LTRENDIDX","M","2006-01",100.3118,
"POL","BCI","AMPLITUD","LTRENDIDX","M","2006-02",100.2637,
"POL","BCI","AMPLITUD","LTRENDIDX","M","2006-03",100.3349,
"POL","BCI","AMPLITUD","LTRENDIDX","M","2006-04",100.4988,
"POL","BCI","AMPLITUD","LTRENDIDX","M","2006-05",100.7679,
"POL","BCI","AMPLITUD","LTRENDIDX","M","2006-06",101.0486,
"POL","BCI","AMPLITUD","LTRENDIDX","M","2006-07",101.279,
"POL","BCI","AMPLITUD","LTRENDIDX","M","2006-08",101.4437,
"POL","BCI","AMPLITUD","LTRENDIDX","M","2006-09",101.6022,
"POL","BCI","AMPLITUD","LTRENDIDX","M","2006-10",101.7983,
"POL","BCI","AMPLITUD","LTRENDIDX","M","2006-11",101.9572,
"POL","BCI","AMPLITUD","LTRENDIDX","M","2006-12",102.0034,
"POL","BCI","AMPLITUD","LTRENDIDX","M","2007-01",101.9609,
"POL","BCI","AMPLITUD","LTRENDIDX","M","2007-02",101.9623,
"POL","BCI","AMPLITUD","LTRENDIDX","M","2007-03",102.0694,
"POL","BCI","AMPLITUD","LTRENDIDX","M","2007-04",102.1977,
"POL","BCI","AMPLITUD","LTRENDIDX","M","2007-05",102.2872,
"POL","BCI","AMPLITUD","LTRENDIDX","M","2007-06",102.2843,
"POL","BCI","AMPLITUD","LTRENDIDX","M","2007-07",102.1637,
"POL","BCI","AMPLITUD","LTRENDIDX","M","2007-08",102.0054,
"POL","BCI","AMPLITUD","LTRENDIDX","M","2007-09",101.8929,
"POL","BCI","AMPLITUD","LTRENDIDX","M","2007-10",101.8683,
"POL","BCI","AMPLITUD","LTRENDIDX","M","2007-11",101.8789,
"POL","BCI","AMPLITUD","LTRENDIDX","M","2007-12",101.9306,
"POL","BCI","AMPLITUD","LTRENDIDX","M","2008-01",102.0404,
"POL","BCI","AMPLITUD","LTRENDIDX","M","2008-02",102.0742,
"POL","BCI","AMPLITUD","LTRENDIDX","M","2008-03",102.0063,
"POL","BCI","AMPLITUD","LTRENDIDX","M","2008-04",101.8304,
"POL","BCI","AMPLITUD","LTRENDIDX","M","2008-05",101.6088,
"POL","BCI","AMPLITUD","LTRENDIDX","M","2008-06",101.3713,
"POL","BCI","AMPLITUD","LTRENDIDX","M","2008-07",101.1144,
"POL","BCI","AMPLITUD","LTRENDIDX","M","2008-08",100.8733,
"POL","BCI","AMPLITUD","LTRENDIDX","M","2008-09",100.5526,
"POL","BCI","AMPLITUD","LTRENDIDX","M","2008-10",100.0942,
"POL","BCI","AMPLITUD","LTRENDIDX","M","2008-11",99.42799,
"POL","BCI","AMPLITUD","LTRENDIDX","M","2008-12",98.63424,
"POL","BCI","AMPLITUD","LTRENDIDX","M","2009-01",97.90759,
"POL","BCI","AMPLITUD","LTRENDIDX","M","2009-02",97.40784,
"POL","BCI","AMPLITUD","LTRENDIDX","M","2009-03",97.22863,
"POL","BCI","AMPLITUD","LTRENDIDX","M","2009-04",97.30554,
"POL","BCI","AMPLITUD","LTRENDIDX","M","2009-05",97.44747,
"POL","BCI","AMPLITUD","LTRENDIDX","M","2009-06",97.61095,
"POL","BCI","AMPLITUD","LTRENDIDX","M","2009-07",97.85065,
"POL","BCI","AMPLITUD","LTRENDIDX","M","2009-08",98.2114,
"POL","BCI","AMPLITUD","LTRENDIDX","M","2009-09",98.54389,
"POL","BCI","AMPLITUD","LTRENDIDX","M","2009-10",98.80955,
"POL","BCI","AMPLITUD","LTRENDIDX","M","2009-11",99.02528,
"POL","BCI","AMPLITUD","LTRENDIDX","M","2009-12",99.23818,
"POL","BCI","AMPLITUD","LTRENDIDX","M","2010-01",99.56866,
"POL","BCI","AMPLITUD","LTRENDIDX","M","2010-02",99.88657,
"POL","BCI","AMPLITUD","LTRENDIDX","M","2010-03",100.0723,
"POL","BCI","AMPLITUD","LTRENDIDX","M","2010-04",100.0688,
"POL","BCI","AMPLITUD","LTRENDIDX","M","2010-05",99.9728,
"POL","BCI","AMPLITUD","LTRENDIDX","M","2010-06",99.94616,
"POL","BCI","AMPLITUD","LTRENDIDX","M","2010-07",99.99752,
"POL","BCI","AMPLITUD","LTRENDIDX","M","2010-08",100.0829,
"POL","BCI","AMPLITUD","LTRENDIDX","M","2010-09",100.1651,
"POL","BCI","AMPLITUD","LTRENDIDX","M","2010-10",100.2398,
"POL","BCI","AMPLITUD","LTRENDIDX","M","2010-11",100.3263,
"POL","BCI","AMPLITUD","LTRENDIDX","M","2010-12",100.4311,
"POL","BCI","AMPLITUD","LTRENDIDX","M","2011-01",100.4601,
"POL","BCI","AMPLITUD","LTRENDIDX","M","2011-02",100.5769,
"POL","BCI","AMPLITUD","LTRENDIDX","M","2011-03",100.6003,
"POL","BCI","AMPLITUD","LTRENDIDX","M","2011-04",100.5714,
"POL","BCI","AMPLITUD","LTRENDIDX","M","2011-05",100.4349,
"POL","BCI","AMPLITUD","LTRENDIDX","M","2011-06",100.2524,
"POL","BCI","AMPLITUD","LTRENDIDX","M","2011-07",100.0618,
"POL","BCI","AMPLITUD","LTRENDIDX","M","2011-08",99.85655,
"POL","BCI","AMPLITUD","LTRENDIDX","M","2011-09",99.70216,
"POL","BCI","AMPLITUD","LTRENDIDX","M","2011-10",99.70107,
"POL","BCI","AMPLITUD","LTRENDIDX","M","2011-11",99.83279,
"POL","BCI","AMPLITUD","LTRENDIDX","M","2011-12",99.9181,
"POL","BCI","AMPLITUD","LTRENDIDX","M","2012-01",99.96784,
"POL","BCI","AMPLITUD","LTRENDIDX","M","2012-02",99.93137,
"POL","BCI","AMPLITUD","LTRENDIDX","M","2012-03",99.85007,
"POL","BCI","AMPLITUD","LTRENDIDX","M","2012-04",99.72752,
"POL","BCI","AMPLITUD","LTRENDIDX","M","2012-05",99.62919,
"POL","BCI","AMPLITUD","LTRENDIDX","M","2012-06",99.54624,
"POL","BCI","AMPLITUD","LTRENDIDX","M","2012-07",99.36443,
"POL","BCI","AMPLITUD","LTRENDIDX","M","2012-08",99.09496,
"POL","BCI","AMPLITUD","LTRENDIDX","M","2012-09",98.85285,
"POL","BCI","AMPLITUD","LTRENDIDX","M","2012-10",98.71983,
"POL","BCI","AMPLITUD","LTRENDIDX","M","2012-11",98.76448,
"POL","BCI","AMPLITUD","LTRENDIDX","M","2012-12",98.82404,
"POL","BCI","AMPLITUD","LTRENDIDX","M","2013-01",98.84798,
"POL","BCI","AMPLITUD","LTRENDIDX","M","2013-02",98.83843,
"POL","BCI","AMPLITUD","LTRENDIDX","M","2013-03",98.84476,
"POL","BCI","AMPLITUD","LTRENDIDX","M","2013-04",98.91765,
"POL","BCI","AMPLITUD","LTRENDIDX","M","2013-05",99.06575,
"POL","BCI","AMPLITUD","LTRENDIDX","M","2013-06",99.14588,
"POL","BCI","AMPLITUD","LTRENDIDX","M","2013-07",99.23253,
"POL","BCI","AMPLITUD","LTRENDIDX","M","2013-08",99.35288,
"POL","BCI","AMPLITUD","LTRENDIDX","M","2013-09",99.49257,
"POL","BCI","AMPLITUD","LTRENDIDX","M","2013-10",99.6048,
"POL","BCI","AMPLITUD","LTRENDIDX","M","2013-11",99.69242,
"POL","BCI","AMPLITUD","LTRENDIDX","M","2013-12",99.8252,
"POL","BCI","AMPLITUD","LTRENDIDX","M","2014-01",99.9967,
"POL","BCI","AMPLITUD","LTRENDIDX","M","2014-02",100.0839,
"POL","BCI","AMPLITUD","LTRENDIDX","M","2014-03",100.1009,
"POL","BCI","AMPLITUD","LTRENDIDX","M","2014-04",100.1304,
"POL","BCI","AMPLITUD","LTRENDIDX","M","2014-05",100.1586,
"POL","BCI","AMPLITUD","LTRENDIDX","M","2014-06",100.1934,
"POL","BCI","AMPLITUD","LTRENDIDX","M","2014-07",100.2182,
"POL","BCI","AMPLITUD","LTRENDIDX","M","2014-08",100.1753,
"POL","BCI","AMPLITUD","LTRENDIDX","M","2014-09",100.1444,
"POL","BCI","AMPLITUD","LTRENDIDX","M","2014-10",100.2011,
"POL","BCI","AMPLITUD","LTRENDIDX","M","2014-11",100.262,
"POL","BCI","AMPLITUD","LTRENDIDX","M","2014-12",100.3064,
"POL","BCI","AMPLITUD","LTRENDIDX","M","2015-01",100.333,
"POL","BCI","AMPLITUD","LTRENDIDX","M","2015-02",100.3159,
"POL","BCI","AMPLITUD","LTRENDIDX","M","2015-03",100.3075,
"POL","BCI","AMPLITUD","LTRENDIDX","M","2015-04",100.2889,
"POL","BCI","AMPLITUD","LTRENDIDX","M","2015-05",100.2341,
"POL","BCI","AMPLITUD","LTRENDIDX","M","2015-06",100.1838,
"POL","BCI","AMPLITUD","LTRENDIDX","M","2015-07",100.2079,
"POL","BCI","AMPLITUD","LTRENDIDX","M","2015-08",100.2894,
"POL","BCI","AMPLITUD","LTRENDIDX","M","2015-09",100.337,
"POL","BCI","AMPLITUD","LTRENDIDX","M","2015-10",100.3629,
"POL","BCI","AMPLITUD","LTRENDIDX","M","2015-11",100.3426,
"POL","BCI","AMPLITUD","LTRENDIDX","M","2015-12",100.3183,
"POL","BCI","AMPLITUD","LTRENDIDX","M","2016-01",100.3453,
"POL","BCI","AMPLITUD","LTRENDIDX","M","2016-02",100.387,
"POL","BCI","AMPLITUD","LTRENDIDX","M","2016-03",100.3988,
"POL","BCI","AMPLITUD","LTRENDIDX","M","2016-04",100.3416,
"POL","BCI","AMPLITUD","LTRENDIDX","M","2016-05",100.2629,
"POL","BCI","AMPLITUD","LTRENDIDX","M","2016-06",100.2423,
"POL","BCI","AMPLITUD","LTRENDIDX","M","2016-07",100.231,
"POL","BCI","AMPLITUD","LTRENDIDX","M","2016-08",100.2376,
"POL","BCI","AMPLITUD","LTRENDIDX","M","2016-09",100.3217,
"POL","BCI","AMPLITUD","LTRENDIDX","M","2016-10",100.3654,
"POL","BCI","AMPLITUD","LTRENDIDX","M","2016-11",100.3954,
"POL","BCI","AMPLITUD","LTRENDIDX","M","2016-12",100.4844,
"POL","BCI","AMPLITUD","LTRENDIDX","M","2017-01",100.5545,
"POL","BCI","AMPLITUD","LTRENDIDX","M","2017-02",100.6024,
"POL","BCI","AMPLITUD","LTRENDIDX","M","2017-03",100.685,
"POL","BCI","AMPLITUD","LTRENDIDX","M","2017-04",100.7788,
"POL","BCI","AMPLITUD","LTRENDIDX","M","2017-05",100.8454,
"POL","BCI","AMPLITUD","LTRENDIDX","M","2017-06",100.9222,
"POL","BCI","AMPLITUD","LTRENDIDX","M","2017-07",100.9824,
"JPN","BCI","AMPLITUD","LTRENDIDX","M","1974-06",101.036,
"JPN","BCI","AMPLITUD","LTRENDIDX","M","1974-07",100.4918,
"JPN","BCI","AMPLITUD","LTRENDIDX","M","1974-08",99.96585,
"JPN","BCI","AMPLITUD","LTRENDIDX","M","1974-09",99.49538,
"JPN","BCI","AMPLITUD","LTRENDIDX","M","1974-10",99.1187,
"JPN","BCI","AMPLITUD","LTRENDIDX","M","1974-11",98.80211,
"JPN","BCI","AMPLITUD","LTRENDIDX","M","1974-12",98.51578,
"JPN","BCI","AMPLITUD","LTRENDIDX","M","1975-01",98.24958,
"JPN","BCI","AMPLITUD","LTRENDIDX","M","1975-02",97.99857,
"JPN","BCI","AMPLITUD","LTRENDIDX","M","1975-03",97.77278,
"JPN","BCI","AMPLITUD","LTRENDIDX","M","1975-04",97.59171,
"JPN","BCI","AMPLITUD","LTRENDIDX","M","1975-05",97.45364,
"JPN","BCI","AMPLITUD","LTRENDIDX","M","1975-06",97.37379,
"JPN","BCI","AMPLITUD","LTRENDIDX","M","1975-07",97.37949,
"JPN","BCI","AMPLITUD","LTRENDIDX","M","1975-08",97.44711,
"JPN","BCI","AMPLITUD","LTRENDIDX","M","1975-09",97.56654,
"JPN","BCI","AMPLITUD","LTRENDIDX","M","1975-10",97.74374,
"JPN","BCI","AMPLITUD","LTRENDIDX","M","1975-11",97.95145,
"JPN","BCI","AMPLITUD","LTRENDIDX","M","1975-12",98.1674,
"JPN","BCI","AMPLITUD","LTRENDIDX","M","1976-01",98.38187,
"JPN","BCI","AMPLITUD","LTRENDIDX","M","1976-02",98.59708,
"JPN","BCI","AMPLITUD","LTRENDIDX","M","1976-03",98.82123,
"JPN","BCI","AMPLITUD","LTRENDIDX","M","1976-04",99.06162,
"JPN","BCI","AMPLITUD","LTRENDIDX","M","1976-05",99.30904,
"JPN","BCI","AMPLITUD","LTRENDIDX","M","1976-06",99.54895,
"JPN","BCI","AMPLITUD","LTRENDIDX","M","1976-07",99.76584,
"JPN","BCI","AMPLITUD","LTRENDIDX","M","1976-08",99.955,
"JPN","BCI","AMPLITUD","LTRENDIDX","M","1976-09",100.0996,
"JPN","BCI","AMPLITUD","LTRENDIDX","M","1976-10",100.1756,
"JPN","BCI","AMPLITUD","LTRENDIDX","M","1976-11",100.2011,
"JPN","BCI","AMPLITUD","LTRENDIDX","M","1976-12",100.1831,
"JPN","BCI","AMPLITUD","LTRENDIDX","M","1977-01",100.1151,
"JPN","BCI","AMPLITUD","LTRENDIDX","M","1977-02",100.0183,
"JPN","BCI","AMPLITUD","LTRENDIDX","M","1977-03",99.90755,
"JPN","BCI","AMPLITUD","LTRENDIDX","M","1977-04",99.78831,
"JPN","BCI","AMPLITUD","LTRENDIDX","M","1977-05",99.66558,
"JPN","BCI","AMPLITUD","LTRENDIDX","M","1977-06",99.54298,
"JPN","BCI","AMPLITUD","LTRENDIDX","M","1977-07",99.42493,
"JPN","BCI","AMPLITUD","LTRENDIDX","M","1977-08",99.31884,
"JPN","BCI","AMPLITUD","LTRENDIDX","M","1977-09",99.24106,
"JPN","BCI","AMPLITUD","LTRENDIDX","M","1977-10",99.21088,
"JPN","BCI","AMPLITUD","LTRENDIDX","M","1977-11",99.21622,
"JPN","BCI","AMPLITUD","LTRENDIDX","M","1977-12",99.25189,
"JPN","BCI","AMPLITUD","LTRENDIDX","M","1978-01",99.32226,
"JPN","BCI","AMPLITUD","LTRENDIDX","M","1978-02",99.41363,
"JPN","BCI","AMPLITUD","LTRENDIDX","M","1978-03",99.51796,
"JPN","BCI","AMPLITUD","LTRENDIDX","M","1978-04",99.63556,
"JPN","BCI","AMPLITUD","LTRENDIDX","M","1978-05",99.76485,
"JPN","BCI","AMPLITUD","LTRENDIDX","M","1978-06",99.90926,
"JPN","BCI","AMPLITUD","LTRENDIDX","M","1978-07",100.0725,
"JPN","BCI","AMPLITUD","LTRENDIDX","M","1978-08",100.2386,
"JPN","BCI","AMPLITUD","LTRENDIDX","M","1978-09",100.3859,
"JPN","BCI","AMPLITUD","LTRENDIDX","M","1978-10",100.4988,
"JPN","BCI","AMPLITUD","LTRENDIDX","M","1978-11",100.5967,
"JPN","BCI","AMPLITUD","LTRENDIDX","M","1978-12",100.7063,
"JPN","BCI","AMPLITUD","LTRENDIDX","M","1979-01",100.8475,
"JPN","BCI","AMPLITUD","LTRENDIDX","M","1979-02",101.008,
"JPN","BCI","AMPLITUD","LTRENDIDX","M","1979-03",101.1714,
"JPN","BCI","AMPLITUD","LTRENDIDX","M","1979-04",101.3251,
"JPN","BCI","AMPLITUD","LTRENDIDX","M","1979-05",101.466,
"JPN","BCI","AMPLITUD","LTRENDIDX","M","1979-06",101.5878,
"JPN","BCI","AMPLITUD","LTRENDIDX","M","1979-07",101.6811,
"JPN","BCI","AMPLITUD","LTRENDIDX","M","1979-08",101.752,
"JPN","BCI","AMPLITUD","LTRENDIDX","M","1979-09",101.7999,
"JPN","BCI","AMPLITUD","LTRENDIDX","M","1979-10",101.8177,
"JPN","BCI","AMPLITUD","LTRENDIDX","M","1979-11",101.8143,
"JPN","BCI","AMPLITUD","LTRENDIDX","M","1979-12",101.7943,
"JPN","BCI","AMPLITUD","LTRENDIDX","M","1980-01",101.7581,
"JPN","BCI","AMPLITUD","LTRENDIDX","M","1980-02",101.7194,
"JPN","BCI","AMPLITUD","LTRENDIDX","M","1980-03",101.6925,
"JPN","BCI","AMPLITUD","LTRENDIDX","M","1980-04",101.6831,
"JPN","BCI","AMPLITUD","LTRENDIDX","M","1980-05",101.6668,
"JPN","BCI","AMPLITUD","LTRENDIDX","M","1980-06",101.6025,
"JPN","BCI","AMPLITUD","LTRENDIDX","M","1980-07",101.4531,
"JPN","BCI","AMPLITUD","LTRENDIDX","M","1980-08",101.2541,
"JPN","BCI","AMPLITUD","LTRENDIDX","M","1980-09",101.045,
"JPN","BCI","AMPLITUD","LTRENDIDX","M","1980-10",100.8511,
"JPN","BCI","AMPLITUD","LTRENDIDX","M","1980-11",100.6749,
"JPN","BCI","AMPLITUD","LTRENDIDX","M","1980-12",100.5172,
"JPN","BCI","AMPLITUD","LTRENDIDX","M","1981-01",100.3809,
"JPN","BCI","AMPLITUD","LTRENDIDX","M","1981-02",100.2563,
"JPN","BCI","AMPLITUD","LTRENDIDX","M","1981-03",100.1361,
"JPN","BCI","AMPLITUD","LTRENDIDX","M","1981-04",100.0195,
"JPN","BCI","AMPLITUD","LTRENDIDX","M","1981-05",99.91115,
"JPN","BCI","AMPLITUD","LTRENDIDX","M","1981-06",99.82446,
"JPN","BCI","AMPLITUD","LTRENDIDX","M","1981-07",99.77609,
"JPN","BCI","AMPLITUD","LTRENDIDX","M","1981-08",99.75912,
"JPN","BCI","AMPLITUD","LTRENDIDX","M","1981-09",99.77327,
"JPN","BCI","AMPLITUD","LTRENDIDX","M","1981-10",99.82365,
"JPN","BCI","AMPLITUD","LTRENDIDX","M","1981-11",99.88851,
"JPN","BCI","AMPLITUD","LTRENDIDX","M","1981-12",99.94186,
"JPN","BCI","AMPLITUD","LTRENDIDX","M","1982-01",99.96157,
"JPN","BCI","AMPLITUD","LTRENDIDX","M","1982-02",99.94897,
"JPN","BCI","AMPLITUD","LTRENDIDX","M","1982-03",99.89817,
"JPN","BCI","AMPLITUD","LTRENDIDX","M","1982-04",99.79748,
"JPN","BCI","AMPLITUD","LTRENDIDX","M","1982-05",99.66922,
"JPN","BCI","AMPLITUD","LTRENDIDX","M","1982-06",99.53468,
"JPN","BCI","AMPLITUD","LTRENDIDX","M","1982-07",99.40675,
"JPN","BCI","AMPLITUD","LTRENDIDX","M","1982-08",99.28871,
"JPN","BCI","AMPLITUD","LTRENDIDX","M","1982-09",99.1843,
"JPN","BCI","AMPLITUD","LTRENDIDX","M","1982-10",99.09767,
"JPN","BCI","AMPLITUD","LTRENDIDX","M","1982-11",99.01994,
"JPN","BCI","AMPLITUD","LTRENDIDX","M","1982-12",98.94333,
"JPN","BCI","AMPLITUD","LTRENDIDX","M","1983-01",98.86655,
"JPN","BCI","AMPLITUD","LTRENDIDX","M","1983-02",98.799,
"JPN","BCI","AMPLITUD","LTRENDIDX","M","1983-03",98.76108,
"JPN","BCI","AMPLITUD","LTRENDIDX","M","1983-04",98.77533,
"JPN","BCI","AMPLITUD","LTRENDIDX","M","1983-05",98.82798,
"JPN","BCI","AMPLITUD","LTRENDIDX","M","1983-06",98.91085,
"JPN","BCI","AMPLITUD","LTRENDIDX","M","1983-07",99.02498,
"JPN","BCI","AMPLITUD","LTRENDIDX","M","1983-08",99.15394,
"JPN","BCI","AMPLITUD","LTRENDIDX","M","1983-09",99.2841,
"JPN","BCI","AMPLITUD","LTRENDIDX","M","1983-10",99.41008,
"JPN","BCI","AMPLITUD","LTRENDIDX","M","1983-11",99.53893,
"JPN","BCI","AMPLITUD","LTRENDIDX","M","1983-12",99.68458,
"JPN","BCI","AMPLITUD","LTRENDIDX","M","1984-01",99.85934,
"JPN","BCI","AMPLITUD","LTRENDIDX","M","1984-02",100.0487,
"JPN","BCI","AMPLITUD","LTRENDIDX","M","1984-03",100.2335,
"JPN","BCI","AMPLITUD","LTRENDIDX","M","1984-04",100.3977,
"JPN","BCI","AMPLITUD","LTRENDIDX","M","1984-05",100.5408,
"JPN","BCI","AMPLITUD","LTRENDIDX","M","1984-06",100.6568,
"JPN","BCI","AMPLITUD","LTRENDIDX","M","1984-07",100.7358,
"JPN","BCI","AMPLITUD","LTRENDIDX","M","1984-08",100.7913,
"JPN","BCI","AMPLITUD","LTRENDIDX","M","1984-09",100.8325,
"JPN","BCI","AMPLITUD","LTRENDIDX","M","1984-10",100.8608,
"JPN","BCI","AMPLITUD","LTRENDIDX","M","1984-11",100.8797,
"JPN","BCI","AMPLITUD","LTRENDIDX","M","1984-12",100.8875,
"JPN","BCI","AMPLITUD","LTRENDIDX","M","1985-01",100.8791,
"JPN","BCI","AMPLITUD","LTRENDIDX","M","1985-02",100.8588,
"JPN","BCI","AMPLITUD","LTRENDIDX","M","1985-03",100.8283,
"JPN","BCI","AMPLITUD","LTRENDIDX","M","1985-04",100.786,
"JPN","BCI","AMPLITUD","LTRENDIDX","M","1985-05",100.7367,
"JPN","BCI","AMPLITUD","LTRENDIDX","M","1985-06",100.6825,
"JPN","BCI","AMPLITUD","LTRENDIDX","M","1985-07",100.6218,
"JPN","BCI","AMPLITUD","LTRENDIDX","M","1985-08",100.5515,
"JPN","BCI","AMPLITUD","LTRENDIDX","M","1985-09",100.4628,
"JPN","BCI","AMPLITUD","LTRENDIDX","M","1985-10",100.3456,
"JPN","BCI","AMPLITUD","LTRENDIDX","M","1985-11",100.2116,
"JPN","BCI","AMPLITUD","LTRENDIDX","M","1985-12",100.072,
"JPN","BCI","AMPLITUD","LTRENDIDX","M","1986-01",99.93225,
"JPN","BCI","AMPLITUD","LTRENDIDX","M","1986-02",99.79173,
"JPN","BCI","AMPLITUD","LTRENDIDX","M","1986-03",99.64735,
"JPN","BCI","AMPLITUD","LTRENDIDX","M","1986-04",99.49737,
"JPN","BCI","AMPLITUD","LTRENDIDX","M","1986-05",99.34914,
"JPN","BCI","AMPLITUD","LTRENDIDX","M","1986-06",99.21568,
"JPN","BCI","AMPLITUD","LTRENDIDX","M","1986-07",99.11041,
"JPN","BCI","AMPLITUD","LTRENDIDX","M","1986-08",99.02711,
"JPN","BCI","AMPLITUD","LTRENDIDX","M","1986-09",98.96378,
"JPN","BCI","AMPLITUD","LTRENDIDX","M","1986-10",98.92458,
"JPN","BCI","AMPLITUD","LTRENDIDX","M","1986-11",98.90178,
"JPN","BCI","AMPLITUD","LTRENDIDX","M","1986-12",98.89278,
"JPN","BCI","AMPLITUD","LTRENDIDX","M","1987-01",98.90092,
"JPN","BCI","AMPLITUD","LTRENDIDX","M","1987-02",98.92223,
"JPN","BCI","AMPLITUD","LTRENDIDX","M","1987-03",98.95873,
"JPN","BCI","AMPLITUD","LTRENDIDX","M","1987-04",99.01844,
"JPN","BCI","AMPLITUD","LTRENDIDX","M","1987-05",99.10011,
"JPN","BCI","AMPLITUD","LTRENDIDX","M","1987-06",99.21298,
"JPN","BCI","AMPLITUD","LTRENDIDX","M","1987-07",99.37439,
"JPN","BCI","AMPLITUD","LTRENDIDX","M","1987-08",99.57629,
"JPN","BCI","AMPLITUD","LTRENDIDX","M","1987-09",99.82146,
"JPN","BCI","AMPLITUD","LTRENDIDX","M","1987-10",100.1192,
"JPN","BCI","AMPLITUD","LTRENDIDX","M","1987-11",100.438,
"JPN","BCI","AMPLITUD","LTRENDIDX","M","1987-12",100.7408,
"JPN","BCI","AMPLITUD","LTRENDIDX","M","1988-01",101.0005,
"JPN","BCI","AMPLITUD","LTRENDIDX","M","1988-02",101.2303,
"JPN","BCI","AMPLITUD","LTRENDIDX","M","1988-03",101.4435,
"JPN","BCI","AMPLITUD","LTRENDIDX","M","1988-04",101.643,
"JPN","BCI","AMPLITUD","LTRENDIDX","M","1988-05",101.8276,
"JPN","BCI","AMPLITUD","LTRENDIDX","M","1988-06",101.9847,
"JPN","BCI","AMPLITUD","LTRENDIDX","M","1988-07",102.0984,
"JPN","BCI","AMPLITUD","LTRENDIDX","M","1988-08",102.1849,
"JPN","BCI","AMPLITUD","LTRENDIDX","M","1988-09",102.2582,
"JPN","BCI","AMPLITUD","LTRENDIDX","M","1988-10",102.3233,
"JPN","BCI","AMPLITUD","LTRENDIDX","M","1988-11",102.3831,
"JPN","BCI","AMPLITUD","LTRENDIDX","M","1988-12",102.4366,
"JPN","BCI","AMPLITUD","LTRENDIDX","M","1989-01",102.4832,
"JPN","BCI","AMPLITUD","LTRENDIDX","M","1989-02",102.5322,
"JPN","BCI","AMPLITUD","LTRENDIDX","M","1989-03",102.5974,
"JPN","BCI","AMPLITUD","LTRENDIDX","M","1989-04",102.6878,
"JPN","BCI","AMPLITUD","LTRENDIDX","M","1989-05",102.7838,
"JPN","BCI","AMPLITUD","LTRENDIDX","M","1989-06",102.8553,
"JPN","BCI","AMPLITUD","LTRENDIDX","M","1989-07",102.8764,
"JPN","BCI","AMPLITUD","LTRENDIDX","M","1989-08",102.863,
"JPN","BCI","AMPLITUD","LTRENDIDX","M","1989-09",102.8308,
"JPN","BCI","AMPLITUD","LTRENDIDX","M","1989-10",102.7878,
"JPN","BCI","AMPLITUD","LTRENDIDX","M","1989-11",102.7452,
"JPN","BCI","AMPLITUD","LTRENDIDX","M","1989-12",102.7141,
"JPN","BCI","AMPLITUD","LTRENDIDX","M","1990-01",102.7007,
"JPN","BCI","AMPLITUD","LTRENDIDX","M","1990-02",102.6916,
"JPN","BCI","AMPLITUD","LTRENDIDX","M","1990-03",102.668,
"JPN","BCI","AMPLITUD","LTRENDIDX","M","1990-04",102.6166,
"JPN","BCI","AMPLITUD","LTRENDIDX","M","1990-05",102.5549,
"JPN","BCI","AMPLITUD","LTRENDIDX","M","1990-06",102.5079,
"JPN","BCI","AMPLITUD","LTRENDIDX","M","1990-07",102.4944,
"JPN","BCI","AMPLITUD","LTRENDIDX","M","1990-08",102.5004,
"JPN","BCI","AMPLITUD","LTRENDIDX","M","1990-09",102.5075,
"JPN","BCI","AMPLITUD","LTRENDIDX","M","1990-10",102.5036,
"JPN","BCI","AMPLITUD","LTRENDIDX","M","1990-11",102.4917,
"JPN","BCI","AMPLITUD","LTRENDIDX","M","1990-12",102.4763,
"JPN","BCI","AMPLITUD","LTRENDIDX","M","1991-01",102.4584,
"JPN","BCI","AMPLITUD","LTRENDIDX","M","1991-02",102.4335,
"JPN","BCI","AMPLITUD","LTRENDIDX","M","1991-03",102.3903,
"JPN","BCI","AMPLITUD","LTRENDIDX","M","1991-04",102.3158,
"JPN","BCI","AMPLITUD","LTRENDIDX","M","1991-05",102.2193,
"JPN","BCI","AMPLITUD","LTRENDIDX","M","1991-06",102.1067,
"JPN","BCI","AMPLITUD","LTRENDIDX","M","1991-07",101.9764,
"JPN","BCI","AMPLITUD","LTRENDIDX","M","1991-08",101.8322,
"JPN","BCI","AMPLITUD","LTRENDIDX","M","1991-09",101.6707,
"JPN","BCI","AMPLITUD","LTRENDIDX","M","1991-10",101.4835,
"JPN","BCI","AMPLITUD","LTRENDIDX","M","1991-11",101.2753,
"JPN","BCI","AMPLITUD","LTRENDIDX","M","1991-12",101.0451,
"JPN","BCI","AMPLITUD","LTRENDIDX","M","1992-01",100.7865,
"JPN","BCI","AMPLITUD","LTRENDIDX","M","1992-02",100.5119,
"JPN","BCI","AMPLITUD","LTRENDIDX","M","1992-03",100.2331,
"JPN","BCI","AMPLITUD","LTRENDIDX","M","1992-04",99.95934,
"JPN","BCI","AMPLITUD","LTRENDIDX","M","1992-05",99.69846,
"JPN","BCI","AMPLITUD","LTRENDIDX","M","1992-06",99.46525,
"JPN","BCI","AMPLITUD","LTRENDIDX","M","1992-07",99.27648,
"JPN","BCI","AMPLITUD","LTRENDIDX","M","1992-08",99.11849,
"JPN","BCI","AMPLITUD","LTRENDIDX","M","1992-09",98.98131,
"JPN","BCI","AMPLITUD","LTRENDIDX","M","1992-10",98.86198,
"JPN","BCI","AMPLITUD","LTRENDIDX","M","1992-11",98.74723,
"JPN","BCI","AMPLITUD","LTRENDIDX","M","1992-12",98.62507,
"JPN","BCI","AMPLITUD","LTRENDIDX","M","1993-01",98.49198,
"JPN","BCI","AMPLITUD","LTRENDIDX","M","1993-02",98.36745,
"JPN","BCI","AMPLITUD","LTRENDIDX","M","1993-03",98.28462,
"JPN","BCI","AMPLITUD","LTRENDIDX","M","1993-04",98.27225,
"JPN","BCI","AMPLITUD","LTRENDIDX","M","1993-05",98.29518,
"JPN","BCI","AMPLITUD","LTRENDIDX","M","1993-06",98.30991,
"JPN","BCI","AMPLITUD","LTRENDIDX","M","1993-07",98.28494,
"JPN","BCI","AMPLITUD","LTRENDIDX","M","1993-08",98.22942,
"JPN","BCI","AMPLITUD","LTRENDIDX","M","1993-09",98.15482,
"JPN","BCI","AMPLITUD","LTRENDIDX","M","1993-10",98.06741,
"JPN","BCI","AMPLITUD","LTRENDIDX","M","1993-11",97.97965,
"JPN","BCI","AMPLITUD","LTRENDIDX","M","1993-12",97.90742,
"JPN","BCI","AMPLITUD","LTRENDIDX","M","1994-01",97.86748,
"JPN","BCI","AMPLITUD","LTRENDIDX","M","1994-02",97.85952,
"JPN","BCI","AMPLITUD","LTRENDIDX","M","1994-03",97.8941,
"JPN","BCI","AMPLITUD","LTRENDIDX","M","1994-04",97.98856,
"JPN","BCI","AMPLITUD","LTRENDIDX","M","1994-05",98.12051,
"JPN","BCI","AMPLITUD","LTRENDIDX","M","1994-06",98.27211,
"JPN","BCI","AMPLITUD","LTRENDIDX","M","1994-07",98.4369,
"JPN","BCI","AMPLITUD","LTRENDIDX","M","1994-08",98.60702,
"JPN","BCI","AMPLITUD","LTRENDIDX","M","1994-09",98.77711,
"JPN","BCI","AMPLITUD","LTRENDIDX","M","1994-10",98.94294,
"JPN","BCI","AMPLITUD","LTRENDIDX","M","1994-11",99.09999,
"JPN","BCI","AMPLITUD","LTRENDIDX","M","1994-12",99.23775,
"JPN","BCI","AMPLITUD","LTRENDIDX","M","1995-01",99.3428,
"JPN","BCI","AMPLITUD","LTRENDIDX","M","1995-02",99.42109,
"JPN","BCI","AMPLITUD","LTRENDIDX","M","1995-03",99.47097,
"JPN","BCI","AMPLITUD","LTRENDIDX","M","1995-04",99.48277,
"JPN","BCI","AMPLITUD","LTRENDIDX","M","1995-05",99.46687,
"JPN","BCI","AMPLITUD","LTRENDIDX","M","1995-06",99.4273,
"JPN","BCI","AMPLITUD","LTRENDIDX","M","1995-07",99.36295,
"JPN","BCI","AMPLITUD","LTRENDIDX","M","1995-08",99.29247,
"JPN","BCI","AMPLITUD","LTRENDIDX","M","1995-09",99.23956,
"JPN","BCI","AMPLITUD","LTRENDIDX","M","1995-10",99.22433,
"JPN","BCI","AMPLITUD","LTRENDIDX","M","1995-11",99.23721,
"JPN","BCI","AMPLITUD","LTRENDIDX","M","1995-12",99.2713,
"JPN","BCI","AMPLITUD","LTRENDIDX","M","1996-01",99.32683,
"JPN","BCI","AMPLITUD","LTRENDIDX","M","1996-02",99.39426,
"JPN","BCI","AMPLITUD","LTRENDIDX","M","1996-03",99.46703,
"JPN","BCI","AMPLITUD","LTRENDIDX","M","1996-04",99.54248,
"JPN","BCI","AMPLITUD","LTRENDIDX","M","1996-05",99.61729,
"JPN","BCI","AMPLITUD","LTRENDIDX","M","1996-06",99.68788,
"JPN","BCI","AMPLITUD","LTRENDIDX","M","1996-07",99.7514,
"JPN","BCI","AMPLITUD","LTRENDIDX","M","1996-08",99.811,
"JPN","BCI","AMPLITUD","LTRENDIDX","M","1996-09",99.87126,
"JPN","BCI","AMPLITUD","LTRENDIDX","M","1996-10",99.93768,
"JPN","BCI","AMPLITUD","LTRENDIDX","M","1996-11",100.0154,
"JPN","BCI","AMPLITUD","LTRENDIDX","M","1996-12",100.1135,
"JPN","BCI","AMPLITUD","LTRENDIDX","M","1997-01",100.2383,
"JPN","BCI","AMPLITUD","LTRENDIDX","M","1997-02",100.3657,
"JPN","BCI","AMPLITUD","LTRENDIDX","M","1997-03",100.4596,
"JPN","BCI","AMPLITUD","LTRENDIDX","M","1997-04",100.4877,
"JPN","BCI","AMPLITUD","LTRENDIDX","M","1997-05",100.4702,
"JPN","BCI","AMPLITUD","LTRENDIDX","M","1997-06",100.424,
"JPN","BCI","AMPLITUD","LTRENDIDX","M","1997-07",100.3525,
"JPN","BCI","AMPLITUD","LTRENDIDX","M","1997-08",100.2637,
"JPN","BCI","AMPLITUD","LTRENDIDX","M","1997-09",100.1542,
"JPN","BCI","AMPLITUD","LTRENDIDX","M","1997-10",100.01,
"JPN","BCI","AMPLITUD","LTRENDIDX","M","1997-11",99.82862,
"JPN","BCI","AMPLITUD","LTRENDIDX","M","1997-12",99.59241,
"JPN","BCI","AMPLITUD","LTRENDIDX","M","1998-01",99.28033,
"JPN","BCI","AMPLITUD","LTRENDIDX","M","1998-02",98.93362,
"JPN","BCI","AMPLITUD","LTRENDIDX","M","1998-03",98.60115,
"JPN","BCI","AMPLITUD","LTRENDIDX","M","1998-04",98.31912,
"JPN","BCI","AMPLITUD","LTRENDIDX","M","1998-05",98.07671,
"JPN","BCI","AMPLITUD","LTRENDIDX","M","1998-06",97.86479,
"JPN","BCI","AMPLITUD","LTRENDIDX","M","1998-07",97.68507,
"JPN","BCI","AMPLITUD","LTRENDIDX","M","1998-08",97.52879,
"JPN","BCI","AMPLITUD","LTRENDIDX","M","1998-09",97.39899,
"JPN","BCI","AMPLITUD","LTRENDIDX","M","1998-10",97.3095,
"JPN","BCI","AMPLITUD","LTRENDIDX","M","1998-11",97.25735,
"JPN","BCI","AMPLITUD","LTRENDIDX","M","1998-12",97.254,
"JPN","BCI","AMPLITUD","LTRENDIDX","M","1999-01",97.31934,
"JPN","BCI","AMPLITUD","LTRENDIDX","M","1999-02",97.42681,
"JPN","BCI","AMPLITUD","LTRENDIDX","M","1999-03",97.55479,
"JPN","BCI","AMPLITUD","LTRENDIDX","M","1999-04",97.69595,
"JPN","BCI","AMPLITUD","LTRENDIDX","M","1999-05",97.84599,
"JPN","BCI","AMPLITUD","LTRENDIDX","M","1999-06",98.00736,
"JPN","BCI","AMPLITUD","LTRENDIDX","M","1999-07",98.18417,
"JPN","BCI","AMPLITUD","LTRENDIDX","M","1999-08",98.36558,
"JPN","BCI","AMPLITUD","LTRENDIDX","M","1999-09",98.53751,
"JPN","BCI","AMPLITUD","LTRENDIDX","M","1999-10",98.68961,
"JPN","BCI","AMPLITUD","LTRENDIDX","M","1999-11",98.83184,
"JPN","BCI","AMPLITUD","LTRENDIDX","M","1999-12",98.9768,
"JPN","BCI","AMPLITUD","LTRENDIDX","M","2000-01",99.13215,
"JPN","BCI","AMPLITUD","LTRENDIDX","M","2000-02",99.29016,
"JPN","BCI","AMPLITUD","LTRENDIDX","M","2000-03",99.43773,
"JPN","BCI","AMPLITUD","LTRENDIDX","M","2000-04",99.56368,
"JPN","BCI","AMPLITUD","LTRENDIDX","M","2000-05",99.67656,
"JPN","BCI","AMPLITUD","LTRENDIDX","M","2000-06",99.78539,
"JPN","BCI","AMPLITUD","LTRENDIDX","M","2000-07",99.89352,
"JPN","BCI","AMPLITUD","LTRENDIDX","M","2000-08",99.99654,
"JPN","BCI","AMPLITUD","LTRENDIDX","M","2000-09",100.0804,
"JPN","BCI","AMPLITUD","LTRENDIDX","M","2000-10",100.1243,
"JPN","BCI","AMPLITUD","LTRENDIDX","M","2000-11",100.1233,
"JPN","BCI","AMPLITUD","LTRENDIDX","M","2000-12",100.0546,
"JPN","BCI","AMPLITUD","LTRENDIDX","M","2001-01",99.88778,
"JPN","BCI","AMPLITUD","LTRENDIDX","M","2001-02",99.66426,
"JPN","BCI","AMPLITUD","LTRENDIDX","M","2001-03",99.42303,
"JPN","BCI","AMPLITUD","LTRENDIDX","M","2001-04",99.18362,
"JPN","BCI","AMPLITUD","LTRENDIDX","M","2001-05",98.94664,
"JPN","BCI","AMPLITUD","LTRENDIDX","M","2001-06",98.70605,
"JPN","BCI","AMPLITUD","LTRENDIDX","M","2001-07",98.45892,
"JPN","BCI","AMPLITUD","LTRENDIDX","M","2001-08",98.21889,
"JPN","BCI","AMPLITUD","LTRENDIDX","M","2001-09",98.012,
"JPN","BCI","AMPLITUD","LTRENDIDX","M","2001-10",97.86556,
"JPN","BCI","AMPLITUD","LTRENDIDX","M","2001-11",97.76379,
"JPN","BCI","AMPLITUD","LTRENDIDX","M","2001-12",97.70074,
"JPN","BCI","AMPLITUD","LTRENDIDX","M","2002-01",97.68859,
"JPN","BCI","AMPLITUD","LTRENDIDX","M","2002-02",97.72726,
"JPN","BCI","AMPLITUD","LTRENDIDX","M","2002-03",97.83861,
"JPN","BCI","AMPLITUD","LTRENDIDX","M","2002-04",98.04983,
"JPN","BCI","AMPLITUD","LTRENDIDX","M","2002-05",98.30422,
"JPN","BCI","AMPLITUD","LTRENDIDX","M","2002-06",98.53374,
"JPN","BCI","AMPLITUD","LTRENDIDX","M","2002-07",98.68833,
"JPN","BCI","AMPLITUD","LTRENDIDX","M","2002-08",98.79019,
"JPN","BCI","AMPLITUD","LTRENDIDX","M","2002-09",98.86491,
"JPN","BCI","AMPLITUD","LTRENDIDX","M","2002-10",98.92524,
"JPN","BCI","AMPLITUD","LTRENDIDX","M","2002-11",98.98213,
"JPN","BCI","AMPLITUD","LTRENDIDX","M","2002-12",99.04163,
"JPN","BCI","AMPLITUD","LTRENDIDX","M","2003-01",99.1052,
"JPN","BCI","AMPLITUD","LTRENDIDX","M","2003-02",99.16755,
"JPN","BCI","AMPLITUD","LTRENDIDX","M","2003-03",99.22049,
"JPN","BCI","AMPLITUD","LTRENDIDX","M","2003-04",99.25819,
"JPN","BCI","AMPLITUD","LTRENDIDX","M","2003-05",99.29176,
"JPN","BCI","AMPLITUD","LTRENDIDX","M","2003-06",99.33868,
"JPN","BCI","AMPLITUD","LTRENDIDX","M","2003-07",99.41648,
"JPN","BCI","AMPLITUD","LTRENDIDX","M","2003-08",99.523,
"JPN","BCI","AMPLITUD","LTRENDIDX","M","2003-09",99.66295,
"JPN","BCI","AMPLITUD","LTRENDIDX","M","2003-10",99.8458,
"JPN","BCI","AMPLITUD","LTRENDIDX","M","2003-11",100.0502,
"JPN","BCI","AMPLITUD","LTRENDIDX","M","2003-12",100.2537,
"JPN","BCI","AMPLITUD","LTRENDIDX","M","2004-01",100.4405,
"JPN","BCI","AMPLITUD","LTRENDIDX","M","2004-02",100.6105,
"JPN","BCI","AMPLITUD","LTRENDIDX","M","2004-03",100.7616,
"JPN","BCI","AMPLITUD","LTRENDIDX","M","2004-04",100.8878,
"JPN","BCI","AMPLITUD","LTRENDIDX","M","2004-05",100.9976,
"JPN","BCI","AMPLITUD","LTRENDIDX","M","2004-06",101.0941,
"JPN","BCI","AMPLITUD","LTRENDIDX","M","2004-07",101.1725,
"JPN","BCI","AMPLITUD","LTRENDIDX","M","2004-08",101.2301,
"JPN","BCI","AMPLITUD","LTRENDIDX","M","2004-09",101.2532,
"JPN","BCI","AMPLITUD","LTRENDIDX","M","2004-10",101.2239,
"JPN","BCI","AMPLITUD","LTRENDIDX","M","2004-11",101.1616,
"JPN","BCI","AMPLITUD","LTRENDIDX","M","2004-12",101.0848,
"JPN","BCI","AMPLITUD","LTRENDIDX","M","2005-01",101.005,
"JPN","BCI","AMPLITUD","LTRENDIDX","M","2005-02",100.9355,
"JPN","BCI","AMPLITUD","LTRENDIDX","M","2005-03",100.8945,
"JPN","BCI","AMPLITUD","LTRENDIDX","M","2005-04",100.8982,
"JPN","BCI","AMPLITUD","LTRENDIDX","M","2005-05",100.9253,
"JPN","BCI","AMPLITUD","LTRENDIDX","M","2005-06",100.9526,
"JPN","BCI","AMPLITUD","LTRENDIDX","M","2005-07",100.9672,
"JPN","BCI","AMPLITUD","LTRENDIDX","M","2005-08",100.979,
"JPN","BCI","AMPLITUD","LTRENDIDX","M","2005-09",101.0055,
"JPN","BCI","AMPLITUD","LTRENDIDX","M","2005-10",101.0606,
"JPN","BCI","AMPLITUD","LTRENDIDX","M","2005-11",101.1277,
"JPN","BCI","AMPLITUD","LTRENDIDX","M","2005-12",101.1835,
"JPN","BCI","AMPLITUD","LTRENDIDX","M","2006-01",101.2098,
"JPN","BCI","AMPLITUD","LTRENDIDX","M","2006-02",101.2164,
"JPN","BCI","AMPLITUD","LTRENDIDX","M","2006-03",101.2148,
"JPN","BCI","AMPLITUD","LTRENDIDX","M","2006-04",101.2119,
"JPN","BCI","AMPLITUD","LTRENDIDX","M","2006-05",101.2109,
"JPN","BCI","AMPLITUD","LTRENDIDX","M","2006-06",101.2152,
"JPN","BCI","AMPLITUD","LTRENDIDX","M","2006-07",101.2286,
"JPN","BCI","AMPLITUD","LTRENDIDX","M","2006-08",101.2511,
"JPN","BCI","AMPLITUD","LTRENDIDX","M","2006-09",101.2857,
"JPN","BCI","AMPLITUD","LTRENDIDX","M","2006-10",101.335,
"JPN","BCI","AMPLITUD","LTRENDIDX","M","2006-11",101.3866,
"JPN","BCI","AMPLITUD","LTRENDIDX","M","2006-12",101.4231,
"JPN","BCI","AMPLITUD","LTRENDIDX","M","2007-01",101.4294,
"JPN","BCI","AMPLITUD","LTRENDIDX","M","2007-02",101.4153,
"JPN","BCI","AMPLITUD","LTRENDIDX","M","2007-03",101.3894,
"JPN","BCI","AMPLITUD","LTRENDIDX","M","2007-04",101.3537,
"JPN","BCI","AMPLITUD","LTRENDIDX","M","2007-05",101.3099,
"JPN","BCI","AMPLITUD","LTRENDIDX","M","2007-06",101.2553,
"JPN","BCI","AMPLITUD","LTRENDIDX","M","2007-07",101.1874,
"JPN","BCI","AMPLITUD","LTRENDIDX","M","2007-08",101.119,
"JPN","BCI","AMPLITUD","LTRENDIDX","M","2007-09",101.0676,
"JPN","BCI","AMPLITUD","LTRENDIDX","M","2007-10",101.0445,
"JPN","BCI","AMPLITUD","LTRENDIDX","M","2007-11",101.0281,
"JPN","BCI","AMPLITUD","LTRENDIDX","M","2007-12",100.9859,
"JPN","BCI","AMPLITUD","LTRENDIDX","M","2008-01",100.8921,
"JPN","BCI","AMPLITUD","LTRENDIDX","M","2008-02",100.7688,
"JPN","BCI","AMPLITUD","LTRENDIDX","M","2008-03",100.6426,
"JPN","BCI","AMPLITUD","LTRENDIDX","M","2008-04",100.5295,
"JPN","BCI","AMPLITUD","LTRENDIDX","M","2008-05",100.4235,
"JPN","BCI","AMPLITUD","LTRENDIDX","M","2008-06",100.3108,
"JPN","BCI","AMPLITUD","LTRENDIDX","M","2008-07",100.1774,
"JPN","BCI","AMPLITUD","LTRENDIDX","M","2008-08",100.0236,
"JPN","BCI","AMPLITUD","LTRENDIDX","M","2008-09",99.83926,
"JPN","BCI","AMPLITUD","LTRENDIDX","M","2008-10",99.60016,
"JPN","BCI","AMPLITUD","LTRENDIDX","M","2008-11",99.29479,
"JPN","BCI","AMPLITUD","LTRENDIDX","M","2008-12",98.8875,
"JPN","BCI","AMPLITUD","LTRENDIDX","M","2009-01",98.34798,
"JPN","BCI","AMPLITUD","LTRENDIDX","M","2009-02",97.78267,
"JPN","BCI","AMPLITUD","LTRENDIDX","M","2009-03",97.34377,
"JPN","BCI","AMPLITUD","LTRENDIDX","M","2009-04",97.16394,
"JPN","BCI","AMPLITUD","LTRENDIDX","M","2009-05",97.16459,
"JPN","BCI","AMPLITUD","LTRENDIDX","M","2009-06",97.27516,
"JPN","BCI","AMPLITUD","LTRENDIDX","M","2009-07",97.47189,
"JPN","BCI","AMPLITUD","LTRENDIDX","M","2009-08",97.70665,
"JPN","BCI","AMPLITUD","LTRENDIDX","M","2009-09",97.94665,
"JPN","BCI","AMPLITUD","LTRENDIDX","M","2009-10",98.17615,
"JPN","BCI","AMPLITUD","LTRENDIDX","M","2009-11",98.39298,
"JPN","BCI","AMPLITUD","LTRENDIDX","M","2009-12",98.59575,
"JPN","BCI","AMPLITUD","LTRENDIDX","M","2010-01",98.78378,
"JPN","BCI","AMPLITUD","LTRENDIDX","M","2010-02",98.97108,
"JPN","BCI","AMPLITUD","LTRENDIDX","M","2010-03",99.17574,
"JPN","BCI","AMPLITUD","LTRENDIDX","M","2010-04",99.4099,
"JPN","BCI","AMPLITUD","LTRENDIDX","M","2010-05",99.65246,
"JPN","BCI","AMPLITUD","LTRENDIDX","M","2010-06",99.87109,
"JPN","BCI","AMPLITUD","LTRENDIDX","M","2010-07",100.0359,
"JPN","BCI","AMPLITUD","LTRENDIDX","M","2010-08",100.1568,
"JPN","BCI","AMPLITUD","LTRENDIDX","M","2010-09",100.2373,
"JPN","BCI","AMPLITUD","LTRENDIDX","M","2010-10",100.2712,
"JPN","BCI","AMPLITUD","LTRENDIDX","M","2010-11",100.2811,
"JPN","BCI","AMPLITUD","LTRENDIDX","M","2010-12",100.284,
"JPN","BCI","AMPLITUD","LTRENDIDX","M","2011-01",100.2814,
"JPN","BCI","AMPLITUD","LTRENDIDX","M","2011-02",100.2566,
"JPN","BCI","AMPLITUD","LTRENDIDX","M","2011-03",100.1773,
"JPN","BCI","AMPLITUD","LTRENDIDX","M","2011-04",100.0204,
"JPN","BCI","AMPLITUD","LTRENDIDX","M","2011-05",99.85103,
"JPN","BCI","AMPLITUD","LTRENDIDX","M","2011-06",99.76287,
"JPN","BCI","AMPLITUD","LTRENDIDX","M","2011-07",99.83084,
"JPN","BCI","AMPLITUD","LTRENDIDX","M","2011-08",99.98239,
"JPN","BCI","AMPLITUD","LTRENDIDX","M","2011-09",100.1266,
"JPN","BCI","AMPLITUD","LTRENDIDX","M","2011-10",100.1997,
"JPN","BCI","AMPLITUD","LTRENDIDX","M","2011-11",100.218,
"JPN","BCI","AMPLITUD","LTRENDIDX","M","2011-12",100.2046,
"JPN","BCI","AMPLITUD","LTRENDIDX","M","2012-01",100.1711,
"JPN","BCI","AMPLITUD","LTRENDIDX","M","2012-02",100.1314,
"JPN","BCI","AMPLITUD","LTRENDIDX","M","2012-03",100.0952,
"JPN","BCI","AMPLITUD","LTRENDIDX","M","2012-04",100.0686,
"JPN","BCI","AMPLITUD","LTRENDIDX","M","2012-05",100.0509,
"JPN","BCI","AMPLITUD","LTRENDIDX","M","2012-06",100.0417,
"JPN","BCI","AMPLITUD","LTRENDIDX","M","2012-07",100.0381,
"JPN","BCI","AMPLITUD","LTRENDIDX","M","2012-08",100.0252,
"JPN","BCI","AMPLITUD","LTRENDIDX","M","2012-09",99.97924,
"JPN","BCI","AMPLITUD","LTRENDIDX","M","2012-10",99.88027,
"JPN","BCI","AMPLITUD","LTRENDIDX","M","2012-11",99.75848,
"JPN","BCI","AMPLITUD","LTRENDIDX","M","2012-12",99.65508,
"JPN","BCI","AMPLITUD","LTRENDIDX","M","2013-01",99.60618,
"JPN","BCI","AMPLITUD","LTRENDIDX","M","2013-02",99.60823,
"JPN","BCI","AMPLITUD","LTRENDIDX","M","2013-03",99.66697,
"JPN","BCI","AMPLITUD","LTRENDIDX","M","2013-04",99.79532,
"JPN","BCI","AMPLITUD","LTRENDIDX","M","2013-05",99.95466,
"JPN","BCI","AMPLITUD","LTRENDIDX","M","2013-06",100.1039,
"JPN","BCI","AMPLITUD","LTRENDIDX","M","2013-07",100.2172,
"JPN","BCI","AMPLITUD","LTRENDIDX","M","2013-08",100.3128,
"JPN","BCI","AMPLITUD","LTRENDIDX","M","2013-09",100.4174,
"JPN","BCI","AMPLITUD","LTRENDIDX","M","2013-10",100.5507,
"JPN","BCI","AMPLITUD","LTRENDIDX","M","2013-11",100.6983,
"JPN","BCI","AMPLITUD","LTRENDIDX","M","2013-12",100.8372,
"JPN","BCI","AMPLITUD","LTRENDIDX","M","2014-01",100.9451,
"JPN","BCI","AMPLITUD","LTRENDIDX","M","2014-02",101.0193,
"JPN","BCI","AMPLITUD","LTRENDIDX","M","2014-03",101.0478,
"JPN","BCI","AMPLITUD","LTRENDIDX","M","2014-04",101.0136,
"JPN","BCI","AMPLITUD","LTRENDIDX","M","2014-05",100.9455,
"JPN","BCI","AMPLITUD","LTRENDIDX","M","2014-06",100.8729,
"JPN","BCI","AMPLITUD","LTRENDIDX","M","2014-07",100.8155,
"JPN","BCI","AMPLITUD","LTRENDIDX","M","2014-08",100.7771,
"JPN","BCI","AMPLITUD","LTRENDIDX","M","2014-09",100.7633,
"JPN","BCI","AMPLITUD","LTRENDIDX","M","2014-10",100.7809,
"JPN","BCI","AMPLITUD","LTRENDIDX","M","2014-11",100.8116,
"JPN","BCI","AMPLITUD","LTRENDIDX","M","2014-12",100.8348,
"JPN","BCI","AMPLITUD","LTRENDIDX","M","2015-01",100.8353,
"JPN","BCI","AMPLITUD","LTRENDIDX","M","2015-02",100.8204,
"JPN","BCI","AMPLITUD","LTRENDIDX","M","2015-03",100.7989,
"JPN","BCI","AMPLITUD","LTRENDIDX","M","2015-04",100.7769,
"JPN","BCI","AMPLITUD","LTRENDIDX","M","2015-05",100.7595,
"JPN","BCI","AMPLITUD","LTRENDIDX","M","2015-06",100.7526,
"JPN","BCI","AMPLITUD","LTRENDIDX","M","2015-07",100.7612,
"JPN","BCI","AMPLITUD","LTRENDIDX","M","2015-08",100.7763,
"JPN","BCI","AMPLITUD","LTRENDIDX","M","2015-09",100.7859,
"JPN","BCI","AMPLITUD","LTRENDIDX","M","2015-10",100.7799,
"JPN","BCI","AMPLITUD","LTRENDIDX","M","2015-11",100.7603,
"JPN","BCI","AMPLITUD","LTRENDIDX","M","2015-12",100.7268,
"JPN","BCI","AMPLITUD","LTRENDIDX","M","2016-01",100.6777,
"JPN","BCI","AMPLITUD","LTRENDIDX","M","2016-02",100.6226,
"JPN","BCI","AMPLITUD","LTRENDIDX","M","2016-03",100.5733,
"JPN","BCI","AMPLITUD","LTRENDIDX","M","2016-04",100.5393,
"JPN","BCI","AMPLITUD","LTRENDIDX","M","2016-05",100.5182,
"JPN","BCI","AMPLITUD","LTRENDIDX","M","2016-06",100.5098,
"JPN","BCI","AMPLITUD","LTRENDIDX","M","2016-07",100.5178,
"JPN","BCI","AMPLITUD","LTRENDIDX","M","2016-08",100.5379,
"JPN","BCI","AMPLITUD","LTRENDIDX","M","2016-09",100.5701,
"JPN","BCI","AMPLITUD","LTRENDIDX","M","2016-10",100.6181,
"JPN","BCI","AMPLITUD","LTRENDIDX","M","2016-11",100.6769,
"JPN","BCI","AMPLITUD","LTRENDIDX","M","2016-12",100.7436,
"JPN","BCI","AMPLITUD","LTRENDIDX","M","2017-01",100.818,
"JPN","BCI","AMPLITUD","LTRENDIDX","M","2017-02",100.8947,
"JPN","BCI","AMPLITUD","LTRENDIDX","M","2017-03",100.9681,
"JPN","BCI","AMPLITUD","LTRENDIDX","M","2017-04",101.0339,
"JPN","BCI","AMPLITUD","LTRENDIDX","M","2017-05",101.0948,
"JPN","BCI","AMPLITUD","LTRENDIDX","M","2017-06",101.1541,
"OECDE","BCI","AMPLITUD","LTRENDIDX","M","1975-12",99.60724,
"OECDE","BCI","AMPLITUD","LTRENDIDX","M","1976-01",99.79662,
"OECDE","BCI","AMPLITUD","LTRENDIDX","M","1976-02",99.96586,
"OECDE","BCI","AMPLITUD","LTRENDIDX","M","1976-03",100.1311,
"OECDE","BCI","AMPLITUD","LTRENDIDX","M","1976-04",100.2839,
"OECDE","BCI","AMPLITUD","LTRENDIDX","M","1976-05",100.3754,
"OECDE","BCI","AMPLITUD","LTRENDIDX","M","1976-06",100.4077,
"OECDE","BCI","AMPLITUD","LTRENDIDX","M","1976-07",100.3633,
"OECDE","BCI","AMPLITUD","LTRENDIDX","M","1976-08",100.2511,
"OECDE","BCI","AMPLITUD","LTRENDIDX","M","1976-09",100.1105,
"OECDE","BCI","AMPLITUD","LTRENDIDX","M","1976-10",99.96684,
"OECDE","BCI","AMPLITUD","LTRENDIDX","M","1976-11",99.80436,
"OECDE","BCI","AMPLITUD","LTRENDIDX","M","1976-12",99.64428,
"OECDE","BCI","AMPLITUD","LTRENDIDX","M","1977-01",99.49744,
"OECDE","BCI","AMPLITUD","LTRENDIDX","M","1977-02",99.37789,
"OECDE","BCI","AMPLITUD","LTRENDIDX","M","1977-03",99.25667,
"OECDE","BCI","AMPLITUD","LTRENDIDX","M","1977-04",99.0764,
"OECDE","BCI","AMPLITUD","LTRENDIDX","M","1977-05",98.91689,
"OECDE","BCI","AMPLITUD","LTRENDIDX","M","1977-06",98.80608,
"OECDE","BCI","AMPLITUD","LTRENDIDX","M","1977-07",98.76178,
"OECDE","BCI","AMPLITUD","LTRENDIDX","M","1977-08",98.75319,
"OECDE","BCI","AMPLITUD","LTRENDIDX","M","1977-09",98.75214,
"OECDE","BCI","AMPLITUD","LTRENDIDX","M","1977-10",98.75224,
"OECDE","BCI","AMPLITUD","LTRENDIDX","M","1977-11",98.76602,
"OECDE","BCI","AMPLITUD","LTRENDIDX","M","1977-12",98.78841,
"OECDE","BCI","AMPLITUD","LTRENDIDX","M","1978-01",98.81032,
"OECDE","BCI","AMPLITUD","LTRENDIDX","M","1978-02",98.87833,
"OECDE","BCI","AMPLITUD","LTRENDIDX","M","1978-03",98.98632,
"OECDE","BCI","AMPLITUD","LTRENDIDX","M","1978-04",99.12534,
"OECDE","BCI","AMPLITUD","LTRENDIDX","M","1978-05",99.28101,
"OECDE","BCI","AMPLITUD","LTRENDIDX","M","1978-06",99.46136,
"OECDE","BCI","AMPLITUD","LTRENDIDX","M","1978-07",99.64968,
"OECDE","BCI","AMPLITUD","LTRENDIDX","M","1978-08",99.82684,
"OECDE","BCI","AMPLITUD","LTRENDIDX","M","1978-09",99.96619,
"OECDE","BCI","AMPLITUD","LTRENDIDX","M","1978-10",100.0825,
"OECDE","BCI","AMPLITUD","LTRENDIDX","M","1978-11",100.1443,
"OECDE","BCI","AMPLITUD","LTRENDIDX","M","1978-12",100.159,
"OECDE","BCI","AMPLITUD","LTRENDIDX","M","1979-01",100.207,
"OECDE","BCI","AMPLITUD","LTRENDIDX","M","1979-02",100.3103,
"OECDE","BCI","AMPLITUD","LTRENDIDX","M","1979-03",100.4997,
"OECDE","BCI","AMPLITUD","LTRENDIDX","M","1979-04",100.7119,
"OECDE","BCI","AMPLITUD","LTRENDIDX","M","1979-05",100.8498,
"OECDE","BCI","AMPLITUD","LTRENDIDX","M","1979-06",100.8418,
"OECDE","BCI","AMPLITUD","LTRENDIDX","M","1979-07",100.7177,
"OECDE","BCI","AMPLITUD","LTRENDIDX","M","1979-08",100.5775,
"OECDE","BCI","AMPLITUD","LTRENDIDX","M","1979-09",100.4774,
"OECDE","BCI","AMPLITUD","LTRENDIDX","M","1979-10",100.3769,
"OECDE","BCI","AMPLITUD","LTRENDIDX","M","1979-11",100.2629,
"OECDE","BCI","AMPLITUD","LTRENDIDX","M","1979-12",100.1648,
"OECDE","BCI","AMPLITUD","LTRENDIDX","M","1980-01",100.0436,
"OECDE","BCI","AMPLITUD","LTRENDIDX","M","1980-02",99.82138,
"OECDE","BCI","AMPLITUD","LTRENDIDX","M","1980-03",99.47144,
"OECDE","BCI","AMPLITUD","LTRENDIDX","M","1980-04",99.04798,
"OECDE","BCI","AMPLITUD","LTRENDIDX","M","1980-05",98.6497,
"OECDE","BCI","AMPLITUD","LTRENDIDX","M","1980-06",98.38285,
"OECDE","BCI","AMPLITUD","LTRENDIDX","M","1980-07",98.19561,
"OECDE","BCI","AMPLITUD","LTRENDIDX","M","1980-08",98.07061,
"OECDE","BCI","AMPLITUD","LTRENDIDX","M","1980-09",97.96129,
"OECDE","BCI","AMPLITUD","LTRENDIDX","M","1980-10",97.8496,
"OECDE","BCI","AMPLITUD","LTRENDIDX","M","1980-11",97.81207,
"OECDE","BCI","AMPLITUD","LTRENDIDX","M","1980-12",97.82782,
"OECDE","BCI","AMPLITUD","LTRENDIDX","M","1981-01",97.83575,
"OECDE","BCI","AMPLITUD","LTRENDIDX","M","1981-02",97.84319,
"OECDE","BCI","AMPLITUD","LTRENDIDX","M","1981-03",97.85886,
"OECDE","BCI","AMPLITUD","LTRENDIDX","M","1981-04",97.91489,
"OECDE","BCI","AMPLITUD","LTRENDIDX","M","1981-05",98.02098,
"OECDE","BCI","AMPLITUD","LTRENDIDX","M","1981-06",98.15432,
"OECDE","BCI","AMPLITUD","LTRENDIDX","M","1981-07",98.29149,
"OECDE","BCI","AMPLITUD","LTRENDIDX","M","1981-08",98.39303,
"OECDE","BCI","AMPLITUD","LTRENDIDX","M","1981-09",98.4417,
"OECDE","BCI","AMPLITUD","LTRENDIDX","M","1981-10",98.4501,
"OECDE","BCI","AMPLITUD","LTRENDIDX","M","1981-11",98.42973,
"OECDE","BCI","AMPLITUD","LTRENDIDX","M","1981-12",98.39285,
"OECDE","BCI","AMPLITUD","LTRENDIDX","M","1982-01",98.37224,
"OECDE","BCI","AMPLITUD","LTRENDIDX","M","1982-02",98.37154,
"OECDE","BCI","AMPLITUD","LTRENDIDX","M","1982-03",98.35378,
"OECDE","BCI","AMPLITUD","LTRENDIDX","M","1982-04",98.27718,
"OECDE","BCI","AMPLITUD","LTRENDIDX","M","1982-05",98.1511,
"OECDE","BCI","AMPLITUD","LTRENDIDX","M","1982-06",97.9854,
"OECDE","BCI","AMPLITUD","LTRENDIDX","M","1982-07",97.8023,
"OECDE","BCI","AMPLITUD","LTRENDIDX","M","1982-08",97.68069,
"OECDE","BCI","AMPLITUD","LTRENDIDX","M","1982-09",97.67186,
"OECDE","BCI","AMPLITUD","LTRENDIDX","M","1982-10",97.74213,
"OECDE","BCI","AMPLITUD","LTRENDIDX","M","1982-11",97.92455,
"OECDE","BCI","AMPLITUD","LTRENDIDX","M","1982-12",98.19014,
"OECDE","BCI","AMPLITUD","LTRENDIDX","M","1983-01",98.43859,
"OECDE","BCI","AMPLITUD","LTRENDIDX","M","1983-02",98.64562,
"OECDE","BCI","AMPLITUD","LTRENDIDX","M","1983-03",98.77168,
"OECDE","BCI","AMPLITUD","LTRENDIDX","M","1983-04",98.83353,
"OECDE","BCI","AMPLITUD","LTRENDIDX","M","1983-05",98.88026,
"OECDE","BCI","AMPLITUD","LTRENDIDX","M","1983-06",98.95231,
"OECDE","BCI","AMPLITUD","LTRENDIDX","M","1983-07",99.05041,
"OECDE","BCI","AMPLITUD","LTRENDIDX","M","1983-08",99.16833,
"OECDE","BCI","AMPLITUD","LTRENDIDX","M","1983-09",99.29725,
"OECDE","BCI","AMPLITUD","LTRENDIDX","M","1983-10",99.4395,
"OECDE","BCI","AMPLITUD","LTRENDIDX","M","1983-11",99.57168,
"OECDE","BCI","AMPLITUD","LTRENDIDX","M","1983-12",99.67272,
"OECDE","BCI","AMPLITUD","LTRENDIDX","M","1984-01",99.73792,
"OECDE","BCI","AMPLITUD","LTRENDIDX","M","1984-02",99.78286,
"OECDE","BCI","AMPLITUD","LTRENDIDX","M","1984-03",99.81036,
"OECDE","BCI","AMPLITUD","LTRENDIDX","M","1984-04",99.83362,
"OECDE","BCI","AMPLITUD","LTRENDIDX","M","1984-05",99.88468,
"OECDE","BCI","AMPLITUD","LTRENDIDX","M","1984-06",99.95927,
"OECDE","BCI","AMPLITUD","LTRENDIDX","M","1984-07",99.99009,
"OECDE","BCI","AMPLITUD","LTRENDIDX","M","1984-08",99.97128,
"OECDE","BCI","AMPLITUD","LTRENDIDX","M","1984-09",99.93455,
"OECDE","BCI","AMPLITUD","LTRENDIDX","M","1984-10",99.90147,
"OECDE","BCI","AMPLITUD","LTRENDIDX","M","1984-11",99.87859,
"OECDE","BCI","AMPLITUD","LTRENDIDX","M","1984-12",99.89008,
"OECDE","BCI","AMPLITUD","LTRENDIDX","M","1985-01",99.88441,
"OECDE","BCI","AMPLITUD","LTRENDIDX","M","1985-02",99.87495,
"OECDE","BCI","AMPLITUD","LTRENDIDX","M","1985-03",99.85443,
"OECDE","BCI","AMPLITUD","LTRENDIDX","M","1985-04",99.88092,
"OECDE","BCI","AMPLITUD","LTRENDIDX","M","1985-05",99.93787,
"OECDE","BCI","AMPLITUD","LTRENDIDX","M","1985-06",99.9881,
"OECDE","BCI","AMPLITUD","LTRENDIDX","M","1985-07",100.0153,
"OECDE","BCI","AMPLITUD","LTRENDIDX","M","1985-08",100.056,
"OECDE","BCI","AMPLITUD","LTRENDIDX","M","1985-09",100.1096,
"OECDE","BCI","AMPLITUD","LTRENDIDX","M","1985-10",100.1517,
"OECDE","BCI","AMPLITUD","LTRENDIDX","M","1985-11",100.1644,
"OECDE","BCI","AMPLITUD","LTRENDIDX","M","1985-12",100.1312,
"OECDE","BCI","AMPLITUD","LTRENDIDX","M","1986-01",100.0735,
"OECDE","BCI","AMPLITUD","LTRENDIDX","M","1986-02",100.0389,
"OECDE","BCI","AMPLITUD","LTRENDIDX","M","1986-03",99.98776,
"OECDE","BCI","AMPLITUD","LTRENDIDX","M","1986-04",99.92923,
"OECDE","BCI","AMPLITUD","LTRENDIDX","M","1986-05",99.90743,
"OECDE","BCI","AMPLITUD","LTRENDIDX","M","1986-06",99.89498,
"OECDE","BCI","AMPLITUD","LTRENDIDX","M","1986-07",99.9066,
"OECDE","BCI","AMPLITUD","LTRENDIDX","M","1986-08",99.92952,
"OECDE","BCI","AMPLITUD","LTRENDIDX","M","1986-09",99.93436,
"OECDE","BCI","AMPLITUD","LTRENDIDX","M","1986-10",99.92293,
"OECDE","BCI","AMPLITUD","LTRENDIDX","M","1986-11",99.92471,
"OECDE","BCI","AMPLITUD","LTRENDIDX","M","1986-12",99.92796,
"OECDE","BCI","AMPLITUD","LTRENDIDX","M","1987-01",99.92644,
"OECDE","BCI","AMPLITUD","LTRENDIDX","M","1987-02",99.95162,
"OECDE","BCI","AMPLITUD","LTRENDIDX","M","1987-03",100.0186,
"OECDE","BCI","AMPLITUD","LTRENDIDX","M","1987-04",100.0891,
"OECDE","BCI","AMPLITUD","LTRENDIDX","M","1987-05",100.1745,
"OECDE","BCI","AMPLITUD","LTRENDIDX","M","1987-06",100.2625,
"OECDE","BCI","AMPLITUD","LTRENDIDX","M","1987-07",100.3632,
"OECDE","BCI","AMPLITUD","LTRENDIDX","M","1987-08",100.4846,
"OECDE","BCI","AMPLITUD","LTRENDIDX","M","1987-09",100.5749,
"OECDE","BCI","AMPLITUD","LTRENDIDX","M","1987-10",100.6275,
"OECDE","BCI","AMPLITUD","LTRENDIDX","M","1987-11",100.6435,
"OECDE","BCI","AMPLITUD","LTRENDIDX","M","1987-12",100.6524,
"OECDE","BCI","AMPLITUD","LTRENDIDX","M","1988-01",100.694,
"OECDE","BCI","AMPLITUD","LTRENDIDX","M","1988-02",100.7367,
"OECDE","BCI","AMPLITUD","LTRENDIDX","M","1988-03",100.7816,
"OECDE","BCI","AMPLITUD","LTRENDIDX","M","1988-04",100.852,
"OECDE","BCI","AMPLITUD","LTRENDIDX","M","1988-05",100.9469,
"OECDE","BCI","AMPLITUD","LTRENDIDX","M","1988-06",101.0451,
"OECDE","BCI","AMPLITUD","LTRENDIDX","M","1988-07",101.124,
"OECDE","BCI","AMPLITUD","LTRENDIDX","M","1988-08",101.1943,
"OECDE","BCI","AMPLITUD","LTRENDIDX","M","1988-09",101.2673,
"OECDE","BCI","AMPLITUD","LTRENDIDX","M","1988-10",101.3318,
"OECDE","BCI","AMPLITUD","LTRENDIDX","M","1988-11",101.3531,
"OECDE","BCI","AMPLITUD","LTRENDIDX","M","1988-12",101.3625,
"OECDE","BCI","AMPLITUD","LTRENDIDX","M","1989-01",101.3549,
"OECDE","BCI","AMPLITUD","LTRENDIDX","M","1989-02",101.3165,
"OECDE","BCI","AMPLITUD","LTRENDIDX","M","1989-03",101.2606,
"OECDE","BCI","AMPLITUD","LTRENDIDX","M","1989-04",101.2255,
"OECDE","BCI","AMPLITUD","LTRENDIDX","M","1989-05",101.2227,
"OECDE","BCI","AMPLITUD","LTRENDIDX","M","1989-06",101.2274,
"OECDE","BCI","AMPLITUD","LTRENDIDX","M","1989-07",101.1958,
"OECDE","BCI","AMPLITUD","LTRENDIDX","M","1989-08",101.1005,
"OECDE","BCI","AMPLITUD","LTRENDIDX","M","1989-09",100.9912,
"OECDE","BCI","AMPLITUD","LTRENDIDX","M","1989-10",100.9177,
"OECDE","BCI","AMPLITUD","LTRENDIDX","M","1989-11",100.8908,
"OECDE","BCI","AMPLITUD","LTRENDIDX","M","1989-12",100.8826,
"OECDE","BCI","AMPLITUD","LTRENDIDX","M","1990-01",100.8667,
"OECDE","BCI","AMPLITUD","LTRENDIDX","M","1990-02",100.8193,
"OECDE","BCI","AMPLITUD","LTRENDIDX","M","1990-03",100.7775,
"OECDE","BCI","AMPLITUD","LTRENDIDX","M","1990-04",100.7337,
"OECDE","BCI","AMPLITUD","LTRENDIDX","M","1990-05",100.6608,
"OECDE","BCI","AMPLITUD","LTRENDIDX","M","1990-06",100.5796,
"OECDE","BCI","AMPLITUD","LTRENDIDX","M","1990-07",100.4714,
"OECDE","BCI","AMPLITUD","LTRENDIDX","M","1990-08",100.3362,
"OECDE","BCI","AMPLITUD","LTRENDIDX","M","1990-09",100.1955,
"OECDE","BCI","AMPLITUD","LTRENDIDX","M","1990-10",100.0414,
"OECDE","BCI","AMPLITUD","LTRENDIDX","M","1990-11",99.89378,
"OECDE","BCI","AMPLITUD","LTRENDIDX","M","1990-12",99.74632,
"OECDE","BCI","AMPLITUD","LTRENDIDX","M","1991-01",99.57994,
"OECDE","BCI","AMPLITUD","LTRENDIDX","M","1991-02",99.44563,
"OECDE","BCI","AMPLITUD","LTRENDIDX","M","1991-03",99.3366,
"OECDE","BCI","AMPLITUD","LTRENDIDX","M","1991-04",99.28086,
"OECDE","BCI","AMPLITUD","LTRENDIDX","M","1991-05",99.236,
"OECDE","BCI","AMPLITUD","LTRENDIDX","M","1991-06",99.22321,
"OECDE","BCI","AMPLITUD","LTRENDIDX","M","1991-07",99.23896,
"OECDE","BCI","AMPLITUD","LTRENDIDX","M","1991-08",99.2633,
"OECDE","BCI","AMPLITUD","LTRENDIDX","M","1991-09",99.2499,
"OECDE","BCI","AMPLITUD","LTRENDIDX","M","1991-10",99.20684,
"OECDE","BCI","AMPLITUD","LTRENDIDX","M","1991-11",99.14059,
"OECDE","BCI","AMPLITUD","LTRENDIDX","M","1991-12",99.0678,
"OECDE","BCI","AMPLITUD","LTRENDIDX","M","1992-01",99.06687,
"OECDE","BCI","AMPLITUD","LTRENDIDX","M","1992-02",99.15459,
"OECDE","BCI","AMPLITUD","LTRENDIDX","M","1992-03",99.291,
"OECDE","BCI","AMPLITUD","LTRENDIDX","M","1992-04",99.41113,
"OECDE","BCI","AMPLITUD","LTRENDIDX","M","1992-05",99.46538,
"OECDE","BCI","AMPLITUD","LTRENDIDX","M","1992-06",99.37451,
"OECDE","BCI","AMPLITUD","LTRENDIDX","M","1992-07",99.17608,
"OECDE","BCI","AMPLITUD","LTRENDIDX","M","1992-08",98.93003,
"OECDE","BCI","AMPLITUD","LTRENDIDX","M","1992-09",98.66778,
"OECDE","BCI","AMPLITUD","LTRENDIDX","M","1992-10",98.38771,
"OECDE","BCI","AMPLITUD","LTRENDIDX","M","1992-11",98.11587,
"OECDE","BCI","AMPLITUD","LTRENDIDX","M","1992-12",97.92242,
"OECDE","BCI","AMPLITUD","LTRENDIDX","M","1993-01",97.83755,
"OECDE","BCI","AMPLITUD","LTRENDIDX","M","1993-02",97.87289,
"OECDE","BCI","AMPLITUD","LTRENDIDX","M","1993-03",97.98772,
"OECDE","BCI","AMPLITUD","LTRENDIDX","M","1993-04",98.11484,
"OECDE","BCI","AMPLITUD","LTRENDIDX","M","1993-05",98.20107,
"OECDE","BCI","AMPLITUD","LTRENDIDX","M","1993-06",98.21209,
"OECDE","BCI","AMPLITUD","LTRENDIDX","M","1993-07",98.22773,
"OECDE","BCI","AMPLITUD","LTRENDIDX","M","1993-08",98.33353,
"OECDE","BCI","AMPLITUD","LTRENDIDX","M","1993-09",98.55317,
"OECDE","BCI","AMPLITUD","LTRENDIDX","M","1993-10",98.79239,
"OECDE","BCI","AMPLITUD","LTRENDIDX","M","1993-11",98.97517,
"OECDE","BCI","AMPLITUD","LTRENDIDX","M","1993-12",99.04404,
"OECDE","BCI","AMPLITUD","LTRENDIDX","M","1994-01",99.09261,
"OECDE","BCI","AMPLITUD","LTRENDIDX","M","1994-02",99.18533,
"OECDE","BCI","AMPLITUD","LTRENDIDX","M","1994-03",99.37381,
"OECDE","BCI","AMPLITUD","LTRENDIDX","M","1994-04",99.6187,
"OECDE","BCI","AMPLITUD","LTRENDIDX","M","1994-05",99.91007,
"OECDE","BCI","AMPLITUD","LTRENDIDX","M","1994-06",100.2625,
"OECDE","BCI","AMPLITUD","LTRENDIDX","M","1994-07",100.6453,
"OECDE","BCI","AMPLITUD","LTRENDIDX","M","1994-08",100.9953,
"OECDE","BCI","AMPLITUD","LTRENDIDX","M","1994-09",101.2458,
"OECDE","BCI","AMPLITUD","LTRENDIDX","M","1994-10",101.4037,
"OECDE","BCI","AMPLITUD","LTRENDIDX","M","1994-11",101.5124,
"OECDE","BCI","AMPLITUD","LTRENDIDX","M","1994-12",101.5855,
"OECDE","BCI","AMPLITUD","LTRENDIDX","M","1995-01",101.5897,
"OECDE","BCI","AMPLITUD","LTRENDIDX","M","1995-02",101.5485,
"OECDE","BCI","AMPLITUD","LTRENDIDX","M","1995-03",101.4471,
"OECDE","BCI","AMPLITUD","LTRENDIDX","M","1995-04",101.288,
"OECDE","BCI","AMPLITUD","LTRENDIDX","M","1995-05",101.0995,
"OECDE","BCI","AMPLITUD","LTRENDIDX","M","1995-06",100.9214,
"OECDE","BCI","AMPLITUD","LTRENDIDX","M","1995-07",100.7958,
"OECDE","BCI","AMPLITUD","LTRENDIDX","M","1995-08",100.6792,
"OECDE","BCI","AMPLITUD","LTRENDIDX","M","1995-09",100.5478,
"OECDE","BCI","AMPLITUD","LTRENDIDX","M","1995-10",100.3682,
"OECDE","BCI","AMPLITUD","LTRENDIDX","M","1995-11",100.1443,
"OECDE","BCI","AMPLITUD","LTRENDIDX","M","1995-12",99.92597,
"OECDE","BCI","AMPLITUD","LTRENDIDX","M","1996-01",99.74014,
"OECDE","BCI","AMPLITUD","LTRENDIDX","M","1996-02",99.56179,
"OECDE","BCI","AMPLITUD","LTRENDIDX","M","1996-03",99.39522,
"OECDE","BCI","AMPLITUD","LTRENDIDX","M","1996-04",99.25147,
"OECDE","BCI","AMPLITUD","LTRENDIDX","M","1996-05",99.17727,
"OECDE","BCI","AMPLITUD","LTRENDIDX","M","1996-06",99.24404,
"OECDE","BCI","AMPLITUD","LTRENDIDX","M","1996-07",99.39607,
"OECDE","BCI","AMPLITUD","LTRENDIDX","M","1996-08",99.53804,
"OECDE","BCI","AMPLITUD","LTRENDIDX","M","1996-09",99.63654,
"OECDE","BCI","AMPLITUD","LTRENDIDX","M","1996-10",99.6934,
"OECDE","BCI","AMPLITUD","LTRENDIDX","M","1996-11",99.70981,
"OECDE","BCI","AMPLITUD","LTRENDIDX","M","1996-12",99.77226,
"OECDE","BCI","AMPLITUD","LTRENDIDX","M","1997-01",99.93333,
"OECDE","BCI","AMPLITUD","LTRENDIDX","M","1997-02",100.1148,
"OECDE","BCI","AMPLITUD","LTRENDIDX","M","1997-03",100.2991,
"OECDE","BCI","AMPLITUD","LTRENDIDX","M","1997-04",100.453,
"OECDE","BCI","AMPLITUD","LTRENDIDX","M","1997-05",100.6173,
"OECDE","BCI","AMPLITUD","LTRENDIDX","M","1997-06",100.7845,
"OECDE","BCI","AMPLITUD","LTRENDIDX","M","1997-07",100.9391,
"OECDE","BCI","AMPLITUD","LTRENDIDX","M","1997-08",101.0372,
"OECDE","BCI","AMPLITUD","LTRENDIDX","M","1997-09",101.0709,
"OECDE","BCI","AMPLITUD","LTRENDIDX","M","1997-10",101.0058,
"OECDE","BCI","AMPLITUD","LTRENDIDX","M","1997-11",100.9159,
"OECDE","BCI","AMPLITUD","LTRENDIDX","M","1997-12",100.8604,
"OECDE","BCI","AMPLITUD","LTRENDIDX","M","1998-01",100.8272,
"OECDE","BCI","AMPLITUD","LTRENDIDX","M","1998-02",100.8381,
"OECDE","BCI","AMPLITUD","LTRENDIDX","M","1998-03",100.8657,
"OECDE","BCI","AMPLITUD","LTRENDIDX","M","1998-04",100.8262,
"OECDE","BCI","AMPLITUD","LTRENDIDX","M","1998-05",100.744,
"OECDE","BCI","AMPLITUD","LTRENDIDX","M","1998-06",100.6651,
"OECDE","BCI","AMPLITUD","LTRENDIDX","M","1998-07",100.5649,
"OECDE","BCI","AMPLITUD","LTRENDIDX","M","1998-08",100.4108,
"OECDE","BCI","AMPLITUD","LTRENDIDX","M","1998-09",100.206,
"OECDE","BCI","AMPLITUD","LTRENDIDX","M","1998-10",100.0057,
"OECDE","BCI","AMPLITUD","LTRENDIDX","M","1998-11",99.9174,
"OECDE","BCI","AMPLITUD","LTRENDIDX","M","1998-12",99.88863,
"OECDE","BCI","AMPLITUD","LTRENDIDX","M","1999-01",99.79499,
"OECDE","BCI","AMPLITUD","LTRENDIDX","M","1999-02",99.6668,
"OECDE","BCI","AMPLITUD","LTRENDIDX","M","1999-03",99.54993,
"OECDE","BCI","AMPLITUD","LTRENDIDX","M","1999-04",99.52319,
"OECDE","BCI","AMPLITUD","LTRENDIDX","M","1999-05",99.58627,
"OECDE","BCI","AMPLITUD","LTRENDIDX","M","1999-06",99.72607,
"OECDE","BCI","AMPLITUD","LTRENDIDX","M","1999-07",99.89625,
"OECDE","BCI","AMPLITUD","LTRENDIDX","M","1999-08",100.0858,
"OECDE","BCI","AMPLITUD","LTRENDIDX","M","1999-09",100.2831,
"OECDE","BCI","AMPLITUD","LTRENDIDX","M","1999-10",100.4582,
"OECDE","BCI","AMPLITUD","LTRENDIDX","M","1999-11",100.6052,
"OECDE","BCI","AMPLITUD","LTRENDIDX","M","1999-12",100.7336,
"OECDE","BCI","AMPLITUD","LTRENDIDX","M","2000-01",100.841,
"OECDE","BCI","AMPLITUD","LTRENDIDX","M","2000-02",100.9624,
"OECDE","BCI","AMPLITUD","LTRENDIDX","M","2000-03",101.0827,
"OECDE","BCI","AMPLITUD","LTRENDIDX","M","2000-04",101.1603,
"OECDE","BCI","AMPLITUD","LTRENDIDX","M","2000-05",101.2325,
"OECDE","BCI","AMPLITUD","LTRENDIDX","M","2000-06",101.2684,
"OECDE","BCI","AMPLITUD","LTRENDIDX","M","2000-07",101.2472,
"OECDE","BCI","AMPLITUD","LTRENDIDX","M","2000-08",101.1968,
"OECDE","BCI","AMPLITUD","LTRENDIDX","M","2000-09",101.0985,
"OECDE","BCI","AMPLITUD","LTRENDIDX","M","2000-10",100.9774,
"OECDE","BCI","AMPLITUD","LTRENDIDX","M","2000-11",100.8604,
"OECDE","BCI","AMPLITUD","LTRENDIDX","M","2000-12",100.7717,
"OECDE","BCI","AMPLITUD","LTRENDIDX","M","2001-01",100.6422,
"OECDE","BCI","AMPLITUD","LTRENDIDX","M","2001-02",100.3998,
"OECDE","BCI","AMPLITUD","LTRENDIDX","M","2001-03",100.2629,
"OECDE","BCI","AMPLITUD","LTRENDIDX","M","2001-04",100.3163,
"OECDE","BCI","AMPLITUD","LTRENDIDX","M","2001-05",100.3431,
"OECDE","BCI","AMPLITUD","LTRENDIDX","M","2001-06",100.2358,
"OECDE","BCI","AMPLITUD","LTRENDIDX","M","2001-07",100.0082,
"OECDE","BCI","AMPLITUD","LTRENDIDX","M","2001-08",99.63435,
"OECDE","BCI","AMPLITUD","LTRENDIDX","M","2001-09",99.20985,
"OECDE","BCI","AMPLITUD","LTRENDIDX","M","2001-10",98.98713,
"OECDE","BCI","AMPLITUD","LTRENDIDX","M","2001-11",98.96044,
"OECDE","BCI","AMPLITUD","LTRENDIDX","M","2001-12",98.98414,
"OECDE","BCI","AMPLITUD","LTRENDIDX","M","2002-01",99.0489,
"OECDE","BCI","AMPLITUD","LTRENDIDX","M","2002-02",99.27663,
"OECDE","BCI","AMPLITUD","LTRENDIDX","M","2002-03",99.55204,
"OECDE","BCI","AMPLITUD","LTRENDIDX","M","2002-04",99.72633,
"OECDE","BCI","AMPLITUD","LTRENDIDX","M","2002-05",99.75645,
"OECDE","BCI","AMPLITUD","LTRENDIDX","M","2002-06",99.72165,
"OECDE","BCI","AMPLITUD","LTRENDIDX","M","2002-07",99.65925,
"OECDE","BCI","AMPLITUD","LTRENDIDX","M","2002-08",99.69695,
"OECDE","BCI","AMPLITUD","LTRENDIDX","M","2002-09",99.83566,
"OECDE","BCI","AMPLITUD","LTRENDIDX","M","2002-10",99.94803,
"OECDE","BCI","AMPLITUD","LTRENDIDX","M","2002-11",99.93391,
"OECDE","BCI","AMPLITUD","LTRENDIDX","M","2002-12",99.74871,
"OECDE","BCI","AMPLITUD","LTRENDIDX","M","2003-01",99.50475,
"OECDE","BCI","AMPLITUD","LTRENDIDX","M","2003-02",99.38217,
"OECDE","BCI","AMPLITUD","LTRENDIDX","M","2003-03",99.3719,
"OECDE","BCI","AMPLITUD","LTRENDIDX","M","2003-04",99.45519,
"OECDE","BCI","AMPLITUD","LTRENDIDX","M","2003-05",99.45303,
"OECDE","BCI","AMPLITUD","LTRENDIDX","M","2003-06",99.37491,
"OECDE","BCI","AMPLITUD","LTRENDIDX","M","2003-07",99.37368,
"OECDE","BCI","AMPLITUD","LTRENDIDX","M","2003-08",99.52196,
"OECDE","BCI","AMPLITUD","LTRENDIDX","M","2003-09",99.7154,
"OECDE","BCI","AMPLITUD","LTRENDIDX","M","2003-10",99.89803,
"OECDE","BCI","AMPLITUD","LTRENDIDX","M","2003-11",100.0658,
"OECDE","BCI","AMPLITUD","LTRENDIDX","M","2003-12",100.1275,
"OECDE","BCI","AMPLITUD","LTRENDIDX","M","2004-01",100.1366,
"OECDE","BCI","AMPLITUD","LTRENDIDX","M","2004-02",100.2456,
"OECDE","BCI","AMPLITUD","LTRENDIDX","M","2004-03",100.3562,
"OECDE","BCI","AMPLITUD","LTRENDIDX","M","2004-04",100.4751,
"OECDE","BCI","AMPLITUD","LTRENDIDX","M","2004-05",100.4936,
"OECDE","BCI","AMPLITUD","LTRENDIDX","M","2004-06",100.3962,
"OECDE","BCI","AMPLITUD","LTRENDIDX","M","2004-07",100.3758,
"OECDE","BCI","AMPLITUD","LTRENDIDX","M","2004-08",100.5167,
"OECDE","BCI","AMPLITUD","LTRENDIDX","M","2004-09",100.6804,
"OECDE","BCI","AMPLITUD","LTRENDIDX","M","2004-10",100.6637,
"OECDE","BCI","AMPLITUD","LTRENDIDX","M","2004-11",100.526,
"OECDE","BCI","AMPLITUD","LTRENDIDX","M","2004-12",100.4235,
"OECDE","BCI","AMPLITUD","LTRENDIDX","M","2005-01",100.3318,
"OECDE","BCI","AMPLITUD","LTRENDIDX","M","2005-02",100.1556,
"OECDE","BCI","AMPLITUD","LTRENDIDX","M","2005-03",99.96664,
"OECDE","BCI","AMPLITUD","LTRENDIDX","M","2005-04",99.7953,
"OECDE","BCI","AMPLITUD","LTRENDIDX","M","2005-05",99.72811,
"OECDE","BCI","AMPLITUD","LTRENDIDX","M","2005-06",99.74274,
"OECDE","BCI","AMPLITUD","LTRENDIDX","M","2005-07",99.84488,
"OECDE","BCI","AMPLITUD","LTRENDIDX","M","2005-08",100.0158,
"OECDE","BCI","AMPLITUD","LTRENDIDX","M","2005-09",100.1451,
"OECDE","BCI","AMPLITUD","LTRENDIDX","M","2005-10",100.1409,
"OECDE","BCI","AMPLITUD","LTRENDIDX","M","2005-11",100.1564,
"OECDE","BCI","AMPLITUD","LTRENDIDX","M","2005-12",100.2355,
"OECDE","BCI","AMPLITUD","LTRENDIDX","M","2006-01",100.3073,
"OECDE","BCI","AMPLITUD","LTRENDIDX","M","2006-02",100.4663,
"OECDE","BCI","AMPLITUD","LTRENDIDX","M","2006-03",100.6464,
"OECDE","BCI","AMPLITUD","LTRENDIDX","M","2006-04",100.8258,
"OECDE","BCI","AMPLITUD","LTRENDIDX","M","2006-05",100.9355,
"OECDE","BCI","AMPLITUD","LTRENDIDX","M","2006-06",100.9832,
"OECDE","BCI","AMPLITUD","LTRENDIDX","M","2006-07",101.0305,
"OECDE","BCI","AMPLITUD","LTRENDIDX","M","2006-08",101.0643,
"OECDE","BCI","AMPLITUD","LTRENDIDX","M","2006-09",101.0986,
"OECDE","BCI","AMPLITUD","LTRENDIDX","M","2006-10",101.1466,
"OECDE","BCI","AMPLITUD","LTRENDIDX","M","2006-11",101.2804,
"OECDE","BCI","AMPLITUD","LTRENDIDX","M","2006-12",101.3936,
"OECDE","BCI","AMPLITUD","LTRENDIDX","M","2007-01",101.4585,
"OECDE","BCI","AMPLITUD","LTRENDIDX","M","2007-02",101.4923,
"OECDE","BCI","AMPLITUD","LTRENDIDX","M","2007-03",101.5468,
"OECDE","BCI","AMPLITUD","LTRENDIDX","M","2007-04",101.5274,
"OECDE","BCI","AMPLITUD","LTRENDIDX","M","2007-05",101.511,
"OECDE","BCI","AMPLITUD","LTRENDIDX","M","2007-06",101.5001,
"OECDE","BCI","AMPLITUD","LTRENDIDX","M","2007-07",101.4071,
"OECDE","BCI","AMPLITUD","LTRENDIDX","M","2007-08",101.3035,
"OECDE","BCI","AMPLITUD","LTRENDIDX","M","2007-09",101.2271,
"OECDE","BCI","AMPLITUD","LTRENDIDX","M","2007-10",101.1558,
"OECDE","BCI","AMPLITUD","LTRENDIDX","M","2007-11",101.1381,
"OECDE","BCI","AMPLITUD","LTRENDIDX","M","2007-12",101.0742,
"OECDE","BCI","AMPLITUD","LTRENDIDX","M","2008-01",100.9606,
"OECDE","BCI","AMPLITUD","LTRENDIDX","M","2008-02",100.8417,
"OECDE","BCI","AMPLITUD","LTRENDIDX","M","2008-03",100.7323,
"OECDE","BCI","AMPLITUD","LTRENDIDX","M","2008-04",100.5172,
"OECDE","BCI","AMPLITUD","LTRENDIDX","M","2008-05",100.3112,
"OECDE","BCI","AMPLITUD","LTRENDIDX","M","2008-06",100.1149,
"OECDE","BCI","AMPLITUD","LTRENDIDX","M","2008-07",99.8396,
"OECDE","BCI","AMPLITUD","LTRENDIDX","M","2008-08",99.40966,
"OECDE","BCI","AMPLITUD","LTRENDIDX","M","2008-09",98.73346,
"OECDE","BCI","AMPLITUD","LTRENDIDX","M","2008-10",97.84518,
"OECDE","BCI","AMPLITUD","LTRENDIDX","M","2008-11",96.9887,
"OECDE","BCI","AMPLITUD","LTRENDIDX","M","2008-12",96.33991,
"OECDE","BCI","AMPLITUD","LTRENDIDX","M","2009-01",95.95234,
"OECDE","BCI","AMPLITUD","LTRENDIDX","M","2009-02",95.75584,
"OECDE","BCI","AMPLITUD","LTRENDIDX","M","2009-03",95.84166,
"OECDE","BCI","AMPLITUD","LTRENDIDX","M","2009-04",96.24695,
"OECDE","BCI","AMPLITUD","LTRENDIDX","M","2009-05",96.71033,
"OECDE","BCI","AMPLITUD","LTRENDIDX","M","2009-06",97.0678,
"OECDE","BCI","AMPLITUD","LTRENDIDX","M","2009-07",97.38037,
"OECDE","BCI","AMPLITUD","LTRENDIDX","M","2009-08",97.6737,
"OECDE","BCI","AMPLITUD","LTRENDIDX","M","2009-09",97.93027,
"OECDE","BCI","AMPLITUD","LTRENDIDX","M","2009-10",98.22369,
"OECDE","BCI","AMPLITUD","LTRENDIDX","M","2009-11",98.52183,
"OECDE","BCI","AMPLITUD","LTRENDIDX","M","2009-12",98.83385,
"OECDE","BCI","AMPLITUD","LTRENDIDX","M","2010-01",99.12753,
"OECDE","BCI","AMPLITUD","LTRENDIDX","M","2010-02",99.39754,
"OECDE","BCI","AMPLITUD","LTRENDIDX","M","2010-03",99.68447,
"OECDE","BCI","AMPLITUD","LTRENDIDX","M","2010-04",99.92032,
"OECDE","BCI","AMPLITUD","LTRENDIDX","M","2010-05",100.0523,
"OECDE","BCI","AMPLITUD","LTRENDIDX","M","2010-06",100.136,
"OECDE","BCI","AMPLITUD","LTRENDIDX","M","2010-07",100.2599,
"OECDE","BCI","AMPLITUD","LTRENDIDX","M","2010-08",100.3975,
"OECDE","BCI","AMPLITUD","LTRENDIDX","M","2010-09",100.5448,
"OECDE","BCI","AMPLITUD","LTRENDIDX","M","2010-10",100.7079,
"OECDE","BCI","AMPLITUD","LTRENDIDX","M","2010-11",100.9128,
"OECDE","BCI","AMPLITUD","LTRENDIDX","M","2010-12",101.1356,
"OECDE","BCI","AMPLITUD","LTRENDIDX","M","2011-01",101.2514,
"OECDE","BCI","AMPLITUD","LTRENDIDX","M","2011-02",101.2823,
"OECDE","BCI","AMPLITUD","LTRENDIDX","M","2011-03",101.243,
"OECDE","BCI","AMPLITUD","LTRENDIDX","M","2011-04",101.1453,
"OECDE","BCI","AMPLITUD","LTRENDIDX","M","2011-05",101.004,
"OECDE","BCI","AMPLITUD","LTRENDIDX","M","2011-06",100.8179,
"OECDE","BCI","AMPLITUD","LTRENDIDX","M","2011-07",100.5721,
"OECDE","BCI","AMPLITUD","LTRENDIDX","M","2011-08",100.303,
"OECDE","BCI","AMPLITUD","LTRENDIDX","M","2011-09",100.0547,
"OECDE","BCI","AMPLITUD","LTRENDIDX","M","2011-10",99.86404,
"OECDE","BCI","AMPLITUD","LTRENDIDX","M","2011-11",99.77629,
"OECDE","BCI","AMPLITUD","LTRENDIDX","M","2011-12",99.77335,
"OECDE","BCI","AMPLITUD","LTRENDIDX","M","2012-01",99.84241,
"OECDE","BCI","AMPLITUD","LTRENDIDX","M","2012-02",99.92835,
"OECDE","BCI","AMPLITUD","LTRENDIDX","M","2012-03",99.91125,
"OECDE","BCI","AMPLITUD","LTRENDIDX","M","2012-04",99.77502,
"OECDE","BCI","AMPLITUD","LTRENDIDX","M","2012-05",99.55769,
"OECDE","BCI","AMPLITUD","LTRENDIDX","M","2012-06",99.36768,
"OECDE","BCI","AMPLITUD","LTRENDIDX","M","2012-07",99.25223,
"OECDE","BCI","AMPLITUD","LTRENDIDX","M","2012-08",99.13351,
"OECDE","BCI","AMPLITUD","LTRENDIDX","M","2012-09",99.06133,
"OECDE","BCI","AMPLITUD","LTRENDIDX","M","2012-10",99.05647,
"OECDE","BCI","AMPLITUD","LTRENDIDX","M","2012-11",99.13419,
"OECDE","BCI","AMPLITUD","LTRENDIDX","M","2012-12",99.20735,
"OECDE","BCI","AMPLITUD","LTRENDIDX","M","2013-01",99.24924,
"OECDE","BCI","AMPLITUD","LTRENDIDX","M","2013-02",99.33419,
"OECDE","BCI","AMPLITUD","LTRENDIDX","M","2013-03",99.39787,
"OECDE","BCI","AMPLITUD","LTRENDIDX","M","2013-04",99.41286,
"OECDE","BCI","AMPLITUD","LTRENDIDX","M","2013-05",99.47623,
"OECDE","BCI","AMPLITUD","LTRENDIDX","M","2013-06",99.60297,
"OECDE","BCI","AMPLITUD","LTRENDIDX","M","2013-07",99.76079,
"OECDE","BCI","AMPLITUD","LTRENDIDX","M","2013-08",99.95818,
"OECDE","BCI","AMPLITUD","LTRENDIDX","M","2013-09",100.1464,
"OECDE","BCI","AMPLITUD","LTRENDIDX","M","2013-10",100.2712,
"OECDE","BCI","AMPLITUD","LTRENDIDX","M","2013-11",100.3537,
"OECDE","BCI","AMPLITUD","LTRENDIDX","M","2013-12",100.3533,
"OECDE","BCI","AMPLITUD","LTRENDIDX","M","2014-01",100.3128,
"OECDE","BCI","AMPLITUD","LTRENDIDX","M","2014-02",100.3198,
"OECDE","BCI","AMPLITUD","LTRENDIDX","M","2014-03",100.4086,
"OECDE","BCI","AMPLITUD","LTRENDIDX","M","2014-04",100.5155,
"OECDE","BCI","AMPLITUD","LTRENDIDX","M","2014-05",100.566,
"OECDE","BCI","AMPLITUD","LTRENDIDX","M","2014-06",100.5401,
"OECDE","BCI","AMPLITUD","LTRENDIDX","M","2014-07",100.4749,
"OECDE","BCI","AMPLITUD","LTRENDIDX","M","2014-08",100.4172,
"OECDE","BCI","AMPLITUD","LTRENDIDX","M","2014-09",100.3991,
"OECDE","BCI","AMPLITUD","LTRENDIDX","M","2014-10",100.4424,
"OECDE","BCI","AMPLITUD","LTRENDIDX","M","2014-11",100.4386,
"OECDE","BCI","AMPLITUD","LTRENDIDX","M","2014-12",100.3933,
"OECDE","BCI","AMPLITUD","LTRENDIDX","M","2015-01",100.3444,
"OECDE","BCI","AMPLITUD","LTRENDIDX","M","2015-02",100.2988,
"OECDE","BCI","AMPLITUD","LTRENDIDX","M","2015-03",100.2795,
"OECDE","BCI","AMPLITUD","LTRENDIDX","M","2015-04",100.3137,
"OECDE","BCI","AMPLITUD","LTRENDIDX","M","2015-05",100.316,
"OECDE","BCI","AMPLITUD","LTRENDIDX","M","2015-06",100.2677,
"OECDE","BCI","AMPLITUD","LTRENDIDX","M","2015-07",100.229,
"OECDE","BCI","AMPLITUD","LTRENDIDX","M","2015-08",100.205,
"OECDE","BCI","AMPLITUD","LTRENDIDX","M","2015-09",100.2112,
"OECDE","BCI","AMPLITUD","LTRENDIDX","M","2015-10",100.2882,
"OECDE","BCI","AMPLITUD","LTRENDIDX","M","2015-11",100.3574,
"OECDE","BCI","AMPLITUD","LTRENDIDX","M","2015-12",100.3961,
"OECDE","BCI","AMPLITUD","LTRENDIDX","M","2016-01",100.3738,
"OECDE","BCI","AMPLITUD","LTRENDIDX","M","2016-02",100.2991,
"OECDE","BCI","AMPLITUD","LTRENDIDX","M","2016-03",100.2524,
"OECDE","BCI","AMPLITUD","LTRENDIDX","M","2016-04",100.2324,
"OECDE","BCI","AMPLITUD","LTRENDIDX","M","2016-05",100.2555,
"OECDE","BCI","AMPLITUD","LTRENDIDX","M","2016-06",100.323,
"OECDE","BCI","AMPLITUD","LTRENDIDX","M","2016-07",100.3599,
"OECDE","BCI","AMPLITUD","LTRENDIDX","M","2016-08",100.3574,
"OECDE","BCI","AMPLITUD","LTRENDIDX","M","2016-09",100.4555,
"OECDE","BCI","AMPLITUD","LTRENDIDX","M","2016-10",100.5781,
"OECDE","BCI","AMPLITUD","LTRENDIDX","M","2016-11",100.6848,
"OECDE","BCI","AMPLITUD","LTRENDIDX","M","2016-12",100.7361,
"OECDE","BCI","AMPLITUD","LTRENDIDX","M","2017-01",100.7722,
"OECDE","BCI","AMPLITUD","LTRENDIDX","M","2017-02",100.8417,
"OECDE","BCI","AMPLITUD","LTRENDIDX","M","2017-03",100.8645,
"OECDE","BCI","AMPLITUD","LTRENDIDX","M","2017-04",100.9016,
"OECDE","BCI","AMPLITUD","LTRENDIDX","M","2017-05",100.9942,
"OECDE","BCI","AMPLITUD","LTRENDIDX","M","2017-06",101.1987,
"OECDE","BCI","AMPLITUD","LTRENDIDX","M","2017-07",101.4189,
"FRA","BCI","AMPLITUD","LTRENDIDX","M","1975-12",101.2299,
"FRA","BCI","AMPLITUD","LTRENDIDX","M","1976-01",101.0412,
"FRA","BCI","AMPLITUD","LTRENDIDX","M","1976-02",100.8965,
"FRA","BCI","AMPLITUD","LTRENDIDX","M","1976-03",100.9858,
"FRA","BCI","AMPLITUD","LTRENDIDX","M","1976-04",101.1796,
"FRA","BCI","AMPLITUD","LTRENDIDX","M","1976-05",101.2594,
"FRA","BCI","AMPLITUD","LTRENDIDX","M","1976-06",101.2755,
"FRA","BCI","AMPLITUD","LTRENDIDX","M","1976-07",101.1768,
"FRA","BCI","AMPLITUD","LTRENDIDX","M","1976-08",100.9691,
"FRA","BCI","AMPLITUD","LTRENDIDX","M","1976-09",100.6682,
"FRA","BCI","AMPLITUD","LTRENDIDX","M","1976-10",100.362,
"FRA","BCI","AMPLITUD","LTRENDIDX","M","1976-11",100.1637,
"FRA","BCI","AMPLITUD","LTRENDIDX","M","1976-12",100.0819,
"FRA","BCI","AMPLITUD","LTRENDIDX","M","1977-01",99.98706,
"FRA","BCI","AMPLITUD","LTRENDIDX","M","1977-02",99.83805,
"FRA","BCI","AMPLITUD","LTRENDIDX","M","1977-03",99.60325,
"FRA","BCI","AMPLITUD","LTRENDIDX","M","1977-04",99.3807,
"FRA","BCI","AMPLITUD","LTRENDIDX","M","1977-05",99.25584,
"FRA","BCI","AMPLITUD","LTRENDIDX","M","1977-06",99.1757,
"FRA","BCI","AMPLITUD","LTRENDIDX","M","1977-07",99.1322,
"FRA","BCI","AMPLITUD","LTRENDIDX","M","1977-08",99.09673,
"FRA","BCI","AMPLITUD","LTRENDIDX","M","1977-09",99.06371,
"FRA","BCI","AMPLITUD","LTRENDIDX","M","1977-10",99.02774,
"FRA","BCI","AMPLITUD","LTRENDIDX","M","1977-11",99.01658,
"FRA","BCI","AMPLITUD","LTRENDIDX","M","1977-12",99.09841,
"FRA","BCI","AMPLITUD","LTRENDIDX","M","1978-01",99.24754,
"FRA","BCI","AMPLITUD","LTRENDIDX","M","1978-02",99.49513,
"FRA","BCI","AMPLITUD","LTRENDIDX","M","1978-03",99.75125,
"FRA","BCI","AMPLITUD","LTRENDIDX","M","1978-04",99.9057,
"FRA","BCI","AMPLITUD","LTRENDIDX","M","1978-05",100.0072,
"FRA","BCI","AMPLITUD","LTRENDIDX","M","1978-06",100.0805,
"FRA","BCI","AMPLITUD","LTRENDIDX","M","1978-07",100.1984,
"FRA","BCI","AMPLITUD","LTRENDIDX","M","1978-08",100.3221,
"FRA","BCI","AMPLITUD","LTRENDIDX","M","1978-09",100.4155,
"FRA","BCI","AMPLITUD","LTRENDIDX","M","1978-10",100.4668,
"FRA","BCI","AMPLITUD","LTRENDIDX","M","1978-11",100.4826,
"FRA","BCI","AMPLITUD","LTRENDIDX","M","1978-12",100.436,
"FRA","BCI","AMPLITUD","LTRENDIDX","M","1979-01",100.3673,
"FRA","BCI","AMPLITUD","LTRENDIDX","M","1979-02",100.3428,
"FRA","BCI","AMPLITUD","LTRENDIDX","M","1979-03",100.4083,
"FRA","BCI","AMPLITUD","LTRENDIDX","M","1979-04",100.526,
"FRA","BCI","AMPLITUD","LTRENDIDX","M","1979-05",100.6551,
"FRA","BCI","AMPLITUD","LTRENDIDX","M","1979-06",100.8074,
"FRA","BCI","AMPLITUD","LTRENDIDX","M","1979-07",100.89,
"FRA","BCI","AMPLITUD","LTRENDIDX","M","1979-08",100.9014,
"FRA","BCI","AMPLITUD","LTRENDIDX","M","1979-09",100.8774,
"FRA","BCI","AMPLITUD","LTRENDIDX","M","1979-10",100.8798,
"FRA","BCI","AMPLITUD","LTRENDIDX","M","1979-11",100.846,
"FRA","BCI","AMPLITUD","LTRENDIDX","M","1979-12",100.7325,
"FRA","BCI","AMPLITUD","LTRENDIDX","M","1980-01",100.6064,
"FRA","BCI","AMPLITUD","LTRENDIDX","M","1980-02",100.4399,
"FRA","BCI","AMPLITUD","LTRENDIDX","M","1980-03",100.2365,
"FRA","BCI","AMPLITUD","LTRENDIDX","M","1980-04",99.99374,
"FRA","BCI","AMPLITUD","LTRENDIDX","M","1980-05",99.70459,
"FRA","BCI","AMPLITUD","LTRENDIDX","M","1980-06",99.39686,
"FRA","BCI","AMPLITUD","LTRENDIDX","M","1980-07",99.10283,
"FRA","BCI","AMPLITUD","LTRENDIDX","M","1980-08",98.84743,
"FRA","BCI","AMPLITUD","LTRENDIDX","M","1980-09",98.65228,
"FRA","BCI","AMPLITUD","LTRENDIDX","M","1980-10",98.50102,
"FRA","BCI","AMPLITUD","LTRENDIDX","M","1980-11",98.44749,
"FRA","BCI","AMPLITUD","LTRENDIDX","M","1980-12",98.53439,
"FRA","BCI","AMPLITUD","LTRENDIDX","M","1981-01",98.52727,
"FRA","BCI","AMPLITUD","LTRENDIDX","M","1981-02",98.49555,
"FRA","BCI","AMPLITUD","LTRENDIDX","M","1981-03",98.47128,
"FRA","BCI","AMPLITUD","LTRENDIDX","M","1981-04",98.50963,
"FRA","BCI","AMPLITUD","LTRENDIDX","M","1981-05",98.62605,
"FRA","BCI","AMPLITUD","LTRENDIDX","M","1981-06",98.78668,
"FRA","BCI","AMPLITUD","LTRENDIDX","M","1981-07",98.99483,
"FRA","BCI","AMPLITUD","LTRENDIDX","M","1981-08",99.21742,
"FRA","BCI","AMPLITUD","LTRENDIDX","M","1981-09",99.43806,
"FRA","BCI","AMPLITUD","LTRENDIDX","M","1981-10",99.60869,
"FRA","BCI","AMPLITUD","LTRENDIDX","M","1981-11",99.6901,
"FRA","BCI","AMPLITUD","LTRENDIDX","M","1981-12",99.68429,
"FRA","BCI","AMPLITUD","LTRENDIDX","M","1982-01",99.64009,
"FRA","BCI","AMPLITUD","LTRENDIDX","M","1982-02",99.63026,
"FRA","BCI","AMPLITUD","LTRENDIDX","M","1982-03",99.70856,
"FRA","BCI","AMPLITUD","LTRENDIDX","M","1982-04",99.77425,
"FRA","BCI","AMPLITUD","LTRENDIDX","M","1982-05",99.75492,
"FRA","BCI","AMPLITUD","LTRENDIDX","M","1982-06",99.62798,
"FRA","BCI","AMPLITUD","LTRENDIDX","M","1982-07",99.43996,
"FRA","BCI","AMPLITUD","LTRENDIDX","M","1982-08",99.25923,
"FRA","BCI","AMPLITUD","LTRENDIDX","M","1982-09",99.18993,
"FRA","BCI","AMPLITUD","LTRENDIDX","M","1982-10",99.20432,
"FRA","BCI","AMPLITUD","LTRENDIDX","M","1982-11",99.29916,
"FRA","BCI","AMPLITUD","LTRENDIDX","M","1982-12",99.39431,
"FRA","BCI","AMPLITUD","LTRENDIDX","M","1983-01",99.44068,
"FRA","BCI","AMPLITUD","LTRENDIDX","M","1983-02",99.35392,
"FRA","BCI","AMPLITUD","LTRENDIDX","M","1983-03",99.14213,
"FRA","BCI","AMPLITUD","LTRENDIDX","M","1983-04",98.87687,
"FRA","BCI","AMPLITUD","LTRENDIDX","M","1983-05",98.6724,
"FRA","BCI","AMPLITUD","LTRENDIDX","M","1983-06",98.5443,
"FRA","BCI","AMPLITUD","LTRENDIDX","M","1983-07",98.55553,
"FRA","BCI","AMPLITUD","LTRENDIDX","M","1983-08",98.68334,
"FRA","BCI","AMPLITUD","LTRENDIDX","M","1983-09",98.8951,
"FRA","BCI","AMPLITUD","LTRENDIDX","M","1983-10",98.99175,
"FRA","BCI","AMPLITUD","LTRENDIDX","M","1983-11",99.03436,
"FRA","BCI","AMPLITUD","LTRENDIDX","M","1983-12",99.04456,
"FRA","BCI","AMPLITUD","LTRENDIDX","M","1984-01",99.04906,
"FRA","BCI","AMPLITUD","LTRENDIDX","M","1984-02",99.09818,
"FRA","BCI","AMPLITUD","LTRENDIDX","M","1984-03",99.17421,
"FRA","BCI","AMPLITUD","LTRENDIDX","M","1984-04",99.25816,
"FRA","BCI","AMPLITUD","LTRENDIDX","M","1984-05",99.31203,
"FRA","BCI","AMPLITUD","LTRENDIDX","M","1984-06",99.36913,
"FRA","BCI","AMPLITUD","LTRENDIDX","M","1984-07",99.4217,
"FRA","BCI","AMPLITUD","LTRENDIDX","M","1984-08",99.42233,
"FRA","BCI","AMPLITUD","LTRENDIDX","M","1984-09",99.34707,
"FRA","BCI","AMPLITUD","LTRENDIDX","M","1984-10",99.22364,
"FRA","BCI","AMPLITUD","LTRENDIDX","M","1984-11",99.09083,
"FRA","BCI","AMPLITUD","LTRENDIDX","M","1984-12",98.97648,
"FRA","BCI","AMPLITUD","LTRENDIDX","M","1985-01",98.94321,
"FRA","BCI","AMPLITUD","LTRENDIDX","M","1985-02",99.02605,
"FRA","BCI","AMPLITUD","LTRENDIDX","M","1985-03",99.07404,
"FRA","BCI","AMPLITUD","LTRENDIDX","M","1985-04",99.1203,
"FRA","BCI","AMPLITUD","LTRENDIDX","M","1985-05",99.19463,
"FRA","BCI","AMPLITUD","LTRENDIDX","M","1985-06",99.27734,
"FRA","BCI","AMPLITUD","LTRENDIDX","M","1985-07",99.2858,
"FRA","BCI","AMPLITUD","LTRENDIDX","M","1985-08",99.27911,
"FRA","BCI","AMPLITUD","LTRENDIDX","M","1985-09",99.31037,
"FRA","BCI","AMPLITUD","LTRENDIDX","M","1985-10",99.39848,
"FRA","BCI","AMPLITUD","LTRENDIDX","M","1985-11",99.50562,
"FRA","BCI","AMPLITUD","LTRENDIDX","M","1985-12",99.56231,
"FRA","BCI","AMPLITUD","LTRENDIDX","M","1986-01",99.58674,
"FRA","BCI","AMPLITUD","LTRENDIDX","M","1986-02",99.689,
"FRA","BCI","AMPLITUD","LTRENDIDX","M","1986-03",99.76799,
"FRA","BCI","AMPLITUD","LTRENDIDX","M","1986-04",99.76622,
"FRA","BCI","AMPLITUD","LTRENDIDX","M","1986-05",99.73884,
"FRA","BCI","AMPLITUD","LTRENDIDX","M","1986-06",99.69865,
"FRA","BCI","AMPLITUD","LTRENDIDX","M","1986-07",99.7219,
"FRA","BCI","AMPLITUD","LTRENDIDX","M","1986-08",99.77943,
"FRA","BCI","AMPLITUD","LTRENDIDX","M","1986-09",99.78313,
"FRA","BCI","AMPLITUD","LTRENDIDX","M","1986-10",99.6938,
"FRA","BCI","AMPLITUD","LTRENDIDX","M","1986-11",99.65687,
"FRA","BCI","AMPLITUD","LTRENDIDX","M","1986-12",99.69109,
"FRA","BCI","AMPLITUD","LTRENDIDX","M","1987-01",99.76901,
"FRA","BCI","AMPLITUD","LTRENDIDX","M","1987-02",99.80891,
"FRA","BCI","AMPLITUD","LTRENDIDX","M","1987-03",99.89293,
"FRA","BCI","AMPLITUD","LTRENDIDX","M","1987-04",100.0007,
"FRA","BCI","AMPLITUD","LTRENDIDX","M","1987-05",100.0475,
"FRA","BCI","AMPLITUD","LTRENDIDX","M","1987-06",100.0721,
"FRA","BCI","AMPLITUD","LTRENDIDX","M","1987-07",100.1293,
"FRA","BCI","AMPLITUD","LTRENDIDX","M","1987-08",100.2307,
"FRA","BCI","AMPLITUD","LTRENDIDX","M","1987-09",100.3655,
"FRA","BCI","AMPLITUD","LTRENDIDX","M","1987-10",100.5127,
"FRA","BCI","AMPLITUD","LTRENDIDX","M","1987-11",100.6189,
"FRA","BCI","AMPLITUD","LTRENDIDX","M","1987-12",100.7217,
"FRA","BCI","AMPLITUD","LTRENDIDX","M","1988-01",100.7907,
"FRA","BCI","AMPLITUD","LTRENDIDX","M","1988-02",100.8082,
"FRA","BCI","AMPLITUD","LTRENDIDX","M","1988-03",100.8215,
"FRA","BCI","AMPLITUD","LTRENDIDX","M","1988-04",100.882,
"FRA","BCI","AMPLITUD","LTRENDIDX","M","1988-05",100.9802,
"FRA","BCI","AMPLITUD","LTRENDIDX","M","1988-06",101.1148,
"FRA","BCI","AMPLITUD","LTRENDIDX","M","1988-07",101.2741,
"FRA","BCI","AMPLITUD","LTRENDIDX","M","1988-08",101.3785,
"FRA","BCI","AMPLITUD","LTRENDIDX","M","1988-09",101.4706,
"FRA","BCI","AMPLITUD","LTRENDIDX","M","1988-10",101.593,
"FRA","BCI","AMPLITUD","LTRENDIDX","M","1988-11",101.6436,
"FRA","BCI","AMPLITUD","LTRENDIDX","M","1988-12",101.6893,
"FRA","BCI","AMPLITUD","LTRENDIDX","M","1989-01",101.723,
"FRA","BCI","AMPLITUD","LTRENDIDX","M","1989-02",101.7144,
"FRA","BCI","AMPLITUD","LTRENDIDX","M","1989-03",101.6371,
"FRA","BCI","AMPLITUD","LTRENDIDX","M","1989-04",101.59,
"FRA","BCI","AMPLITUD","LTRENDIDX","M","1989-05",101.6488,
"FRA","BCI","AMPLITUD","LTRENDIDX","M","1989-06",101.7296,
"FRA","BCI","AMPLITUD","LTRENDIDX","M","1989-07",101.6787,
"FRA","BCI","AMPLITUD","LTRENDIDX","M","1989-08",101.5309,
"FRA","BCI","AMPLITUD","LTRENDIDX","M","1989-09",101.3608,
"FRA","BCI","AMPLITUD","LTRENDIDX","M","1989-10",101.2295,
"FRA","BCI","AMPLITUD","LTRENDIDX","M","1989-11",101.1725,
"FRA","BCI","AMPLITUD","LTRENDIDX","M","1989-12",101.0606,
"FRA","BCI","AMPLITUD","LTRENDIDX","M","1990-01",100.9793,
"FRA","BCI","AMPLITUD","LTRENDIDX","M","1990-02",100.8964,
"FRA","BCI","AMPLITUD","LTRENDIDX","M","1990-03",100.7785,
"FRA","BCI","AMPLITUD","LTRENDIDX","M","1990-04",100.6475,
"FRA","BCI","AMPLITUD","LTRENDIDX","M","1990-05",100.6025,
"FRA","BCI","AMPLITUD","LTRENDIDX","M","1990-06",100.5508,
"FRA","BCI","AMPLITUD","LTRENDIDX","M","1990-07",100.4006,
"FRA","BCI","AMPLITUD","LTRENDIDX","M","1990-08",100.1212,
"FRA","BCI","AMPLITUD","LTRENDIDX","M","1990-09",99.78063,
"FRA","BCI","AMPLITUD","LTRENDIDX","M","1990-10",99.47598,
"FRA","BCI","AMPLITUD","LTRENDIDX","M","1990-11",99.30869,
"FRA","BCI","AMPLITUD","LTRENDIDX","M","1990-12",99.25361,
"FRA","BCI","AMPLITUD","LTRENDIDX","M","1991-01",99.22187,
"FRA","BCI","AMPLITUD","LTRENDIDX","M","1991-02",99.09847,
"FRA","BCI","AMPLITUD","LTRENDIDX","M","1991-03",99.04403,
"FRA","BCI","AMPLITUD","LTRENDIDX","M","1991-04",99.07822,
"FRA","BCI","AMPLITUD","LTRENDIDX","M","1991-05",99.13428,
"FRA","BCI","AMPLITUD","LTRENDIDX","M","1991-06",99.17278,
"FRA","BCI","AMPLITUD","LTRENDIDX","M","1991-07",99.15174,
"FRA","BCI","AMPLITUD","LTRENDIDX","M","1991-08",99.15359,
"FRA","BCI","AMPLITUD","LTRENDIDX","M","1991-09",99.15367,
"FRA","BCI","AMPLITUD","LTRENDIDX","M","1991-10",99.12284,
"FRA","BCI","AMPLITUD","LTRENDIDX","M","1991-11",99.14063,
"FRA","BCI","AMPLITUD","LTRENDIDX","M","1991-12",99.19095,
"FRA","BCI","AMPLITUD","LTRENDIDX","M","1992-01",99.28365,
"FRA","BCI","AMPLITUD","LTRENDIDX","M","1992-02",99.40418,
"FRA","BCI","AMPLITUD","LTRENDIDX","M","1992-03",99.4383,
"FRA","BCI","AMPLITUD","LTRENDIDX","M","1992-04",99.40858,
"FRA","BCI","AMPLITUD","LTRENDIDX","M","1992-05",99.37938,
"FRA","BCI","AMPLITUD","LTRENDIDX","M","1992-06",99.26878,
"FRA","BCI","AMPLITUD","LTRENDIDX","M","1992-07",99.1391,
"FRA","BCI","AMPLITUD","LTRENDIDX","M","1992-08",99.03753,
"FRA","BCI","AMPLITUD","LTRENDIDX","M","1992-09",98.90806,
"FRA","BCI","AMPLITUD","LTRENDIDX","M","1992-10",98.6931,
"FRA","BCI","AMPLITUD","LTRENDIDX","M","1992-11",98.46292,
"FRA","BCI","AMPLITUD","LTRENDIDX","M","1992-12",98.26487,
"FRA","BCI","AMPLITUD","LTRENDIDX","M","1993-01",98.0923,
"FRA","BCI","AMPLITUD","LTRENDIDX","M","1993-02",97.96072,
"FRA","BCI","AMPLITUD","LTRENDIDX","M","1993-03",97.85394,
"FRA","BCI","AMPLITUD","LTRENDIDX","M","1993-04",97.75114,
"FRA","BCI","AMPLITUD","LTRENDIDX","M","1993-05",97.62043,
"FRA","BCI","AMPLITUD","LTRENDIDX","M","1993-06",97.46075,
"FRA","BCI","AMPLITUD","LTRENDIDX","M","1993-07",97.42382,
"FRA","BCI","AMPLITUD","LTRENDIDX","M","1993-08",97.54713,
"FRA","BCI","AMPLITUD","LTRENDIDX","M","1993-09",97.74735,
"FRA","BCI","AMPLITUD","LTRENDIDX","M","1993-10",97.95821,
"FRA","BCI","AMPLITUD","LTRENDIDX","M","1993-11",98.2177,
"FRA","BCI","AMPLITUD","LTRENDIDX","M","1993-12",98.52686,
"FRA","BCI","AMPLITUD","LTRENDIDX","M","1994-01",98.80802,
"FRA","BCI","AMPLITUD","LTRENDIDX","M","1994-02",99.06587,
"FRA","BCI","AMPLITUD","LTRENDIDX","M","1994-03",99.4198,
"FRA","BCI","AMPLITUD","LTRENDIDX","M","1994-04",99.7938,
"FRA","BCI","AMPLITUD","LTRENDIDX","M","1994-05",100.0589,
"FRA","BCI","AMPLITUD","LTRENDIDX","M","1994-06",100.2427,
"FRA","BCI","AMPLITUD","LTRENDIDX","M","1994-07",100.4121,
"FRA","BCI","AMPLITUD","LTRENDIDX","M","1994-08",100.6378,
"FRA","BCI","AMPLITUD","LTRENDIDX","M","1994-09",100.8858,
"FRA","BCI","AMPLITUD","LTRENDIDX","M","1994-10",101.0877,
"FRA","BCI","AMPLITUD","LTRENDIDX","M","1994-11",101.1977,
"FRA","BCI","AMPLITUD","LTRENDIDX","M","1994-12",101.2428,
"FRA","BCI","AMPLITUD","LTRENDIDX","M","1995-01",101.2393,
"FRA","BCI","AMPLITUD","LTRENDIDX","M","1995-02",101.1563,
"FRA","BCI","AMPLITUD","LTRENDIDX","M","1995-03",101.0498,
"FRA","BCI","AMPLITUD","LTRENDIDX","M","1995-04",100.963,
"FRA","BCI","AMPLITUD","LTRENDIDX","M","1995-05",100.8233,
"FRA","BCI","AMPLITUD","LTRENDIDX","M","1995-06",100.6168,
"FRA","BCI","AMPLITUD","LTRENDIDX","M","1995-07",100.4057,
"FRA","BCI","AMPLITUD","LTRENDIDX","M","1995-08",100.1776,
"FRA","BCI","AMPLITUD","LTRENDIDX","M","1995-09",99.96136,
"FRA","BCI","AMPLITUD","LTRENDIDX","M","1995-10",99.77627,
"FRA","BCI","AMPLITUD","LTRENDIDX","M","1995-11",99.56082,
"FRA","BCI","AMPLITUD","LTRENDIDX","M","1995-12",99.34047,
"FRA","BCI","AMPLITUD","LTRENDIDX","M","1996-01",99.21666,
"FRA","BCI","AMPLITUD","LTRENDIDX","M","1996-02",99.18658,
"FRA","BCI","AMPLITUD","LTRENDIDX","M","1996-03",99.17121,
"FRA","BCI","AMPLITUD","LTRENDIDX","M","1996-04",99.14985,
"FRA","BCI","AMPLITUD","LTRENDIDX","M","1996-05",99.09715,
"FRA","BCI","AMPLITUD","LTRENDIDX","M","1996-06",99.10027,
"FRA","BCI","AMPLITUD","LTRENDIDX","M","1996-07",99.13286,
"FRA","BCI","AMPLITUD","LTRENDIDX","M","1996-08",99.22618,
"FRA","BCI","AMPLITUD","LTRENDIDX","M","1996-09",99.35809,
"FRA","BCI","AMPLITUD","LTRENDIDX","M","1996-10",99.49037,
"FRA","BCI","AMPLITUD","LTRENDIDX","M","1996-11",99.57612,
"FRA","BCI","AMPLITUD","LTRENDIDX","M","1996-12",99.64522,
"FRA","BCI","AMPLITUD","LTRENDIDX","M","1997-01",99.74469,
"FRA","BCI","AMPLITUD","LTRENDIDX","M","1997-02",99.82604,
"FRA","BCI","AMPLITUD","LTRENDIDX","M","1997-03",99.87224,
"FRA","BCI","AMPLITUD","LTRENDIDX","M","1997-04",99.89471,
"FRA","BCI","AMPLITUD","LTRENDIDX","M","1997-05",100.0003,
"FRA","BCI","AMPLITUD","LTRENDIDX","M","1997-06",100.1688,
"FRA","BCI","AMPLITUD","LTRENDIDX","M","1997-07",100.3557,
"FRA","BCI","AMPLITUD","LTRENDIDX","M","1997-08",100.5421,
"FRA","BCI","AMPLITUD","LTRENDIDX","M","1997-09",100.687,
"FRA","BCI","AMPLITUD","LTRENDIDX","M","1997-10",100.767,
"FRA","BCI","AMPLITUD","LTRENDIDX","M","1997-11",100.8491,
"FRA","BCI","AMPLITUD","LTRENDIDX","M","1997-12",100.9675,
"FRA","BCI","AMPLITUD","LTRENDIDX","M","1998-01",101.0415,
"FRA","BCI","AMPLITUD","LTRENDIDX","M","1998-02",101.14,
"FRA","BCI","AMPLITUD","LTRENDIDX","M","1998-03",101.2421,
"FRA","BCI","AMPLITUD","LTRENDIDX","M","1998-04",101.2604,
"FRA","BCI","AMPLITUD","LTRENDIDX","M","1998-05",101.2964,
"FRA","BCI","AMPLITUD","LTRENDIDX","M","1998-06",101.3779,
"FRA","BCI","AMPLITUD","LTRENDIDX","M","1998-07",101.3537,
"FRA","BCI","AMPLITUD","LTRENDIDX","M","1998-08",101.2211,
"FRA","BCI","AMPLITUD","LTRENDIDX","M","1998-09",100.9934,
"FRA","BCI","AMPLITUD","LTRENDIDX","M","1998-10",100.702,
"FRA","BCI","AMPLITUD","LTRENDIDX","M","1998-11",100.4846,
"FRA","BCI","AMPLITUD","LTRENDIDX","M","1998-12",100.3193,
"FRA","BCI","AMPLITUD","LTRENDIDX","M","1999-01",100.1899,
"FRA","BCI","AMPLITUD","LTRENDIDX","M","1999-02",100.1116,
"FRA","BCI","AMPLITUD","LTRENDIDX","M","1999-03",99.99934,
"FRA","BCI","AMPLITUD","LTRENDIDX","M","1999-04",99.96395,
"FRA","BCI","AMPLITUD","LTRENDIDX","M","1999-05",99.99741,
"FRA","BCI","AMPLITUD","LTRENDIDX","M","1999-06",100.1304,
"FRA","BCI","AMPLITUD","LTRENDIDX","M","1999-07",100.3899,
"FRA","BCI","AMPLITUD","LTRENDIDX","M","1999-08",100.6752,
"FRA","BCI","AMPLITUD","LTRENDIDX","M","1999-09",100.9423,
"FRA","BCI","AMPLITUD","LTRENDIDX","M","1999-10",101.1624,
"FRA","BCI","AMPLITUD","LTRENDIDX","M","1999-11",101.3249,
"FRA","BCI","AMPLITUD","LTRENDIDX","M","1999-12",101.3828,
"FRA","BCI","AMPLITUD","LTRENDIDX","M","2000-01",101.4471,
"FRA","BCI","AMPLITUD","LTRENDIDX","M","2000-02",101.5721,
"FRA","BCI","AMPLITUD","LTRENDIDX","M","2000-03",101.7177,
"FRA","BCI","AMPLITUD","LTRENDIDX","M","2000-04",101.8414,
"FRA","BCI","AMPLITUD","LTRENDIDX","M","2000-05",101.9275,
"FRA","BCI","AMPLITUD","LTRENDIDX","M","2000-06",101.9587,
"FRA","BCI","AMPLITUD","LTRENDIDX","M","2000-07",101.9263,
"FRA","BCI","AMPLITUD","LTRENDIDX","M","2000-08",101.8767,
"FRA","BCI","AMPLITUD","LTRENDIDX","M","2000-09",101.8488,
"FRA","BCI","AMPLITUD","LTRENDIDX","M","2000-10",101.8446,
"FRA","BCI","AMPLITUD","LTRENDIDX","M","2000-11",101.7701,
"FRA","BCI","AMPLITUD","LTRENDIDX","M","2000-12",101.6225,
"FRA","BCI","AMPLITUD","LTRENDIDX","M","2001-01",101.4865,
"FRA","BCI","AMPLITUD","LTRENDIDX","M","2001-02",101.342,
"FRA","BCI","AMPLITUD","LTRENDIDX","M","2001-03",101.1394,
"FRA","BCI","AMPLITUD","LTRENDIDX","M","2001-04",100.9175,
"FRA","BCI","AMPLITUD","LTRENDIDX","M","2001-05",100.728,
"FRA","BCI","AMPLITUD","LTRENDIDX","M","2001-06",100.5262,
"FRA","BCI","AMPLITUD","LTRENDIDX","M","2001-07",100.2646,
"FRA","BCI","AMPLITUD","LTRENDIDX","M","2001-08",99.92955,
"FRA","BCI","AMPLITUD","LTRENDIDX","M","2001-09",99.60217,
"FRA","BCI","AMPLITUD","LTRENDIDX","M","2001-10",99.38444,
"FRA","BCI","AMPLITUD","LTRENDIDX","M","2001-11",99.29107,
"FRA","BCI","AMPLITUD","LTRENDIDX","M","2001-12",99.43235,
"FRA","BCI","AMPLITUD","LTRENDIDX","M","2002-01",99.65472,
"FRA","BCI","AMPLITUD","LTRENDIDX","M","2002-02",99.82622,
"FRA","BCI","AMPLITUD","LTRENDIDX","M","2002-03",99.97111,
"FRA","BCI","AMPLITUD","LTRENDIDX","M","2002-04",100.0897,
"FRA","BCI","AMPLITUD","LTRENDIDX","M","2002-05",100.1703,
"FRA","BCI","AMPLITUD","LTRENDIDX","M","2002-06",100.1051,
"FRA","BCI","AMPLITUD","LTRENDIDX","M","2002-07",99.98458,
"FRA","BCI","AMPLITUD","LTRENDIDX","M","2002-08",99.93584,
"FRA","BCI","AMPLITUD","LTRENDIDX","M","2002-09",99.95592,
"FRA","BCI","AMPLITUD","LTRENDIDX","M","2002-10",100.0215,
"FRA","BCI","AMPLITUD","LTRENDIDX","M","2002-11",100.1299,
"FRA","BCI","AMPLITUD","LTRENDIDX","M","2002-12",100.2505,
"FRA","BCI","AMPLITUD","LTRENDIDX","M","2003-01",100.2341,
"FRA","BCI","AMPLITUD","LTRENDIDX","M","2003-02",100.0757,
"FRA","BCI","AMPLITUD","LTRENDIDX","M","2003-03",99.90419,
"FRA","BCI","AMPLITUD","LTRENDIDX","M","2003-04",99.80167,
"FRA","BCI","AMPLITUD","LTRENDIDX","M","2003-05",99.71337,
"FRA","BCI","AMPLITUD","LTRENDIDX","M","2003-06",99.65479,
"FRA","BCI","AMPLITUD","LTRENDIDX","M","2003-07",99.6955,
"FRA","BCI","AMPLITUD","LTRENDIDX","M","2003-08",99.74774,
"FRA","BCI","AMPLITUD","LTRENDIDX","M","2003-09",99.8392,
"FRA","BCI","AMPLITUD","LTRENDIDX","M","2003-10",100.0173,
"FRA","BCI","AMPLITUD","LTRENDIDX","M","2003-11",100.1966,
"FRA","BCI","AMPLITUD","LTRENDIDX","M","2003-12",100.2422,
"FRA","BCI","AMPLITUD","LTRENDIDX","M","2004-01",100.2259,
"FRA","BCI","AMPLITUD","LTRENDIDX","M","2004-02",100.206,
"FRA","BCI","AMPLITUD","LTRENDIDX","M","2004-03",100.2528,
"FRA","BCI","AMPLITUD","LTRENDIDX","M","2004-04",100.3115,
"FRA","BCI","AMPLITUD","LTRENDIDX","M","2004-05",100.3818,
"FRA","BCI","AMPLITUD","LTRENDIDX","M","2004-06",100.4242,
"FRA","BCI","AMPLITUD","LTRENDIDX","M","2004-07",100.4382,
"FRA","BCI","AMPLITUD","LTRENDIDX","M","2004-08",100.4717,
"FRA","BCI","AMPLITUD","LTRENDIDX","M","2004-09",100.5201,
"FRA","BCI","AMPLITUD","LTRENDIDX","M","2004-10",100.554,
"FRA","BCI","AMPLITUD","LTRENDIDX","M","2004-11",100.5487,
"FRA","BCI","AMPLITUD","LTRENDIDX","M","2004-12",100.5116,
"FRA","BCI","AMPLITUD","LTRENDIDX","M","2005-01",100.3916,
"FRA","BCI","AMPLITUD","LTRENDIDX","M","2005-02",100.2295,
"FRA","BCI","AMPLITUD","LTRENDIDX","M","2005-03",100.0342,
"FRA","BCI","AMPLITUD","LTRENDIDX","M","2005-04",99.87489,
"FRA","BCI","AMPLITUD","LTRENDIDX","M","2005-05",99.78037,
"FRA","BCI","AMPLITUD","LTRENDIDX","M","2005-06",99.81136,
"FRA","BCI","AMPLITUD","LTRENDIDX","M","2005-07",99.88496,
"FRA","BCI","AMPLITUD","LTRENDIDX","M","2005-08",99.93537,
"FRA","BCI","AMPLITUD","LTRENDIDX","M","2005-09",99.97948,
"FRA","BCI","AMPLITUD","LTRENDIDX","M","2005-10",100.0404,
"FRA","BCI","AMPLITUD","LTRENDIDX","M","2005-11",100.0686,
"FRA","BCI","AMPLITUD","LTRENDIDX","M","2005-12",100.1421,
"FRA","BCI","AMPLITUD","LTRENDIDX","M","2006-01",100.2466,
"FRA","BCI","AMPLITUD","LTRENDIDX","M","2006-02",100.3852,
"FRA","BCI","AMPLITUD","LTRENDIDX","M","2006-03",100.5086,
"FRA","BCI","AMPLITUD","LTRENDIDX","M","2006-04",100.6026,
"FRA","BCI","AMPLITUD","LTRENDIDX","M","2006-05",100.6347,
"FRA","BCI","AMPLITUD","LTRENDIDX","M","2006-06",100.6431,
"FRA","BCI","AMPLITUD","LTRENDIDX","M","2006-07",100.6779,
"FRA","BCI","AMPLITUD","LTRENDIDX","M","2006-08",100.741,
"FRA","BCI","AMPLITUD","LTRENDIDX","M","2006-09",100.8034,
"FRA","BCI","AMPLITUD","LTRENDIDX","M","2006-10",100.8379,
"FRA","BCI","AMPLITUD","LTRENDIDX","M","2006-11",100.8695,
"FRA","BCI","AMPLITUD","LTRENDIDX","M","2006-12",100.872,
"FRA","BCI","AMPLITUD","LTRENDIDX","M","2007-01",100.9187,
"FRA","BCI","AMPLITUD","LTRENDIDX","M","2007-02",100.9885,
"FRA","BCI","AMPLITUD","LTRENDIDX","M","2007-03",101.0236,
"FRA","BCI","AMPLITUD","LTRENDIDX","M","2007-04",101.0165,
"FRA","BCI","AMPLITUD","LTRENDIDX","M","2007-05",100.9839,
"FRA","BCI","AMPLITUD","LTRENDIDX","M","2007-06",100.9907,
"FRA","BCI","AMPLITUD","LTRENDIDX","M","2007-07",100.9913,
"FRA","BCI","AMPLITUD","LTRENDIDX","M","2007-08",100.9882,
"FRA","BCI","AMPLITUD","LTRENDIDX","M","2007-09",101.0055,
"FRA","BCI","AMPLITUD","LTRENDIDX","M","2007-10",101.0569,
"FRA","BCI","AMPLITUD","LTRENDIDX","M","2007-11",101.0933,
"FRA","BCI","AMPLITUD","LTRENDIDX","M","2007-12",101.0656,
"FRA","BCI","AMPLITUD","LTRENDIDX","M","2008-01",101.035,
"FRA","BCI","AMPLITUD","LTRENDIDX","M","2008-02",100.9755,
"FRA","BCI","AMPLITUD","LTRENDIDX","M","2008-03",100.8908,
"FRA","BCI","AMPLITUD","LTRENDIDX","M","2008-04",100.7263,
"FRA","BCI","AMPLITUD","LTRENDIDX","M","2008-05",100.5055,
"FRA","BCI","AMPLITUD","LTRENDIDX","M","2008-06",100.2859,
"FRA","BCI","AMPLITUD","LTRENDIDX","M","2008-07",100.0576,
"FRA","BCI","AMPLITUD","LTRENDIDX","M","2008-08",99.83205,
"FRA","BCI","AMPLITUD","LTRENDIDX","M","2008-09",99.48713,
"FRA","BCI","AMPLITUD","LTRENDIDX","M","2008-10",98.95817,
"FRA","BCI","AMPLITUD","LTRENDIDX","M","2008-11",98.34753,
"FRA","BCI","AMPLITUD","LTRENDIDX","M","2008-12",97.82661,
"FRA","BCI","AMPLITUD","LTRENDIDX","M","2009-01",97.576,
"FRA","BCI","AMPLITUD","LTRENDIDX","M","2009-02",97.45292,
"FRA","BCI","AMPLITUD","LTRENDIDX","M","2009-03",97.45084,
"FRA","BCI","AMPLITUD","LTRENDIDX","M","2009-04",97.60488,
"FRA","BCI","AMPLITUD","LTRENDIDX","M","2009-05",97.81104,
"FRA","BCI","AMPLITUD","LTRENDIDX","M","2009-06",97.99429,
"FRA","BCI","AMPLITUD","LTRENDIDX","M","2009-07",98.1637,
"FRA","BCI","AMPLITUD","LTRENDIDX","M","2009-08",98.39471,
"FRA","BCI","AMPLITUD","LTRENDIDX","M","2009-09",98.68573,
"FRA","BCI","AMPLITUD","LTRENDIDX","M","2009-10",98.92747,
"FRA","BCI","AMPLITUD","LTRENDIDX","M","2009-11",99.13445,
"FRA","BCI","AMPLITUD","LTRENDIDX","M","2009-12",99.299,
"FRA","BCI","AMPLITUD","LTRENDIDX","M","2010-01",99.38462,
"FRA","BCI","AMPLITUD","LTRENDIDX","M","2010-02",99.46619,
"FRA","BCI","AMPLITUD","LTRENDIDX","M","2010-03",99.63566,
"FRA","BCI","AMPLITUD","LTRENDIDX","M","2010-04",99.75497,
"FRA","BCI","AMPLITUD","LTRENDIDX","M","2010-05",99.77431,
"FRA","BCI","AMPLITUD","LTRENDIDX","M","2010-06",99.78698,
"FRA","BCI","AMPLITUD","LTRENDIDX","M","2010-07",99.92287,
"FRA","BCI","AMPLITUD","LTRENDIDX","M","2010-08",100.1356,
"FRA","BCI","AMPLITUD","LTRENDIDX","M","2010-09",100.3627,
"FRA","BCI","AMPLITUD","LTRENDIDX","M","2010-10",100.5218,
"FRA","BCI","AMPLITUD","LTRENDIDX","M","2010-11",100.6494,
"FRA","BCI","AMPLITUD","LTRENDIDX","M","2010-12",100.8635,
"FRA","BCI","AMPLITUD","LTRENDIDX","M","2011-01",101.0707,
"FRA","BCI","AMPLITUD","LTRENDIDX","M","2011-02",101.1873,
"FRA","BCI","AMPLITUD","LTRENDIDX","M","2011-03",101.2372,
"FRA","BCI","AMPLITUD","LTRENDIDX","M","2011-04",101.1569,
"FRA","BCI","AMPLITUD","LTRENDIDX","M","2011-05",101.024,
"FRA","BCI","AMPLITUD","LTRENDIDX","M","2011-06",100.8853,
"FRA","BCI","AMPLITUD","LTRENDIDX","M","2011-07",100.6541,
"FRA","BCI","AMPLITUD","LTRENDIDX","M","2011-08",100.3629,
"FRA","BCI","AMPLITUD","LTRENDIDX","M","2011-09",100.1151,
"FRA","BCI","AMPLITUD","LTRENDIDX","M","2011-10",99.96712,
"FRA","BCI","AMPLITUD","LTRENDIDX","M","2011-11",99.89793,
"FRA","BCI","AMPLITUD","LTRENDIDX","M","2011-12",99.83475,
"FRA","BCI","AMPLITUD","LTRENDIDX","M","2012-01",99.77457,
"FRA","BCI","AMPLITUD","LTRENDIDX","M","2012-02",99.79512,
"FRA","BCI","AMPLITUD","LTRENDIDX","M","2012-03",99.78411,
"FRA","BCI","AMPLITUD","LTRENDIDX","M","2012-04",99.71478,
"FRA","BCI","AMPLITUD","LTRENDIDX","M","2012-05",99.63076,
"FRA","BCI","AMPLITUD","LTRENDIDX","M","2012-06",99.54122,
"FRA","BCI","AMPLITUD","LTRENDIDX","M","2012-07",99.47881,
"FRA","BCI","AMPLITUD","LTRENDIDX","M","2012-08",99.4237,
"FRA","BCI","AMPLITUD","LTRENDIDX","M","2012-09",99.35732,
"FRA","BCI","AMPLITUD","LTRENDIDX","M","2012-10",99.26521,
"FRA","BCI","AMPLITUD","LTRENDIDX","M","2012-11",99.30786,
"FRA","BCI","AMPLITUD","LTRENDIDX","M","2012-12",99.37298,
"FRA","BCI","AMPLITUD","LTRENDIDX","M","2013-01",99.42463,
"FRA","BCI","AMPLITUD","LTRENDIDX","M","2013-02",99.44688,
"FRA","BCI","AMPLITUD","LTRENDIDX","M","2013-03",99.37475,
"FRA","BCI","AMPLITUD","LTRENDIDX","M","2013-04",99.29831,
"FRA","BCI","AMPLITUD","LTRENDIDX","M","2013-05",99.36069,
"FRA","BCI","AMPLITUD","LTRENDIDX","M","2013-06",99.49489,
"FRA","BCI","AMPLITUD","LTRENDIDX","M","2013-07",99.64008,
"FRA","BCI","AMPLITUD","LTRENDIDX","M","2013-08",99.7554,
"FRA","BCI","AMPLITUD","LTRENDIDX","M","2013-09",99.84029,
"FRA","BCI","AMPLITUD","LTRENDIDX","M","2013-10",99.94101,
"FRA","BCI","AMPLITUD","LTRENDIDX","M","2013-11",100.0136,
"FRA","BCI","AMPLITUD","LTRENDIDX","M","2013-12",100.1016,
"FRA","BCI","AMPLITUD","LTRENDIDX","M","2014-01",100.1594,
"FRA","BCI","AMPLITUD","LTRENDIDX","M","2014-02",100.1466,
"FRA","BCI","AMPLITUD","LTRENDIDX","M","2014-03",100.1188,
"FRA","BCI","AMPLITUD","LTRENDIDX","M","2014-04",100.0743,
"FRA","BCI","AMPLITUD","LTRENDIDX","M","2014-05",99.95637,
"FRA","BCI","AMPLITUD","LTRENDIDX","M","2014-06",99.83664,
"FRA","BCI","AMPLITUD","LTRENDIDX","M","2014-07",99.78945,
"FRA","BCI","AMPLITUD","LTRENDIDX","M","2014-08",99.80251,
"FRA","BCI","AMPLITUD","LTRENDIDX","M","2014-09",99.89375,
"FRA","BCI","AMPLITUD","LTRENDIDX","M","2014-10",100.0112,
"FRA","BCI","AMPLITUD","LTRENDIDX","M","2014-11",100.0636,
"FRA","BCI","AMPLITUD","LTRENDIDX","M","2014-12",100.0556,
"FRA","BCI","AMPLITUD","LTRENDIDX","M","2015-01",100.0789,
"FRA","BCI","AMPLITUD","LTRENDIDX","M","2015-02",100.12,
"FRA","BCI","AMPLITUD","LTRENDIDX","M","2015-03",100.141,
"FRA","BCI","AMPLITUD","LTRENDIDX","M","2015-04",100.1436,
"FRA","BCI","AMPLITUD","LTRENDIDX","M","2015-05",100.1478,
"FRA","BCI","AMPLITUD","LTRENDIDX","M","2015-06",100.1717,
"FRA","BCI","AMPLITUD","LTRENDIDX","M","2015-07",100.2189,
"FRA","BCI","AMPLITUD","LTRENDIDX","M","2015-08",100.2631,
"FRA","BCI","AMPLITUD","LTRENDIDX","M","2015-09",100.2967,
"FRA","BCI","AMPLITUD","LTRENDIDX","M","2015-10",100.3216,
"FRA","BCI","AMPLITUD","LTRENDIDX","M","2015-11",100.3157,
"FRA","BCI","AMPLITUD","LTRENDIDX","M","2015-12",100.3904,
"FRA","BCI","AMPLITUD","LTRENDIDX","M","2016-01",100.4923,
"FRA","BCI","AMPLITUD","LTRENDIDX","M","2016-02",100.5544,
"FRA","BCI","AMPLITUD","LTRENDIDX","M","2016-03",100.5164,
"FRA","BCI","AMPLITUD","LTRENDIDX","M","2016-04",100.4365,
"FRA","BCI","AMPLITUD","LTRENDIDX","M","2016-05",100.3382,
"FRA","BCI","AMPLITUD","LTRENDIDX","M","2016-06",100.2375,
"FRA","BCI","AMPLITUD","LTRENDIDX","M","2016-07",100.1634,
"FRA","BCI","AMPLITUD","LTRENDIDX","M","2016-08",100.1708,
"FRA","BCI","AMPLITUD","LTRENDIDX","M","2016-09",100.2412,
"FRA","BCI","AMPLITUD","LTRENDIDX","M","2016-10",100.3095,
"FRA","BCI","AMPLITUD","LTRENDIDX","M","2016-11",100.3681,
"FRA","BCI","AMPLITUD","LTRENDIDX","M","2016-12",100.4247,
"FRA","BCI","AMPLITUD","LTRENDIDX","M","2017-01",100.47,
"FRA","BCI","AMPLITUD","LTRENDIDX","M","2017-02",100.5162,
"FRA","BCI","AMPLITUD","LTRENDIDX","M","2017-03",100.5525,
"FRA","BCI","AMPLITUD","LTRENDIDX","M","2017-04",100.6642,
"FRA","BCI","AMPLITUD","LTRENDIDX","M","2017-05",100.7956,
"FRA","BCI","AMPLITUD","LTRENDIDX","M","2017-06",100.8826,
"FRA","BCI","AMPLITUD","LTRENDIDX","M","2017-07",100.9302,
"BEL","BCI","AMPLITUD","LTRENDIDX","M","1985-01",99.67606,
"BEL","BCI","AMPLITUD","LTRENDIDX","M","1985-02",99.47318,
"BEL","BCI","AMPLITUD","LTRENDIDX","M","1985-03",99.30338,
"BEL","BCI","AMPLITUD","LTRENDIDX","M","1985-04",99.24535,
"BEL","BCI","AMPLITUD","LTRENDIDX","M","1985-05",99.23627,
"BEL","BCI","AMPLITUD","LTRENDIDX","M","1985-06",99.35588,
"BEL","BCI","AMPLITUD","LTRENDIDX","M","1985-07",99.49051,
"BEL","BCI","AMPLITUD","LTRENDIDX","M","1985-08",99.59423,
"BEL","BCI","AMPLITUD","LTRENDIDX","M","1985-09",99.70885,
"BEL","BCI","AMPLITUD","LTRENDIDX","M","1985-10",99.71745,
"BEL","BCI","AMPLITUD","LTRENDIDX","M","1985-11",99.66998,
"BEL","BCI","AMPLITUD","LTRENDIDX","M","1985-12",99.60809,
"BEL","BCI","AMPLITUD","LTRENDIDX","M","1986-01",99.62444,
"BEL","BCI","AMPLITUD","LTRENDIDX","M","1986-02",99.65102,
"BEL","BCI","AMPLITUD","LTRENDIDX","M","1986-03",99.66883,
"BEL","BCI","AMPLITUD","LTRENDIDX","M","1986-04",99.60992,
"BEL","BCI","AMPLITUD","LTRENDIDX","M","1986-05",99.57752,
"BEL","BCI","AMPLITUD","LTRENDIDX","M","1986-06",99.548,
"BEL","BCI","AMPLITUD","LTRENDIDX","M","1986-07",99.5342,
"BEL","BCI","AMPLITUD","LTRENDIDX","M","1986-08",99.56729,
"BEL","BCI","AMPLITUD","LTRENDIDX","M","1986-09",99.54408,
"BEL","BCI","AMPLITUD","LTRENDIDX","M","1986-10",99.50319,
"BEL","BCI","AMPLITUD","LTRENDIDX","M","1986-11",99.49365,
"BEL","BCI","AMPLITUD","LTRENDIDX","M","1986-12",99.473,
"BEL","BCI","AMPLITUD","LTRENDIDX","M","1987-01",99.44772,
"BEL","BCI","AMPLITUD","LTRENDIDX","M","1987-02",99.45813,
"BEL","BCI","AMPLITUD","LTRENDIDX","M","1987-03",99.48479,
"BEL","BCI","AMPLITUD","LTRENDIDX","M","1987-04",99.49751,
"BEL","BCI","AMPLITUD","LTRENDIDX","M","1987-05",99.53574,
"BEL","BCI","AMPLITUD","LTRENDIDX","M","1987-06",99.4818,
"BEL","BCI","AMPLITUD","LTRENDIDX","M","1987-07",99.47466,
"BEL","BCI","AMPLITUD","LTRENDIDX","M","1987-08",99.4761,
"BEL","BCI","AMPLITUD","LTRENDIDX","M","1987-09",99.50397,
"BEL","BCI","AMPLITUD","LTRENDIDX","M","1987-10",99.64256,
"BEL","BCI","AMPLITUD","LTRENDIDX","M","1987-11",99.75303,
"BEL","BCI","AMPLITUD","LTRENDIDX","M","1987-12",99.85829,
"BEL","BCI","AMPLITUD","LTRENDIDX","M","1988-01",99.92545,
"BEL","BCI","AMPLITUD","LTRENDIDX","M","1988-02",100.058,
"BEL","BCI","AMPLITUD","LTRENDIDX","M","1988-03",100.2622,
"BEL","BCI","AMPLITUD","LTRENDIDX","M","1988-04",100.5045,
"BEL","BCI","AMPLITUD","LTRENDIDX","M","1988-05",100.6149,
"BEL","BCI","AMPLITUD","LTRENDIDX","M","1988-06",100.6989,
"BEL","BCI","AMPLITUD","LTRENDIDX","M","1988-07",100.7292,
"BEL","BCI","AMPLITUD","LTRENDIDX","M","1988-08",100.7599,
"BEL","BCI","AMPLITUD","LTRENDIDX","M","1988-09",100.7884,
"BEL","BCI","AMPLITUD","LTRENDIDX","M","1988-10",100.7847,
"BEL","BCI","AMPLITUD","LTRENDIDX","M","1988-11",100.7934,
"BEL","BCI","AMPLITUD","LTRENDIDX","M","1988-12",100.8662,
"BEL","BCI","AMPLITUD","LTRENDIDX","M","1989-01",100.9224,
"BEL","BCI","AMPLITUD","LTRENDIDX","M","1989-02",100.9735,
"BEL","BCI","AMPLITUD","LTRENDIDX","M","1989-03",101.0548,
"BEL","BCI","AMPLITUD","LTRENDIDX","M","1989-04",101.1748,
"BEL","BCI","AMPLITUD","LTRENDIDX","M","1989-05",101.3167,
"BEL","BCI","AMPLITUD","LTRENDIDX","M","1989-06",101.4022,
"BEL","BCI","AMPLITUD","LTRENDIDX","M","1989-07",101.3158,
"BEL","BCI","AMPLITUD","LTRENDIDX","M","1989-08",101.1168,
"BEL","BCI","AMPLITUD","LTRENDIDX","M","1989-09",100.9709,
"BEL","BCI","AMPLITUD","LTRENDIDX","M","1989-10",100.9096,
"BEL","BCI","AMPLITUD","LTRENDIDX","M","1989-11",101.011,
"BEL","BCI","AMPLITUD","LTRENDIDX","M","1989-12",101.0807,
"BEL","BCI","AMPLITUD","LTRENDIDX","M","1990-01",101.1099,
"BEL","BCI","AMPLITUD","LTRENDIDX","M","1990-02",101.11,
"BEL","BCI","AMPLITUD","LTRENDIDX","M","1990-03",101.0838,
"BEL","BCI","AMPLITUD","LTRENDIDX","M","1990-04",101.0013,
"BEL","BCI","AMPLITUD","LTRENDIDX","M","1990-05",100.8973,
"BEL","BCI","AMPLITUD","LTRENDIDX","M","1990-06",100.8711,
"BEL","BCI","AMPLITUD","LTRENDIDX","M","1990-07",100.821,
"BEL","BCI","AMPLITUD","LTRENDIDX","M","1990-08",100.7566,
"BEL","BCI","AMPLITUD","LTRENDIDX","M","1990-09",100.563,
"BEL","BCI","AMPLITUD","LTRENDIDX","M","1990-10",100.3631,
"BEL","BCI","AMPLITUD","LTRENDIDX","M","1990-11",100.1038,
"BEL","BCI","AMPLITUD","LTRENDIDX","M","1990-12",99.82741,
"BEL","BCI","AMPLITUD","LTRENDIDX","M","1991-01",99.57461,
"BEL","BCI","AMPLITUD","LTRENDIDX","M","1991-02",99.33895,
"BEL","BCI","AMPLITUD","LTRENDIDX","M","1991-03",99.23667,
"BEL","BCI","AMPLITUD","LTRENDIDX","M","1991-04",99.30211,
"BEL","BCI","AMPLITUD","LTRENDIDX","M","1991-05",99.35201,
"BEL","BCI","AMPLITUD","LTRENDIDX","M","1991-06",99.31271,
"BEL","BCI","AMPLITUD","LTRENDIDX","M","1991-07",99.32489,
"BEL","BCI","AMPLITUD","LTRENDIDX","M","1991-08",99.35463,
"BEL","BCI","AMPLITUD","LTRENDIDX","M","1991-09",99.32391,
"BEL","BCI","AMPLITUD","LTRENDIDX","M","1991-10",99.2832,
"BEL","BCI","AMPLITUD","LTRENDIDX","M","1991-11",99.18037,
"BEL","BCI","AMPLITUD","LTRENDIDX","M","1991-12",99.10371,
"BEL","BCI","AMPLITUD","LTRENDIDX","M","1992-01",99.15869,
"BEL","BCI","AMPLITUD","LTRENDIDX","M","1992-02",99.23531,
"BEL","BCI","AMPLITUD","LTRENDIDX","M","1992-03",99.17912,
"BEL","BCI","AMPLITUD","LTRENDIDX","M","1992-04",99.03587,
"BEL","BCI","AMPLITUD","LTRENDIDX","M","1992-05",98.90543,
"BEL","BCI","AMPLITUD","LTRENDIDX","M","1992-06",98.84711,
"BEL","BCI","AMPLITUD","LTRENDIDX","M","1992-07",98.76022,
"BEL","BCI","AMPLITUD","LTRENDIDX","M","1992-08",98.60899,
"BEL","BCI","AMPLITUD","LTRENDIDX","M","1992-09",98.4143,
"BEL","BCI","AMPLITUD","LTRENDIDX","M","1992-10",98.15495,
"BEL","BCI","AMPLITUD","LTRENDIDX","M","1992-11",97.84353,
"BEL","BCI","AMPLITUD","LTRENDIDX","M","1992-12",97.58338,
"BEL","BCI","AMPLITUD","LTRENDIDX","M","1993-01",97.41611,
"BEL","BCI","AMPLITUD","LTRENDIDX","M","1993-02",97.39133,
"BEL","BCI","AMPLITUD","LTRENDIDX","M","1993-03",97.40083,
"BEL","BCI","AMPLITUD","LTRENDIDX","M","1993-04",97.35798,
"BEL","BCI","AMPLITUD","LTRENDIDX","M","1993-05",97.37867,
"BEL","BCI","AMPLITUD","LTRENDIDX","M","1993-06",97.40767,
"BEL","BCI","AMPLITUD","LTRENDIDX","M","1993-07",97.48353,
"BEL","BCI","AMPLITUD","LTRENDIDX","M","1993-08",97.56676,
"BEL","BCI","AMPLITUD","LTRENDIDX","M","1993-09",97.74958,
"BEL","BCI","AMPLITUD","LTRENDIDX","M","1993-10",97.98223,
"BEL","BCI","AMPLITUD","LTRENDIDX","M","1993-11",98.35425,
"BEL","BCI","AMPLITUD","LTRENDIDX","M","1993-12",98.79037,
"BEL","BCI","AMPLITUD","LTRENDIDX","M","1994-01",99.27345,
"BEL","BCI","AMPLITUD","LTRENDIDX","M","1994-02",99.65807,
"BEL","BCI","AMPLITUD","LTRENDIDX","M","1994-03",99.80625,
"BEL","BCI","AMPLITUD","LTRENDIDX","M","1994-04",99.91657,
"BEL","BCI","AMPLITUD","LTRENDIDX","M","1994-05",100.0429,
"BEL","BCI","AMPLITUD","LTRENDIDX","M","1994-06",100.1864,
"BEL","BCI","AMPLITUD","LTRENDIDX","M","1994-07",100.3594,
"BEL","BCI","AMPLITUD","LTRENDIDX","M","1994-08",100.5729,
"BEL","BCI","AMPLITUD","LTRENDIDX","M","1994-09",100.7825,
"BEL","BCI","AMPLITUD","LTRENDIDX","M","1994-10",100.9483,
"BEL","BCI","AMPLITUD","LTRENDIDX","M","1994-11",101.1471,
"BEL","BCI","AMPLITUD","LTRENDIDX","M","1994-12",101.3704,
"BEL","BCI","AMPLITUD","LTRENDIDX","M","1995-01",101.4924,
"BEL","BCI","AMPLITUD","LTRENDIDX","M","1995-02",101.3918,
"BEL","BCI","AMPLITUD","LTRENDIDX","M","1995-03",101.0554,
"BEL","BCI","AMPLITUD","LTRENDIDX","M","1995-04",100.6318,
"BEL","BCI","AMPLITUD","LTRENDIDX","M","1995-05",100.1961,
"BEL","BCI","AMPLITUD","LTRENDIDX","M","1995-06",99.87664,
"BEL","BCI","AMPLITUD","LTRENDIDX","M","1995-07",99.64764,
"BEL","BCI","AMPLITUD","LTRENDIDX","M","1995-08",99.53012,
"BEL","BCI","AMPLITUD","LTRENDIDX","M","1995-09",99.36858,
"BEL","BCI","AMPLITUD","LTRENDIDX","M","1995-10",99.15089,
"BEL","BCI","AMPLITUD","LTRENDIDX","M","1995-11",98.91989,
"BEL","BCI","AMPLITUD","LTRENDIDX","M","1995-12",98.71752,
"BEL","BCI","AMPLITUD","LTRENDIDX","M","1996-01",98.55404,
"BEL","BCI","AMPLITUD","LTRENDIDX","M","1996-02",98.44386,
"BEL","BCI","AMPLITUD","LTRENDIDX","M","1996-03",98.4381,
"BEL","BCI","AMPLITUD","LTRENDIDX","M","1996-04",98.47311,
"BEL","BCI","AMPLITUD","LTRENDIDX","M","1996-05",98.54269,
"BEL","BCI","AMPLITUD","LTRENDIDX","M","1996-06",98.66319,
"BEL","BCI","AMPLITUD","LTRENDIDX","M","1996-07",98.82763,
"BEL","BCI","AMPLITUD","LTRENDIDX","M","1996-08",99.05179,
"BEL","BCI","AMPLITUD","LTRENDIDX","M","1996-09",99.30499,
"BEL","BCI","AMPLITUD","LTRENDIDX","M","1996-10",99.52384,
"BEL","BCI","AMPLITUD","LTRENDIDX","M","1996-11",99.71596,
"BEL","BCI","AMPLITUD","LTRENDIDX","M","1996-12",99.84821,
"BEL","BCI","AMPLITUD","LTRENDIDX","M","1997-01",99.92825,
"BEL","BCI","AMPLITUD","LTRENDIDX","M","1997-02",100.015,
"BEL","BCI","AMPLITUD","LTRENDIDX","M","1997-03",100.1267,
"BEL","BCI","AMPLITUD","LTRENDIDX","M","1997-04",100.2495,
"BEL","BCI","AMPLITUD","LTRENDIDX","M","1997-05",100.4753,
"BEL","BCI","AMPLITUD","LTRENDIDX","M","1997-06",100.6887,
"BEL","BCI","AMPLITUD","LTRENDIDX","M","1997-07",100.8529,
"BEL","BCI","AMPLITUD","LTRENDIDX","M","1997-08",100.9987,
"BEL","BCI","AMPLITUD","LTRENDIDX","M","1997-09",101.2266,
"BEL","BCI","AMPLITUD","LTRENDIDX","M","1997-10",101.4299,
"BEL","BCI","AMPLITUD","LTRENDIDX","M","1997-11",101.484,
"BEL","BCI","AMPLITUD","LTRENDIDX","M","1997-12",101.3396,
"BEL","BCI","AMPLITUD","LTRENDIDX","M","1998-01",101.0644,
"BEL","BCI","AMPLITUD","LTRENDIDX","M","1998-02",100.8209,
"BEL","BCI","AMPLITUD","LTRENDIDX","M","1998-03",100.7488,
"BEL","BCI","AMPLITUD","LTRENDIDX","M","1998-04",100.7683,
"BEL","BCI","AMPLITUD","LTRENDIDX","M","1998-05",100.7949,
"BEL","BCI","AMPLITUD","LTRENDIDX","M","1998-06",100.7322,
"BEL","BCI","AMPLITUD","LTRENDIDX","M","1998-07",100.5639,
"BEL","BCI","AMPLITUD","LTRENDIDX","M","1998-08",100.1545,
"BEL","BCI","AMPLITUD","LTRENDIDX","M","1998-09",99.63266,
"BEL","BCI","AMPLITUD","LTRENDIDX","M","1998-10",99.16905,
"BEL","BCI","AMPLITUD","LTRENDIDX","M","1998-11",98.90391,
"BEL","BCI","AMPLITUD","LTRENDIDX","M","1998-12",98.86317,
"BEL","BCI","AMPLITUD","LTRENDIDX","M","1999-01",98.98568,
"BEL","BCI","AMPLITUD","LTRENDIDX","M","1999-02",99.15208,
"BEL","BCI","AMPLITUD","LTRENDIDX","M","1999-03",99.35965,
"BEL","BCI","AMPLITUD","LTRENDIDX","M","1999-04",99.66311,
"BEL","BCI","AMPLITUD","LTRENDIDX","M","1999-05",99.87173,
"BEL","BCI","AMPLITUD","LTRENDIDX","M","1999-06",99.95985,
"BEL","BCI","AMPLITUD","LTRENDIDX","M","1999-07",100.0366,
"BEL","BCI","AMPLITUD","LTRENDIDX","M","1999-08",100.1864,
"BEL","BCI","AMPLITUD","LTRENDIDX","M","1999-09",100.4758,
"BEL","BCI","AMPLITUD","LTRENDIDX","M","1999-10",100.7911,
"BEL","BCI","AMPLITUD","LTRENDIDX","M","1999-11",100.9781,
"BEL","BCI","AMPLITUD","LTRENDIDX","M","1999-12",101.1091,
"BEL","BCI","AMPLITUD","LTRENDIDX","M","2000-01",101.2247,
"BEL","BCI","AMPLITUD","LTRENDIDX","M","2000-02",101.4054,
"BEL","BCI","AMPLITUD","LTRENDIDX","M","2000-03",101.5721,
"BEL","BCI","AMPLITUD","LTRENDIDX","M","2000-04",101.6511,
"BEL","BCI","AMPLITUD","LTRENDIDX","M","2000-05",101.6567,
"BEL","BCI","AMPLITUD","LTRENDIDX","M","2000-06",101.5649,
"BEL","BCI","AMPLITUD","LTRENDIDX","M","2000-07",101.379,
"BEL","BCI","AMPLITUD","LTRENDIDX","M","2000-08",101.2574,
"BEL","BCI","AMPLITUD","LTRENDIDX","M","2000-09",101.1757,
"BEL","BCI","AMPLITUD","LTRENDIDX","M","2000-10",101.0246,
"BEL","BCI","AMPLITUD","LTRENDIDX","M","2000-11",100.9058,
"BEL","BCI","AMPLITUD","LTRENDIDX","M","2000-12",100.8784,
"BEL","BCI","AMPLITUD","LTRENDIDX","M","2001-01",100.7807,
"BEL","BCI","AMPLITUD","LTRENDIDX","M","2001-02",100.5545,
"BEL","BCI","AMPLITUD","LTRENDIDX","M","2001-03",100.2003,
"BEL","BCI","AMPLITUD","LTRENDIDX","M","2001-04",99.81318,
"BEL","BCI","AMPLITUD","LTRENDIDX","M","2001-05",99.53232,
"BEL","BCI","AMPLITUD","LTRENDIDX","M","2001-06",99.35725,
"BEL","BCI","AMPLITUD","LTRENDIDX","M","2001-07",99.16687,
"BEL","BCI","AMPLITUD","LTRENDIDX","M","2001-08",98.96587,
"BEL","BCI","AMPLITUD","LTRENDIDX","M","2001-09",98.73018,
"BEL","BCI","AMPLITUD","LTRENDIDX","M","2001-10",98.57219,
"BEL","BCI","AMPLITUD","LTRENDIDX","M","2001-11",98.61958,
"BEL","BCI","AMPLITUD","LTRENDIDX","M","2001-12",98.76877,
"BEL","BCI","AMPLITUD","LTRENDIDX","M","2002-01",98.95879,
"BEL","BCI","AMPLITUD","LTRENDIDX","M","2002-02",99.18863,
"BEL","BCI","AMPLITUD","LTRENDIDX","M","2002-03",99.51756,
"BEL","BCI","AMPLITUD","LTRENDIDX","M","2002-04",99.7877,
"BEL","BCI","AMPLITUD","LTRENDIDX","M","2002-05",99.98522,
"BEL","BCI","AMPLITUD","LTRENDIDX","M","2002-06",100.0177,
"BEL","BCI","AMPLITUD","LTRENDIDX","M","2002-07",99.93291,
"BEL","BCI","AMPLITUD","LTRENDIDX","M","2002-08",99.86295,
"BEL","BCI","AMPLITUD","LTRENDIDX","M","2002-09",99.81119,
"BEL","BCI","AMPLITUD","LTRENDIDX","M","2002-10",99.75805,
"BEL","BCI","AMPLITUD","LTRENDIDX","M","2002-11",99.7366,
"BEL","BCI","AMPLITUD","LTRENDIDX","M","2002-12",99.6477,
"BEL","BCI","AMPLITUD","LTRENDIDX","M","2003-01",99.54323,
"BEL","BCI","AMPLITUD","LTRENDIDX","M","2003-02",99.40562,
"BEL","BCI","AMPLITUD","LTRENDIDX","M","2003-03",99.1453,
"BEL","BCI","AMPLITUD","LTRENDIDX","M","2003-04",98.8929,
"BEL","BCI","AMPLITUD","LTRENDIDX","M","2003-05",98.70042,
"BEL","BCI","AMPLITUD","LTRENDIDX","M","2003-06",98.63901,
"BEL","BCI","AMPLITUD","LTRENDIDX","M","2003-07",98.801,
"BEL","BCI","AMPLITUD","LTRENDIDX","M","2003-08",99.11157,
"BEL","BCI","AMPLITUD","LTRENDIDX","M","2003-09",99.41653,
"BEL","BCI","AMPLITUD","LTRENDIDX","M","2003-10",99.67149,
"BEL","BCI","AMPLITUD","LTRENDIDX","M","2003-11",99.88667,
"BEL","BCI","AMPLITUD","LTRENDIDX","M","2003-12",100.0267,
"BEL","BCI","AMPLITUD","LTRENDIDX","M","2004-01",100.1047,
"BEL","BCI","AMPLITUD","LTRENDIDX","M","2004-02",100.2089,
"BEL","BCI","AMPLITUD","LTRENDIDX","M","2004-03",100.3649,
"BEL","BCI","AMPLITUD","LTRENDIDX","M","2004-04",100.5629,
"BEL","BCI","AMPLITUD","LTRENDIDX","M","2004-05",100.7082,
"BEL","BCI","AMPLITUD","LTRENDIDX","M","2004-06",100.8635,
"BEL","BCI","AMPLITUD","LTRENDIDX","M","2004-07",101.0682,
"BEL","BCI","AMPLITUD","LTRENDIDX","M","2004-08",101.0995,
"BEL","BCI","AMPLITUD","LTRENDIDX","M","2004-09",101.0769,
"BEL","BCI","AMPLITUD","LTRENDIDX","M","2004-10",101.0143,
"BEL","BCI","AMPLITUD","LTRENDIDX","M","2004-11",100.8785,
"BEL","BCI","AMPLITUD","LTRENDIDX","M","2004-12",100.7114,
"BEL","BCI","AMPLITUD","LTRENDIDX","M","2005-01",100.5869,
"BEL","BCI","AMPLITUD","LTRENDIDX","M","2005-02",100.3978,
"BEL","BCI","AMPLITUD","LTRENDIDX","M","2005-03",100.1701,
"BEL","BCI","AMPLITUD","LTRENDIDX","M","2005-04",99.88377,
"BEL","BCI","AMPLITUD","LTRENDIDX","M","2005-05",99.66466,
"BEL","BCI","AMPLITUD","LTRENDIDX","M","2005-06",99.57098,
"BEL","BCI","AMPLITUD","LTRENDIDX","M","2005-07",99.57456,
"BEL","BCI","AMPLITUD","LTRENDIDX","M","2005-08",99.70216,
"BEL","BCI","AMPLITUD","LTRENDIDX","M","2005-09",99.92469,
"BEL","BCI","AMPLITUD","LTRENDIDX","M","2005-10",100.1963,
"BEL","BCI","AMPLITUD","LTRENDIDX","M","2005-11",100.3864,
"BEL","BCI","AMPLITUD","LTRENDIDX","M","2005-12",100.5198,
"BEL","BCI","AMPLITUD","LTRENDIDX","M","2006-01",100.6459,
"BEL","BCI","AMPLITUD","LTRENDIDX","M","2006-02",100.8483,
"BEL","BCI","AMPLITUD","LTRENDIDX","M","2006-03",101.0827,
"BEL","BCI","AMPLITUD","LTRENDIDX","M","2006-04",101.2842,
"BEL","BCI","AMPLITUD","LTRENDIDX","M","2006-05",101.43,
"BEL","BCI","AMPLITUD","LTRENDIDX","M","2006-06",101.5523,
"BEL","BCI","AMPLITUD","LTRENDIDX","M","2006-07",101.6638,
"BEL","BCI","AMPLITUD","LTRENDIDX","M","2006-08",101.683,
"BEL","BCI","AMPLITUD","LTRENDIDX","M","2006-09",101.6438,
"BEL","BCI","AMPLITUD","LTRENDIDX","M","2006-10",101.581,
"BEL","BCI","AMPLITUD","LTRENDIDX","M","2006-11",101.4868,
"BEL","BCI","AMPLITUD","LTRENDIDX","M","2006-12",101.4088,
"BEL","BCI","AMPLITUD","LTRENDIDX","M","2007-01",101.2824,
"BEL","BCI","AMPLITUD","LTRENDIDX","M","2007-02",101.2114,
"BEL","BCI","AMPLITUD","LTRENDIDX","M","2007-03",101.2373,
"BEL","BCI","AMPLITUD","LTRENDIDX","M","2007-04",101.4221,
"BEL","BCI","AMPLITUD","LTRENDIDX","M","2007-05",101.6322,
"BEL","BCI","AMPLITUD","LTRENDIDX","M","2007-06",101.7105,
"BEL","BCI","AMPLITUD","LTRENDIDX","M","2007-07",101.5754,
"BEL","BCI","AMPLITUD","LTRENDIDX","M","2007-08",101.3451,
"BEL","BCI","AMPLITUD","LTRENDIDX","M","2007-09",101.1274,
"BEL","BCI","AMPLITUD","LTRENDIDX","M","2007-10",100.917,
"BEL","BCI","AMPLITUD","LTRENDIDX","M","2007-11",100.7658,
"BEL","BCI","AMPLITUD","LTRENDIDX","M","2007-12",100.6957,
"BEL","BCI","AMPLITUD","LTRENDIDX","M","2008-01",100.7304,
"BEL","BCI","AMPLITUD","LTRENDIDX","M","2008-02",100.7998,
"BEL","BCI","AMPLITUD","LTRENDIDX","M","2008-03",100.8237,
"BEL","BCI","AMPLITUD","LTRENDIDX","M","2008-04",100.797,
"BEL","BCI","AMPLITUD","LTRENDIDX","M","2008-05",100.8255,
"BEL","BCI","AMPLITUD","LTRENDIDX","M","2008-06",100.784,
"BEL","BCI","AMPLITUD","LTRENDIDX","M","2008-07",100.6086,
"BEL","BCI","AMPLITUD","LTRENDIDX","M","2008-08",100.3028,
"BEL","BCI","AMPLITUD","LTRENDIDX","M","2008-09",99.76759,
"BEL","BCI","AMPLITUD","LTRENDIDX","M","2008-10",99.09578,
"BEL","BCI","AMPLITUD","LTRENDIDX","M","2008-11",98.39298,
"BEL","BCI","AMPLITUD","LTRENDIDX","M","2008-12",97.8547,
"BEL","BCI","AMPLITUD","LTRENDIDX","M","2009-01",97.5887,
"BEL","BCI","AMPLITUD","LTRENDIDX","M","2009-02",97.39188,
"BEL","BCI","AMPLITUD","LTRENDIDX","M","2009-03",97.31367,
"BEL","BCI","AMPLITUD","LTRENDIDX","M","2009-04",97.46027,
"BEL","BCI","AMPLITUD","LTRENDIDX","M","2009-05",97.69209,
"BEL","BCI","AMPLITUD","LTRENDIDX","M","2009-06",97.9888,
"BEL","BCI","AMPLITUD","LTRENDIDX","M","2009-07",98.27694,
"BEL","BCI","AMPLITUD","LTRENDIDX","M","2009-08",98.53778,
"BEL","BCI","AMPLITUD","LTRENDIDX","M","2009-09",98.78089,
"BEL","BCI","AMPLITUD","LTRENDIDX","M","2009-10",99.11643,
"BEL","BCI","AMPLITUD","LTRENDIDX","M","2009-11",99.48825,
"BEL","BCI","AMPLITUD","LTRENDIDX","M","2009-12",99.75475,
"BEL","BCI","AMPLITUD","LTRENDIDX","M","2010-01",99.93571,
"BEL","BCI","AMPLITUD","LTRENDIDX","M","2010-02",100.0529,
"BEL","BCI","AMPLITUD","LTRENDIDX","M","2010-03",100.1991,
"BEL","BCI","AMPLITUD","LTRENDIDX","M","2010-04",100.2657,
"BEL","BCI","AMPLITUD","LTRENDIDX","M","2010-05",100.2018,
"BEL","BCI","AMPLITUD","LTRENDIDX","M","2010-06",100.1493,
"BEL","BCI","AMPLITUD","LTRENDIDX","M","2010-07",100.2575,
"BEL","BCI","AMPLITUD","LTRENDIDX","M","2010-08",100.4372,
"BEL","BCI","AMPLITUD","LTRENDIDX","M","2010-09",100.5748,
"BEL","BCI","AMPLITUD","LTRENDIDX","M","2010-10",100.7684,
"BEL","BCI","AMPLITUD","LTRENDIDX","M","2010-11",101.0715,
"BEL","BCI","AMPLITUD","LTRENDIDX","M","2010-12",101.3941,
"BEL","BCI","AMPLITUD","LTRENDIDX","M","2011-01",101.6047,
"BEL","BCI","AMPLITUD","LTRENDIDX","M","2011-02",101.6357,
"BEL","BCI","AMPLITUD","LTRENDIDX","M","2011-03",101.5822,
"BEL","BCI","AMPLITUD","LTRENDIDX","M","2011-04",101.3618,
"BEL","BCI","AMPLITUD","LTRENDIDX","M","2011-05",101.0295,
"BEL","BCI","AMPLITUD","LTRENDIDX","M","2011-06",100.6892,
"BEL","BCI","AMPLITUD","LTRENDIDX","M","2011-07",100.326,
"BEL","BCI","AMPLITUD","LTRENDIDX","M","2011-08",99.92041,
"BEL","BCI","AMPLITUD","LTRENDIDX","M","2011-09",99.65699,
"BEL","BCI","AMPLITUD","LTRENDIDX","M","2011-10",99.50909,
"BEL","BCI","AMPLITUD","LTRENDIDX","M","2011-11",99.38319,
"BEL","BCI","AMPLITUD","LTRENDIDX","M","2011-12",99.43343,
"BEL","BCI","AMPLITUD","LTRENDIDX","M","2012-01",99.5807,
"BEL","BCI","AMPLITUD","LTRENDIDX","M","2012-02",99.79554,
"BEL","BCI","AMPLITUD","LTRENDIDX","M","2012-03",99.78435,
"BEL","BCI","AMPLITUD","LTRENDIDX","M","2012-04",99.5954,
"BEL","BCI","AMPLITUD","LTRENDIDX","M","2012-05",99.35642,
"BEL","BCI","AMPLITUD","LTRENDIDX","M","2012-06",99.18994,
"BEL","BCI","AMPLITUD","LTRENDIDX","M","2012-07",99.17855,
"BEL","BCI","AMPLITUD","LTRENDIDX","M","2012-08",99.21022,
"BEL","BCI","AMPLITUD","LTRENDIDX","M","2012-09",99.17999,
"BEL","BCI","AMPLITUD","LTRENDIDX","M","2012-10",99.14873,
"BEL","BCI","AMPLITUD","LTRENDIDX","M","2012-11",99.17104,
"BEL","BCI","AMPLITUD","LTRENDIDX","M","2012-12",99.25519,
"BEL","BCI","AMPLITUD","LTRENDIDX","M","2013-01",99.29317,
"BEL","BCI","AMPLITUD","LTRENDIDX","M","2013-02",99.30972,
"BEL","BCI","AMPLITUD","LTRENDIDX","M","2013-03",99.22202,
"BEL","BCI","AMPLITUD","LTRENDIDX","M","2013-04",99.16824,
"BEL","BCI","AMPLITUD","LTRENDIDX","M","2013-05",99.23825,
"BEL","BCI","AMPLITUD","LTRENDIDX","M","2013-06",99.39658,
"BEL","BCI","AMPLITUD","LTRENDIDX","M","2013-07",99.63843,
"BEL","BCI","AMPLITUD","LTRENDIDX","M","2013-08",99.89088,
"BEL","BCI","AMPLITUD","LTRENDIDX","M","2013-09",100.0446,
"BEL","BCI","AMPLITUD","LTRENDIDX","M","2013-10",100.1417,
"BEL","BCI","AMPLITUD","LTRENDIDX","M","2013-11",100.317,
"BEL","BCI","AMPLITUD","LTRENDIDX","M","2013-12",100.4277,
"BEL","BCI","AMPLITUD","LTRENDIDX","M","2014-01",100.5439,
"BEL","BCI","AMPLITUD","LTRENDIDX","M","2014-02",100.6476,
"BEL","BCI","AMPLITUD","LTRENDIDX","M","2014-03",100.6475,
"BEL","BCI","AMPLITUD","LTRENDIDX","M","2014-04",100.549,
"BEL","BCI","AMPLITUD","LTRENDIDX","M","2014-05",100.4182,
"BEL","BCI","AMPLITUD","LTRENDIDX","M","2014-06",100.3263,
"BEL","BCI","AMPLITUD","LTRENDIDX","M","2014-07",100.266,
"BEL","BCI","AMPLITUD","LTRENDIDX","M","2014-08",100.2791,
"BEL","BCI","AMPLITUD","LTRENDIDX","M","2014-09",100.3382,
"BEL","BCI","AMPLITUD","LTRENDIDX","M","2014-10",100.3697,
"BEL","BCI","AMPLITUD","LTRENDIDX","M","2014-11",100.2776,
"BEL","BCI","AMPLITUD","LTRENDIDX","M","2014-12",100.1024,
"BEL","BCI","AMPLITUD","LTRENDIDX","M","2015-01",100.0182,
"BEL","BCI","AMPLITUD","LTRENDIDX","M","2015-02",100.0315,
"BEL","BCI","AMPLITUD","LTRENDIDX","M","2015-03",100.1496,
"BEL","BCI","AMPLITUD","LTRENDIDX","M","2015-04",100.3306,
"BEL","BCI","AMPLITUD","LTRENDIDX","M","2015-05",100.5088,
"BEL","BCI","AMPLITUD","LTRENDIDX","M","2015-06",100.5918,
"BEL","BCI","AMPLITUD","LTRENDIDX","M","2015-07",100.5321,
"BEL","BCI","AMPLITUD","LTRENDIDX","M","2015-08",100.4585,
"BEL","BCI","AMPLITUD","LTRENDIDX","M","2015-09",100.4267,
"BEL","BCI","AMPLITUD","LTRENDIDX","M","2015-10",100.4802,
"BEL","BCI","AMPLITUD","LTRENDIDX","M","2015-11",100.5162,
"BEL","BCI","AMPLITUD","LTRENDIDX","M","2015-12",100.4461,
"BEL","BCI","AMPLITUD","LTRENDIDX","M","2016-01",100.2073,
"BEL","BCI","AMPLITUD","LTRENDIDX","M","2016-02",100.023,
"BEL","BCI","AMPLITUD","LTRENDIDX","M","2016-03",100.1182,
"BEL","BCI","AMPLITUD","LTRENDIDX","M","2016-04",100.3445,
"BEL","BCI","AMPLITUD","LTRENDIDX","M","2016-05",100.5607,
"BEL","BCI","AMPLITUD","LTRENDIDX","M","2016-06",100.7638,
"BEL","BCI","AMPLITUD","LTRENDIDX","M","2016-07",100.7178,
"BEL","BCI","AMPLITUD","LTRENDIDX","M","2016-08",100.5835,
"BEL","BCI","AMPLITUD","LTRENDIDX","M","2016-09",100.56,
"BEL","BCI","AMPLITUD","LTRENDIDX","M","2016-10",100.6026,
"BEL","BCI","AMPLITUD","LTRENDIDX","M","2016-11",100.6961,
"BEL","BCI","AMPLITUD","LTRENDIDX","M","2016-12",100.8244,
"BEL","BCI","AMPLITUD","LTRENDIDX","M","2017-01",100.8171,
"BEL","BCI","AMPLITUD","LTRENDIDX","M","2017-02",100.7327,
"BEL","BCI","AMPLITUD","LTRENDIDX","M","2017-03",100.7594,
"BEL","BCI","AMPLITUD","LTRENDIDX","M","2017-04",100.835,
"BEL","BCI","AMPLITUD","LTRENDIDX","M","2017-05",100.8226,
"BEL","BCI","AMPLITUD","LTRENDIDX","M","2017-06",100.6971,
"BEL","BCI","AMPLITUD","LTRENDIDX","M","2017-07",100.4972,
"HUN","BCI","AMPLITUD","LTRENDIDX","M","1996-01",100.0064,
"HUN","BCI","AMPLITUD","LTRENDIDX","M","1996-02",100.1142,
"HUN","BCI","AMPLITUD","LTRENDIDX","M","1996-03",100.1405,
"HUN","BCI","AMPLITUD","LTRENDIDX","M","1996-04",100.1221,
"HUN","BCI","AMPLITUD","LTRENDIDX","M","1996-05",100.168,
"HUN","BCI","AMPLITUD","LTRENDIDX","M","1996-06",100.1136,
"HUN","BCI","AMPLITUD","LTRENDIDX","M","1996-07",99.95427,
"HUN","BCI","AMPLITUD","LTRENDIDX","M","1996-08",99.80396,
"HUN","BCI","AMPLITUD","LTRENDIDX","M","1996-09",99.88181,
"HUN","BCI","AMPLITUD","LTRENDIDX","M","1996-10",100.2783,
"HUN","BCI","AMPLITUD","LTRENDIDX","M","1996-11",100.5703,
"HUN","BCI","AMPLITUD","LTRENDIDX","M","1996-12",100.5764,
"HUN","BCI","AMPLITUD","LTRENDIDX","M","1997-01",100.5263,
"HUN","BCI","AMPLITUD","LTRENDIDX","M","1997-02",100.555,
"HUN","BCI","AMPLITUD","LTRENDIDX","M","1997-03",100.5224,
"HUN","BCI","AMPLITUD","LTRENDIDX","M","1997-04",100.5229,
"HUN","BCI","AMPLITUD","LTRENDIDX","M","1997-05",100.8978,
"HUN","BCI","AMPLITUD","LTRENDIDX","M","1997-06",101.3143,
"HUN","BCI","AMPLITUD","LTRENDIDX","M","1997-07",101.6567,
"HUN","BCI","AMPLITUD","LTRENDIDX","M","1997-08",101.9184,
"HUN","BCI","AMPLITUD","LTRENDIDX","M","1997-09",102.0503,
"HUN","BCI","AMPLITUD","LTRENDIDX","M","1997-10",102.0073,
"HUN","BCI","AMPLITUD","LTRENDIDX","M","1997-11",101.923,
"HUN","BCI","AMPLITUD","LTRENDIDX","M","1997-12",101.8842,
"HUN","BCI","AMPLITUD","LTRENDIDX","M","1998-01",101.727,
"HUN","BCI","AMPLITUD","LTRENDIDX","M","1998-02",101.6708,
"HUN","BCI","AMPLITUD","LTRENDIDX","M","1998-03",101.7462,
"HUN","BCI","AMPLITUD","LTRENDIDX","M","1998-04",101.8891,
"HUN","BCI","AMPLITUD","LTRENDIDX","M","1998-05",101.674,
"HUN","BCI","AMPLITUD","LTRENDIDX","M","1998-06",101.3415,
"HUN","BCI","AMPLITUD","LTRENDIDX","M","1998-07",100.9964,
"HUN","BCI","AMPLITUD","LTRENDIDX","M","1998-08",100.6329,
"HUN","BCI","AMPLITUD","LTRENDIDX","M","1998-09",100.1719,
"HUN","BCI","AMPLITUD","LTRENDIDX","M","1998-10",99.59502,
"HUN","BCI","AMPLITUD","LTRENDIDX","M","1998-11",99.13575,
"HUN","BCI","AMPLITUD","LTRENDIDX","M","1998-12",98.95445,
"HUN","BCI","AMPLITUD","LTRENDIDX","M","1999-01",99.00218,
"HUN","BCI","AMPLITUD","LTRENDIDX","M","1999-02",98.89472,
"HUN","BCI","AMPLITUD","LTRENDIDX","M","1999-03",98.86343,
"HUN","BCI","AMPLITUD","LTRENDIDX","M","1999-04",98.61451,
"HUN","BCI","AMPLITUD","LTRENDIDX","M","1999-05",98.30122,
"HUN","BCI","AMPLITUD","LTRENDIDX","M","1999-06",98.38876,
"HUN","BCI","AMPLITUD","LTRENDIDX","M","1999-07",98.79625,
"HUN","BCI","AMPLITUD","LTRENDIDX","M","1999-08",99.28917,
"HUN","BCI","AMPLITUD","LTRENDIDX","M","1999-09",99.7056,
"HUN","BCI","AMPLITUD","LTRENDIDX","M","1999-10",99.98177,
"HUN","BCI","AMPLITUD","LTRENDIDX","M","1999-11",100.1964,
"HUN","BCI","AMPLITUD","LTRENDIDX","M","1999-12",100.314,
"HUN","BCI","AMPLITUD","LTRENDIDX","M","2000-01",100.3345,
"HUN","BCI","AMPLITUD","LTRENDIDX","M","2000-02",100.4261,
"HUN","BCI","AMPLITUD","LTRENDIDX","M","2000-03",100.5777,
"HUN","BCI","AMPLITUD","LTRENDIDX","M","2000-04",101.0451,
"HUN","BCI","AMPLITUD","LTRENDIDX","M","2000-05",101.3355,
"HUN","BCI","AMPLITUD","LTRENDIDX","M","2000-06",101.276,
"HUN","BCI","AMPLITUD","LTRENDIDX","M","2000-07",101.1074,
"HUN","BCI","AMPLITUD","LTRENDIDX","M","2000-08",101.0059,
"HUN","BCI","AMPLITUD","LTRENDIDX","M","2000-09",101.0217,
"HUN","BCI","AMPLITUD","LTRENDIDX","M","2000-10",101.1609,
"HUN","BCI","AMPLITUD","LTRENDIDX","M","2000-11",101.312,
"HUN","BCI","AMPLITUD","LTRENDIDX","M","2000-12",101.2414,
"HUN","BCI","AMPLITUD","LTRENDIDX","M","2001-01",101.0184,
"HUN","BCI","AMPLITUD","LTRENDIDX","M","2001-02",100.9316,
"HUN","BCI","AMPLITUD","LTRENDIDX","M","2001-03",100.9256,
"HUN","BCI","AMPLITUD","LTRENDIDX","M","2001-04",100.7061,
"HUN","BCI","AMPLITUD","LTRENDIDX","M","2001-05",100.2649,
"HUN","BCI","AMPLITUD","LTRENDIDX","M","2001-06",99.8111,
"HUN","BCI","AMPLITUD","LTRENDIDX","M","2001-07",99.44453,
"HUN","BCI","AMPLITUD","LTRENDIDX","M","2001-08",99.16751,
"HUN","BCI","AMPLITUD","LTRENDIDX","M","2001-09",98.82919,
"HUN","BCI","AMPLITUD","LTRENDIDX","M","2001-10",98.42168,
"HUN","BCI","AMPLITUD","LTRENDIDX","M","2001-11",98.16881,
"HUN","BCI","AMPLITUD","LTRENDIDX","M","2001-12",98.20383,
"HUN","BCI","AMPLITUD","LTRENDIDX","M","2002-01",98.28477,
"HUN","BCI","AMPLITUD","LTRENDIDX","M","2002-02",98.37374,
"HUN","BCI","AMPLITUD","LTRENDIDX","M","2002-03",98.51771,
"HUN","BCI","AMPLITUD","LTRENDIDX","M","2002-04",98.83627,
"HUN","BCI","AMPLITUD","LTRENDIDX","M","2002-05",99.35851,
"HUN","BCI","AMPLITUD","LTRENDIDX","M","2002-06",99.5892,
"HUN","BCI","AMPLITUD","LTRENDIDX","M","2002-07",99.65716,
"HUN","BCI","AMPLITUD","LTRENDIDX","M","2002-08",99.7582,
"HUN","BCI","AMPLITUD","LTRENDIDX","M","2002-09",99.76064,
"HUN","BCI","AMPLITUD","LTRENDIDX","M","2002-10",99.71877,
"HUN","BCI","AMPLITUD","LTRENDIDX","M","2002-11",99.60159,
"HUN","BCI","AMPLITUD","LTRENDIDX","M","2002-12",99.35387,
"HUN","BCI","AMPLITUD","LTRENDIDX","M","2003-01",99.09019,
"HUN","BCI","AMPLITUD","LTRENDIDX","M","2003-02",98.92012,
"HUN","BCI","AMPLITUD","LTRENDIDX","M","2003-03",98.82787,
"HUN","BCI","AMPLITUD","LTRENDIDX","M","2003-04",98.91921,
"HUN","BCI","AMPLITUD","LTRENDIDX","M","2003-05",99.03368,
"HUN","BCI","AMPLITUD","LTRENDIDX","M","2003-06",99.17162,
"HUN","BCI","AMPLITUD","LTRENDIDX","M","2003-07",99.3798,
"HUN","BCI","AMPLITUD","LTRENDIDX","M","2003-08",99.383,
"HUN","BCI","AMPLITUD","LTRENDIDX","M","2003-09",99.39357,
"HUN","BCI","AMPLITUD","LTRENDIDX","M","2003-10",99.72418,
"HUN","BCI","AMPLITUD","LTRENDIDX","M","2003-11",100.2012,
"HUN","BCI","AMPLITUD","LTRENDIDX","M","2003-12",100.2948,
"HUN","BCI","AMPLITUD","LTRENDIDX","M","2004-01",100.1017,
"HUN","BCI","AMPLITUD","LTRENDIDX","M","2004-02",99.98209,
"HUN","BCI","AMPLITUD","LTRENDIDX","M","2004-03",100.139,
"HUN","BCI","AMPLITUD","LTRENDIDX","M","2004-04",100.2764,
"HUN","BCI","AMPLITUD","LTRENDIDX","M","2004-05",100.0765,
"HUN","BCI","AMPLITUD","LTRENDIDX","M","2004-06",99.9645,
"HUN","BCI","AMPLITUD","LTRENDIDX","M","2004-07",99.77249,
"HUN","BCI","AMPLITUD","LTRENDIDX","M","2004-08",99.75386,
"HUN","BCI","AMPLITUD","LTRENDIDX","M","2004-09",99.68079,
"HUN","BCI","AMPLITUD","LTRENDIDX","M","2004-10",99.38136,
"HUN","BCI","AMPLITUD","LTRENDIDX","M","2004-11",99.06228,
"HUN","BCI","AMPLITUD","LTRENDIDX","M","2004-12",98.97456,
"HUN","BCI","AMPLITUD","LTRENDIDX","M","2005-01",98.71494,
"HUN","BCI","AMPLITUD","LTRENDIDX","M","2005-02",98.3121,
"HUN","BCI","AMPLITUD","LTRENDIDX","M","2005-03",98.02546,
"HUN","BCI","AMPLITUD","LTRENDIDX","M","2005-04",97.80707,
"HUN","BCI","AMPLITUD","LTRENDIDX","M","2005-05",97.72264,
"HUN","BCI","AMPLITUD","LTRENDIDX","M","2005-06",97.93958,
"HUN","BCI","AMPLITUD","LTRENDIDX","M","2005-07",98.27367,
"HUN","BCI","AMPLITUD","LTRENDIDX","M","2005-08",98.66352,
"HUN","BCI","AMPLITUD","LTRENDIDX","M","2005-09",99.14359,
"HUN","BCI","AMPLITUD","LTRENDIDX","M","2005-10",99.39681,
"HUN","BCI","AMPLITUD","LTRENDIDX","M","2005-11",99.48426,
"HUN","BCI","AMPLITUD","LTRENDIDX","M","2005-12",99.59193,
"HUN","BCI","AMPLITUD","LTRENDIDX","M","2006-01",99.7128,
"HUN","BCI","AMPLITUD","LTRENDIDX","M","2006-02",100.0001,
"HUN","BCI","AMPLITUD","LTRENDIDX","M","2006-03",100.3776,
"HUN","BCI","AMPLITUD","LTRENDIDX","M","2006-04",100.5979,
"HUN","BCI","AMPLITUD","LTRENDIDX","M","2006-05",100.5562,
"HUN","BCI","AMPLITUD","LTRENDIDX","M","2006-06",100.3771,
"HUN","BCI","AMPLITUD","LTRENDIDX","M","2006-07",100.3224,
"HUN","BCI","AMPLITUD","LTRENDIDX","M","2006-08",100.3359,
"HUN","BCI","AMPLITUD","LTRENDIDX","M","2006-09",100.5209,
"HUN","BCI","AMPLITUD","LTRENDIDX","M","2006-10",100.6658,
"HUN","BCI","AMPLITUD","LTRENDIDX","M","2006-11",100.6545,
"HUN","BCI","AMPLITUD","LTRENDIDX","M","2006-12",100.6284,
"HUN","BCI","AMPLITUD","LTRENDIDX","M","2007-01",100.7678,
"HUN","BCI","AMPLITUD","LTRENDIDX","M","2007-02",100.8756,
"HUN","BCI","AMPLITUD","LTRENDIDX","M","2007-03",100.9107,
"HUN","BCI","AMPLITUD","LTRENDIDX","M","2007-04",100.9375,
"HUN","BCI","AMPLITUD","LTRENDIDX","M","2007-05",101.1099,
"HUN","BCI","AMPLITUD","LTRENDIDX","M","2007-06",101.1456,
"HUN","BCI","AMPLITUD","LTRENDIDX","M","2007-07",100.979,
"HUN","BCI","AMPLITUD","LTRENDIDX","M","2007-08",100.668,
"HUN","BCI","AMPLITUD","LTRENDIDX","M","2007-09",100.2535,
"HUN","BCI","AMPLITUD","LTRENDIDX","M","2007-10",100.051,
"HUN","BCI","AMPLITUD","LTRENDIDX","M","2007-11",100.1625,
"HUN","BCI","AMPLITUD","LTRENDIDX","M","2007-12",100.065,
"HUN","BCI","AMPLITUD","LTRENDIDX","M","2008-01",99.84277,
"HUN","BCI","AMPLITUD","LTRENDIDX","M","2008-02",99.70887,
"HUN","BCI","AMPLITUD","LTRENDIDX","M","2008-03",99.63213,
"HUN","BCI","AMPLITUD","LTRENDIDX","M","2008-04",99.60545,
"HUN","BCI","AMPLITUD","LTRENDIDX","M","2008-05",99.74176,
"HUN","BCI","AMPLITUD","LTRENDIDX","M","2008-06",99.70544,
"HUN","BCI","AMPLITUD","LTRENDIDX","M","2008-07",99.59367,
"HUN","BCI","AMPLITUD","LTRENDIDX","M","2008-08",99.22397,
"HUN","BCI","AMPLITUD","LTRENDIDX","M","2008-09",98.53387,
"HUN","BCI","AMPLITUD","LTRENDIDX","M","2008-10",97.50903,
"HUN","BCI","AMPLITUD","LTRENDIDX","M","2008-11",96.33568,
"HUN","BCI","AMPLITUD","LTRENDIDX","M","2008-12",95.36933,
"HUN","BCI","AMPLITUD","LTRENDIDX","M","2009-01",94.71431,
"HUN","BCI","AMPLITUD","LTRENDIDX","M","2009-02",94.34518,
"HUN","BCI","AMPLITUD","LTRENDIDX","M","2009-03",94.24338,
"HUN","BCI","AMPLITUD","LTRENDIDX","M","2009-04",94.63182,
"HUN","BCI","AMPLITUD","LTRENDIDX","M","2009-05",95.38553,
"HUN","BCI","AMPLITUD","LTRENDIDX","M","2009-06",96.08475,
"HUN","BCI","AMPLITUD","LTRENDIDX","M","2009-07",96.75911,
"HUN","BCI","AMPLITUD","LTRENDIDX","M","2009-08",97.20753,
"HUN","BCI","AMPLITUD","LTRENDIDX","M","2009-09",97.43764,
"HUN","BCI","AMPLITUD","LTRENDIDX","M","2009-10",97.659,
"HUN","BCI","AMPLITUD","LTRENDIDX","M","2009-11",97.95695,
"HUN","BCI","AMPLITUD","LTRENDIDX","M","2009-12",98.51299,
"HUN","BCI","AMPLITUD","LTRENDIDX","M","2010-01",99.0187,
"HUN","BCI","AMPLITUD","LTRENDIDX","M","2010-02",99.3295,
"HUN","BCI","AMPLITUD","LTRENDIDX","M","2010-03",99.61182,
"HUN","BCI","AMPLITUD","LTRENDIDX","M","2010-04",99.68661,
"HUN","BCI","AMPLITUD","LTRENDIDX","M","2010-05",99.84165,
"HUN","BCI","AMPLITUD","LTRENDIDX","M","2010-06",99.95014,
"HUN","BCI","AMPLITUD","LTRENDIDX","M","2010-07",100.1607,
"HUN","BCI","AMPLITUD","LTRENDIDX","M","2010-08",100.4238,
"HUN","BCI","AMPLITUD","LTRENDIDX","M","2010-09",100.5696,
"HUN","BCI","AMPLITUD","LTRENDIDX","M","2010-10",100.7551,
"HUN","BCI","AMPLITUD","LTRENDIDX","M","2010-11",101.1455,
"HUN","BCI","AMPLITUD","LTRENDIDX","M","2010-12",101.5559,
"HUN","BCI","AMPLITUD","LTRENDIDX","M","2011-01",101.8482,
"HUN","BCI","AMPLITUD","LTRENDIDX","M","2011-02",101.9818,
"HUN","BCI","AMPLITUD","LTRENDIDX","M","2011-03",101.9129,
"HUN","BCI","AMPLITUD","LTRENDIDX","M","2011-04",101.7298,
"HUN","BCI","AMPLITUD","LTRENDIDX","M","2011-05",101.1653,
"HUN","BCI","AMPLITUD","LTRENDIDX","M","2011-06",100.6626,
"HUN","BCI","AMPLITUD","LTRENDIDX","M","2011-07",100.1354,
"HUN","BCI","AMPLITUD","LTRENDIDX","M","2011-08",99.7388,
"HUN","BCI","AMPLITUD","LTRENDIDX","M","2011-09",99.47511,
"HUN","BCI","AMPLITUD","LTRENDIDX","M","2011-10",99.20642,
"HUN","BCI","AMPLITUD","LTRENDIDX","M","2011-11",99.07182,
"HUN","BCI","AMPLITUD","LTRENDIDX","M","2011-12",99.16085,
"HUN","BCI","AMPLITUD","LTRENDIDX","M","2012-01",99.4369,
"HUN","BCI","AMPLITUD","LTRENDIDX","M","2012-02",99.87861,
"HUN","BCI","AMPLITUD","LTRENDIDX","M","2012-03",100.1845,
"HUN","BCI","AMPLITUD","LTRENDIDX","M","2012-04",100.0228,
"HUN","BCI","AMPLITUD","LTRENDIDX","M","2012-05",99.43572,
"HUN","BCI","AMPLITUD","LTRENDIDX","M","2012-06",99.00131,
"HUN","BCI","AMPLITUD","LTRENDIDX","M","2012-07",98.7692,
"HUN","BCI","AMPLITUD","LTRENDIDX","M","2012-08",98.59889,
"HUN","BCI","AMPLITUD","LTRENDIDX","M","2012-09",98.62239,
"HUN","BCI","AMPLITUD","LTRENDIDX","M","2012-10",98.83839,
"HUN","BCI","AMPLITUD","LTRENDIDX","M","2012-11",98.97355,
"HUN","BCI","AMPLITUD","LTRENDIDX","M","2012-12",99.07304,
"HUN","BCI","AMPLITUD","LTRENDIDX","M","2013-01",99.11572,
"HUN","BCI","AMPLITUD","LTRENDIDX","M","2013-02",98.89547,
"HUN","BCI","AMPLITUD","LTRENDIDX","M","2013-03",98.57376,
"HUN","BCI","AMPLITUD","LTRENDIDX","M","2013-04",98.43905,
"HUN","BCI","AMPLITUD","LTRENDIDX","M","2013-05",98.84445,
"HUN","BCI","AMPLITUD","LTRENDIDX","M","2013-06",99.28632,
"HUN","BCI","AMPLITUD","LTRENDIDX","M","2013-07",99.4966,
"HUN","BCI","AMPLITUD","LTRENDIDX","M","2013-08",99.73073,
"HUN","BCI","AMPLITUD","LTRENDIDX","M","2013-09",100.0964,
"HUN","BCI","AMPLITUD","LTRENDIDX","M","2013-10",100.4923,
"HUN","BCI","AMPLITUD","LTRENDIDX","M","2013-11",100.9529,
"HUN","BCI","AMPLITUD","LTRENDIDX","M","2013-12",101.3295,
"HUN","BCI","AMPLITUD","LTRENDIDX","M","2014-01",101.5207,
"HUN","BCI","AMPLITUD","LTRENDIDX","M","2014-02",101.7299,
"HUN","BCI","AMPLITUD","LTRENDIDX","M","2014-03",101.8511,
"HUN","BCI","AMPLITUD","LTRENDIDX","M","2014-04",101.8934,
"HUN","BCI","AMPLITUD","LTRENDIDX","M","2014-05",101.649,
"HUN","BCI","AMPLITUD","LTRENDIDX","M","2014-06",101.2461,
"HUN","BCI","AMPLITUD","LTRENDIDX","M","2014-07",100.9513,
"HUN","BCI","AMPLITUD","LTRENDIDX","M","2014-08",100.9774,
"HUN","BCI","AMPLITUD","LTRENDIDX","M","2014-09",101.2789,
"HUN","BCI","AMPLITUD","LTRENDIDX","M","2014-10",101.6991,
"HUN","BCI","AMPLITUD","LTRENDIDX","M","2014-11",101.8409,
"HUN","BCI","AMPLITUD","LTRENDIDX","M","2014-12",101.6837,
"HUN","BCI","AMPLITUD","LTRENDIDX","M","2015-01",101.5184,
"HUN","BCI","AMPLITUD","LTRENDIDX","M","2015-02",101.5094,
"HUN","BCI","AMPLITUD","LTRENDIDX","M","2015-03",101.5913,
"HUN","BCI","AMPLITUD","LTRENDIDX","M","2015-04",101.5924,
"HUN","BCI","AMPLITUD","LTRENDIDX","M","2015-05",101.4993,
"HUN","BCI","AMPLITUD","LTRENDIDX","M","2015-06",101.5703,
"HUN","BCI","AMPLITUD","LTRENDIDX","M","2015-07",101.6609,
"HUN","BCI","AMPLITUD","LTRENDIDX","M","2015-08",101.7672,
"HUN","BCI","AMPLITUD","LTRENDIDX","M","2015-09",101.8581,
"HUN","BCI","AMPLITUD","LTRENDIDX","M","2015-10",101.8272,
"HUN","BCI","AMPLITUD","LTRENDIDX","M","2015-11",101.7278,
"HUN","BCI","AMPLITUD","LTRENDIDX","M","2015-12",101.5734,
"HUN","BCI","AMPLITUD","LTRENDIDX","M","2016-01",101.457,
"HUN","BCI","AMPLITUD","LTRENDIDX","M","2016-02",101.3205,
"HUN","BCI","AMPLITUD","LTRENDIDX","M","2016-03",101.2446,
"HUN","BCI","AMPLITUD","LTRENDIDX","M","2016-04",101.201,
"HUN","BCI","AMPLITUD","LTRENDIDX","M","2016-05",101.3394,
"HUN","BCI","AMPLITUD","LTRENDIDX","M","2016-06",101.5322,
"HUN","BCI","AMPLITUD","LTRENDIDX","M","2016-07",101.6199,
"HUN","BCI","AMPLITUD","LTRENDIDX","M","2016-08",101.391,
"HUN","BCI","AMPLITUD","LTRENDIDX","M","2016-09",101.1668,
"HUN","BCI","AMPLITUD","LTRENDIDX","M","2016-10",101.0699,
"HUN","BCI","AMPLITUD","LTRENDIDX","M","2016-11",101.1523,
"HUN","BCI","AMPLITUD","LTRENDIDX","M","2016-12",101.2814,
"HUN","BCI","AMPLITUD","LTRENDIDX","M","2017-01",101.326,
"HUN","BCI","AMPLITUD","LTRENDIDX","M","2017-02",101.258,
"HUN","BCI","AMPLITUD","LTRENDIDX","M","2017-03",101.223,
"HUN","BCI","AMPLITUD","LTRENDIDX","M","2017-04",101.3775,
"HUN","BCI","AMPLITUD","LTRENDIDX","M","2017-05",101.5786,
"HUN","BCI","AMPLITUD","LTRENDIDX","M","2017-06",101.9206,
"HUN","BCI","AMPLITUD","LTRENDIDX","M","2017-07",102.3611,
"LUX","BCI","AMPLITUD","LTRENDIDX","M","1983-01",96.8485,
"LUX","BCI","AMPLITUD","LTRENDIDX","M","1983-02",97.57245,
"LUX","BCI","AMPLITUD","LTRENDIDX","M","1983-03",98.28214,
"LUX","BCI","AMPLITUD","LTRENDIDX","M","1983-04",98.56912,
"LUX","BCI","AMPLITUD","LTRENDIDX","M","1983-05",98.68236,
"LUX","BCI","AMPLITUD","LTRENDIDX","M","1983-06",98.8122,
"LUX","BCI","AMPLITUD","LTRENDIDX","M","1983-07",98.93467,
"LUX","BCI","AMPLITUD","LTRENDIDX","M","1983-08",99.1106,
"LUX","BCI","AMPLITUD","LTRENDIDX","M","1983-09",99.40577,
"LUX","BCI","AMPLITUD","LTRENDIDX","M","1983-10",99.93006,
"LUX","BCI","AMPLITUD","LTRENDIDX","M","1983-11",100.6287,
"LUX","BCI","AMPLITUD","LTRENDIDX","M","1983-12",101.1444,
"LUX","BCI","AMPLITUD","LTRENDIDX","M","1984-01",101.3649,
"LUX","BCI","AMPLITUD","LTRENDIDX","M","1984-02",101.0355,
"LUX","BCI","AMPLITUD","LTRENDIDX","M","1984-03",100.9994,
"LUX","BCI","AMPLITUD","LTRENDIDX","M","1984-04",101.422,
"LUX","BCI","AMPLITUD","LTRENDIDX","M","1984-05",101.8276,
"LUX","BCI","AMPLITUD","LTRENDIDX","M","1984-06",102.0079,
"LUX","BCI","AMPLITUD","LTRENDIDX","M","1984-07",102.0022,
"LUX","BCI","AMPLITUD","LTRENDIDX","M","1984-08",101.9181,
"LUX","BCI","AMPLITUD","LTRENDIDX","M","1984-09",101.9363,
"LUX","BCI","AMPLITUD","LTRENDIDX","M","1984-10",101.9662,
"LUX","BCI","AMPLITUD","LTRENDIDX","M","1984-11",102.1002,
"LUX","BCI","AMPLITUD","LTRENDIDX","M","1984-12",102.3264,
"LUX","BCI","AMPLITUD","LTRENDIDX","M","1985-01",102.2232,
"LUX","BCI","AMPLITUD","LTRENDIDX","M","1985-02",101.7672,
"LUX","BCI","AMPLITUD","LTRENDIDX","M","1985-03",101.4375,
"LUX","BCI","AMPLITUD","LTRENDIDX","M","1985-04",101.2146,
"LUX","BCI","AMPLITUD","LTRENDIDX","M","1985-05",101.1298,
"LUX","BCI","AMPLITUD","LTRENDIDX","M","1985-06",101.2432,
"LUX","BCI","AMPLITUD","LTRENDIDX","M","1985-07",101.5478,
"LUX","BCI","AMPLITUD","LTRENDIDX","M","1985-08",101.9211,
"LUX","BCI","AMPLITUD","LTRENDIDX","M","1985-09",102.0002,
"LUX","BCI","AMPLITUD","LTRENDIDX","M","1985-10",101.8143,
"LUX","BCI","AMPLITUD","LTRENDIDX","M","1985-11",101.5114,
"LUX","BCI","AMPLITUD","LTRENDIDX","M","1985-12",101.2101,
"LUX","BCI","AMPLITUD","LTRENDIDX","M","1986-01",101.2631,
"LUX","BCI","AMPLITUD","LTRENDIDX","M","1986-02",101.2963,
"LUX","BCI","AMPLITUD","LTRENDIDX","M","1986-03",101.3925,
"LUX","BCI","AMPLITUD","LTRENDIDX","M","1986-04",101.3238,
"LUX","BCI","AMPLITUD","LTRENDIDX","M","1986-05",101.0095,
"LUX","BCI","AMPLITUD","LTRENDIDX","M","1986-06",100.4172,
"LUX","BCI","AMPLITUD","LTRENDIDX","M","1986-07",100.032,
"LUX","BCI","AMPLITUD","LTRENDIDX","M","1986-08",99.78623,
"LUX","BCI","AMPLITUD","LTRENDIDX","M","1986-09",99.79285,
"LUX","BCI","AMPLITUD","LTRENDIDX","M","1986-10",99.90829,
"LUX","BCI","AMPLITUD","LTRENDIDX","M","1986-11",100.035,
"LUX","BCI","AMPLITUD","LTRENDIDX","M","1986-12",99.8515,
"LUX","BCI","AMPLITUD","LTRENDIDX","M","1987-01",99.25248,
"LUX","BCI","AMPLITUD","LTRENDIDX","M","1987-02",98.49371,
"LUX","BCI","AMPLITUD","LTRENDIDX","M","1987-03",98.31432,
"LUX","BCI","AMPLITUD","LTRENDIDX","M","1987-04",98.60827,
"LUX","BCI","AMPLITUD","LTRENDIDX","M","1987-05",99.19644,
"LUX","BCI","AMPLITUD","LTRENDIDX","M","1987-06",99.54556,
"LUX","BCI","AMPLITUD","LTRENDIDX","M","1987-07",99.63596,
"LUX","BCI","AMPLITUD","LTRENDIDX","M","1987-08",99.67693,
"LUX","BCI","AMPLITUD","LTRENDIDX","M","1987-09",99.77145,
"LUX","BCI","AMPLITUD","LTRENDIDX","M","1987-10",100.017,
"LUX","BCI","AMPLITUD","LTRENDIDX","M","1987-11",100.5141,
"LUX","BCI","AMPLITUD","LTRENDIDX","M","1987-12",101.1981,
"LUX","BCI","AMPLITUD","LTRENDIDX","M","1988-01",101.5867,
"LUX","BCI","AMPLITUD","LTRENDIDX","M","1988-02",101.8356,
"LUX","BCI","AMPLITUD","LTRENDIDX","M","1988-03",102.0408,
"LUX","BCI","AMPLITUD","LTRENDIDX","M","1988-04",102.1824,
"LUX","BCI","AMPLITUD","LTRENDIDX","M","1988-05",102.2165,
"LUX","BCI","AMPLITUD","LTRENDIDX","M","1988-06",102.3452,
"LUX","BCI","AMPLITUD","LTRENDIDX","M","1988-07",102.3775,
"LUX","BCI","AMPLITUD","LTRENDIDX","M","1988-08",102.283,
"LUX","BCI","AMPLITUD","LTRENDIDX","M","1988-09",102.1858,
"LUX","BCI","AMPLITUD","LTRENDIDX","M","1988-10",102.1752,
"LUX","BCI","AMPLITUD","LTRENDIDX","M","1988-11",102.1323,
"LUX","BCI","AMPLITUD","LTRENDIDX","M","1988-12",102.1406,
"LUX","BCI","AMPLITUD","LTRENDIDX","M","1989-01",102.2703,
"LUX","BCI","AMPLITUD","LTRENDIDX","M","1989-02",102.5452,
"LUX","BCI","AMPLITUD","LTRENDIDX","M","1989-03",102.7992,
"LUX","BCI","AMPLITUD","LTRENDIDX","M","1989-04",102.8791,
"LUX","BCI","AMPLITUD","LTRENDIDX","M","1989-05",102.6343,
"LUX","BCI","AMPLITUD","LTRENDIDX","M","1989-06",102.1988,
"LUX","BCI","AMPLITUD","LTRENDIDX","M","1989-07",101.4619,
"LUX","BCI","AMPLITUD","LTRENDIDX","M","1989-08",100.7493,
"LUX","BCI","AMPLITUD","LTRENDIDX","M","1989-09",100.2712,
"LUX","BCI","AMPLITUD","LTRENDIDX","M","1989-10",100.1647,
"LUX","BCI","AMPLITUD","LTRENDIDX","M","1989-11",100.2249,
"LUX","BCI","AMPLITUD","LTRENDIDX","M","1989-12",100.3207,
"LUX","BCI","AMPLITUD","LTRENDIDX","M","1990-01",100.6049,
"LUX","BCI","AMPLITUD","LTRENDIDX","M","1990-02",101.0833,
"LUX","BCI","AMPLITUD","LTRENDIDX","M","1990-03",101.3955,
"LUX","BCI","AMPLITUD","LTRENDIDX","M","1990-04",101.4182,
"LUX","BCI","AMPLITUD","LTRENDIDX","M","1990-05",101.211,
"LUX","BCI","AMPLITUD","LTRENDIDX","M","1990-06",101.1223,
"LUX","BCI","AMPLITUD","LTRENDIDX","M","1990-07",101.1595,
"LUX","BCI","AMPLITUD","LTRENDIDX","M","1990-08",101.2704,
"LUX","BCI","AMPLITUD","LTRENDIDX","M","1990-09",101.3322,
"LUX","BCI","AMPLITUD","LTRENDIDX","M","1990-10",101.4139,
"LUX","BCI","AMPLITUD","LTRENDIDX","M","1990-11",101.4569,
"LUX","BCI","AMPLITUD","LTRENDIDX","M","1990-12",101.3481,
"LUX","BCI","AMPLITUD","LTRENDIDX","M","1991-01",101.1088,
"LUX","BCI","AMPLITUD","LTRENDIDX","M","1991-02",100.7199,
"LUX","BCI","AMPLITUD","LTRENDIDX","M","1991-03",99.89754,
"LUX","BCI","AMPLITUD","LTRENDIDX","M","1991-04",98.73936,
"LUX","BCI","AMPLITUD","LTRENDIDX","M","1991-05",97.98022,
"LUX","BCI","AMPLITUD","LTRENDIDX","M","1991-06",97.74093,
"LUX","BCI","AMPLITUD","LTRENDIDX","M","1991-07",97.72037,
"LUX","BCI","AMPLITUD","LTRENDIDX","M","1991-08",97.76984,
"LUX","BCI","AMPLITUD","LTRENDIDX","M","1991-09",97.70749,
"LUX","BCI","AMPLITUD","LTRENDIDX","M","1991-10",97.57803,
"LUX","BCI","AMPLITUD","LTRENDIDX","M","1991-11",97.4961,
"LUX","BCI","AMPLITUD","LTRENDIDX","M","1991-12",97.4149,
"LUX","BCI","AMPLITUD","LTRENDIDX","M","1992-01",97.31121,
"LUX","BCI","AMPLITUD","LTRENDIDX","M","1992-02",97.26662,
"LUX","BCI","AMPLITUD","LTRENDIDX","M","1992-03",97.30061,
"LUX","BCI","AMPLITUD","LTRENDIDX","M","1992-04",97.37654,
"LUX","BCI","AMPLITUD","LTRENDIDX","M","1992-05",97.47066,
"LUX","BCI","AMPLITUD","LTRENDIDX","M","1992-06",97.85701,
"LUX","BCI","AMPLITUD","LTRENDIDX","M","1992-07",98.3819,
"LUX","BCI","AMPLITUD","LTRENDIDX","M","1992-08",98.83781,
"LUX","BCI","AMPLITUD","LTRENDIDX","M","1992-09",99.10845,
"LUX","BCI","AMPLITUD","LTRENDIDX","M","1992-10",99.06078,
"LUX","BCI","AMPLITUD","LTRENDIDX","M","1992-11",98.59644,
"LUX","BCI","AMPLITUD","LTRENDIDX","M","1992-12",97.91848,
"LUX","BCI","AMPLITUD","LTRENDIDX","M","1993-01",97.66072,
"LUX","BCI","AMPLITUD","LTRENDIDX","M","1993-02",97.76186,
"LUX","BCI","AMPLITUD","LTRENDIDX","M","1993-03",98.22568,
"LUX","BCI","AMPLITUD","LTRENDIDX","M","1993-04",98.64635,
"LUX","BCI","AMPLITUD","LTRENDIDX","M","1993-05",98.83971,
"LUX","BCI","AMPLITUD","LTRENDIDX","M","1993-06",98.78341,
"LUX","BCI","AMPLITUD","LTRENDIDX","M","1993-07",98.62973,
"LUX","BCI","AMPLITUD","LTRENDIDX","M","1993-08",98.34949,
"LUX","BCI","AMPLITUD","LTRENDIDX","M","1993-09",98.23369,
"LUX","BCI","AMPLITUD","LTRENDIDX","M","1993-10",98.2589,
"LUX","BCI","AMPLITUD","LTRENDIDX","M","1993-11",98.39639,
"LUX","BCI","AMPLITUD","LTRENDIDX","M","1993-12",98.68988,
"LUX","BCI","AMPLITUD","LTRENDIDX","M","1994-01",98.96358,
"LUX","BCI","AMPLITUD","LTRENDIDX","M","1994-02",99.22436,
"LUX","BCI","AMPLITUD","LTRENDIDX","M","1994-03",99.46538,
"LUX","BCI","AMPLITUD","LTRENDIDX","M","1994-04",99.779,
"LUX","BCI","AMPLITUD","LTRENDIDX","M","1994-05",100.1157,
"LUX","BCI","AMPLITUD","LTRENDIDX","M","1994-06",100.3055,
"LUX","BCI","AMPLITUD","LTRENDIDX","M","1994-07",100.5589,
"LUX","BCI","AMPLITUD","LTRENDIDX","M","1994-08",100.89,
"LUX","BCI","AMPLITUD","LTRENDIDX","M","1994-09",101.3791,
"LUX","BCI","AMPLITUD","LTRENDIDX","M","1994-10",101.8931,
"LUX","BCI","AMPLITUD","LTRENDIDX","M","1994-11",102.369,
"LUX","BCI","AMPLITUD","LTRENDIDX","M","1994-12",102.8671,
"LUX","BCI","AMPLITUD","LTRENDIDX","M","1995-01",103.4044,
"LUX","BCI","AMPLITUD","LTRENDIDX","M","1995-02",103.7272,
"LUX","BCI","AMPLITUD","LTRENDIDX","M","1995-03",103.9844,
"LUX","BCI","AMPLITUD","LTRENDIDX","M","1995-04",104.3666,
"LUX","BCI","AMPLITUD","LTRENDIDX","M","1995-05",104.3592,
"LUX","BCI","AMPLITUD","LTRENDIDX","M","1995-06",103.9705,
"LUX","BCI","AMPLITUD","LTRENDIDX","M","1995-07",103.4045,
"LUX","BCI","AMPLITUD","LTRENDIDX","M","1995-08",102.6116,
"LUX","BCI","AMPLITUD","LTRENDIDX","M","1995-09",101.9195,
"LUX","BCI","AMPLITUD","LTRENDIDX","M","1995-10",101.2925,
"LUX","BCI","AMPLITUD","LTRENDIDX","M","1995-11",100.7664,
"LUX","BCI","AMPLITUD","LTRENDIDX","M","1995-12",100.018,
"LUX","BCI","AMPLITUD","LTRENDIDX","M","1996-01",99.39482,
"LUX","BCI","AMPLITUD","LTRENDIDX","M","1996-02",99.01353,
"LUX","BCI","AMPLITUD","LTRENDIDX","M","1996-03",98.59745,
"LUX","BCI","AMPLITUD","LTRENDIDX","M","1996-04",98.14124,
"LUX","BCI","AMPLITUD","LTRENDIDX","M","1996-05",97.96619,
"LUX","BCI","AMPLITUD","LTRENDIDX","M","1996-06",97.88805,
"LUX","BCI","AMPLITUD","LTRENDIDX","M","1996-07",98.12643,
"LUX","BCI","AMPLITUD","LTRENDIDX","M","1996-08",98.54548,
"LUX","BCI","AMPLITUD","LTRENDIDX","M","1996-09",98.81489,
"LUX","BCI","AMPLITUD","LTRENDIDX","M","1996-10",99.09895,
"LUX","BCI","AMPLITUD","LTRENDIDX","M","1996-11",99.46503,
"LUX","BCI","AMPLITUD","LTRENDIDX","M","1996-12",100.0118,
"LUX","BCI","AMPLITUD","LTRENDIDX","M","1997-01",100.3614,
"LUX","BCI","AMPLITUD","LTRENDIDX","M","1997-02",100.543,
"LUX","BCI","AMPLITUD","LTRENDIDX","M","1997-03",100.6559,
"LUX","BCI","AMPLITUD","LTRENDIDX","M","1997-04",100.8426,
"LUX","BCI","AMPLITUD","LTRENDIDX","M","1997-05",101.1114,
"LUX","BCI","AMPLITUD","LTRENDIDX","M","1997-06",101.5751,
"LUX","BCI","AMPLITUD","LTRENDIDX","M","1997-07",102.1436,
"LUX","BCI","AMPLITUD","LTRENDIDX","M","1997-08",102.8716,
"LUX","BCI","AMPLITUD","LTRENDIDX","M","1997-09",103.506,
"LUX","BCI","AMPLITUD","LTRENDIDX","M","1997-10",103.8278,
"LUX","BCI","AMPLITUD","LTRENDIDX","M","1997-11",103.9709,
"LUX","BCI","AMPLITUD","LTRENDIDX","M","1997-12",103.9715,
"LUX","BCI","AMPLITUD","LTRENDIDX","M","1998-01",103.7538,
"LUX","BCI","AMPLITUD","LTRENDIDX","M","1998-02",103.5158,
"LUX","BCI","AMPLITUD","LTRENDIDX","M","1998-03",103.3547,
"LUX","BCI","AMPLITUD","LTRENDIDX","M","1998-04",103.2725,
"LUX","BCI","AMPLITUD","LTRENDIDX","M","1998-05",103.1954,
"LUX","BCI","AMPLITUD","LTRENDIDX","M","1998-06",103.1598,
"LUX","BCI","AMPLITUD","LTRENDIDX","M","1998-07",102.8987,
"LUX","BCI","AMPLITUD","LTRENDIDX","M","1998-08",102.458,
"LUX","BCI","AMPLITUD","LTRENDIDX","M","1998-09",101.8258,
"LUX","BCI","AMPLITUD","LTRENDIDX","M","1998-10",101.2315,
"LUX","BCI","AMPLITUD","LTRENDIDX","M","1998-11",100.7601,
"LUX","BCI","AMPLITUD","LTRENDIDX","M","1998-12",100.3149,
"LUX","BCI","AMPLITUD","LTRENDIDX","M","1999-01",99.70311,
"LUX","BCI","AMPLITUD","LTRENDIDX","M","1999-02",99.14453,
"LUX","BCI","AMPLITUD","LTRENDIDX","M","1999-03",98.94343,
"LUX","BCI","AMPLITUD","LTRENDIDX","M","1999-04",98.99035,
"LUX","BCI","AMPLITUD","LTRENDIDX","M","1999-05",99.25957,
"LUX","BCI","AMPLITUD","LTRENDIDX","M","1999-06",99.54321,
"LUX","BCI","AMPLITUD","LTRENDIDX","M","1999-07",99.78749,
"LUX","BCI","AMPLITUD","LTRENDIDX","M","1999-08",100.1442,
"LUX","BCI","AMPLITUD","LTRENDIDX","M","1999-09",100.6103,
"LUX","BCI","AMPLITUD","LTRENDIDX","M","1999-10",101.3286,
"LUX","BCI","AMPLITUD","LTRENDIDX","M","1999-11",102.0312,
"LUX","BCI","AMPLITUD","LTRENDIDX","M","1999-12",102.5711,
"LUX","BCI","AMPLITUD","LTRENDIDX","M","2000-01",102.709,
"LUX","BCI","AMPLITUD","LTRENDIDX","M","2000-02",102.695,
"LUX","BCI","AMPLITUD","LTRENDIDX","M","2000-03",102.7562,
"LUX","BCI","AMPLITUD","LTRENDIDX","M","2000-04",102.9824,
"LUX","BCI","AMPLITUD","LTRENDIDX","M","2000-05",102.788,
"LUX","BCI","AMPLITUD","LTRENDIDX","M","2000-06",102.5155,
"LUX","BCI","AMPLITUD","LTRENDIDX","M","2000-07",102.4315,
"LUX","BCI","AMPLITUD","LTRENDIDX","M","2000-08",102.3167,
"LUX","BCI","AMPLITUD","LTRENDIDX","M","2000-09",102.1934,
"LUX","BCI","AMPLITUD","LTRENDIDX","M","2000-10",101.9256,
"LUX","BCI","AMPLITUD","LTRENDIDX","M","2000-11",101.6383,
"LUX","BCI","AMPLITUD","LTRENDIDX","M","2000-12",101.5732,
"LUX","BCI","AMPLITUD","LTRENDIDX","M","2001-01",101.6154,
"LUX","BCI","AMPLITUD","LTRENDIDX","M","2001-02",101.243,
"LUX","BCI","AMPLITUD","LTRENDIDX","M","2001-03",100.3738,
"LUX","BCI","AMPLITUD","LTRENDIDX","M","2001-04",99.19647,
"LUX","BCI","AMPLITUD","LTRENDIDX","M","2001-05",98.46004,
"LUX","BCI","AMPLITUD","LTRENDIDX","M","2001-06",98.08713,
"LUX","BCI","AMPLITUD","LTRENDIDX","M","2001-07",97.8717,
"LUX","BCI","AMPLITUD","LTRENDIDX","M","2001-08",97.86494,
"LUX","BCI","AMPLITUD","LTRENDIDX","M","2001-09",97.9464,
"LUX","BCI","AMPLITUD","LTRENDIDX","M","2001-10",97.63746,
"LUX","BCI","AMPLITUD","LTRENDIDX","M","2001-11",97.23109,
"LUX","BCI","AMPLITUD","LTRENDIDX","M","2001-12",96.9025,
"LUX","BCI","AMPLITUD","LTRENDIDX","M","2002-01",96.66452,
"LUX","BCI","AMPLITUD","LTRENDIDX","M","2002-02",96.42564,
"LUX","BCI","AMPLITUD","LTRENDIDX","M","2002-03",96.38258,
"LUX","BCI","AMPLITUD","LTRENDIDX","M","2002-04",96.615,
"LUX","BCI","AMPLITUD","LTRENDIDX","M","2002-05",97.08984,
"LUX","BCI","AMPLITUD","LTRENDIDX","M","2002-06",97.75106,
"LUX","BCI","AMPLITUD","LTRENDIDX","M","2002-07",98.40555,
"LUX","BCI","AMPLITUD","LTRENDIDX","M","2002-08",98.6675,
"LUX","BCI","AMPLITUD","LTRENDIDX","M","2002-09",98.6954,
"LUX","BCI","AMPLITUD","LTRENDIDX","M","2002-10",98.77555,
"LUX","BCI","AMPLITUD","LTRENDIDX","M","2002-11",98.84311,
"LUX","BCI","AMPLITUD","LTRENDIDX","M","2002-12",98.99471,
"LUX","BCI","AMPLITUD","LTRENDIDX","M","2003-01",99.17603,
"LUX","BCI","AMPLITUD","LTRENDIDX","M","2003-02",99.23642,
"LUX","BCI","AMPLITUD","LTRENDIDX","M","2003-03",99.19846,
"LUX","BCI","AMPLITUD","LTRENDIDX","M","2003-04",99.01724,
"LUX","BCI","AMPLITUD","LTRENDIDX","M","2003-05",98.86312,
"LUX","BCI","AMPLITUD","LTRENDIDX","M","2003-06",98.74889,
"LUX","BCI","AMPLITUD","LTRENDIDX","M","2003-07",98.74833,
"LUX","BCI","AMPLITUD","LTRENDIDX","M","2003-08",98.95583,
"LUX","BCI","AMPLITUD","LTRENDIDX","M","2003-09",99.28082,
"LUX","BCI","AMPLITUD","LTRENDIDX","M","2003-10",99.36905,
"LUX","BCI","AMPLITUD","LTRENDIDX","M","2003-11",99.37285,
"LUX","BCI","AMPLITUD","LTRENDIDX","M","2003-12",99.4248,
"LUX","BCI","AMPLITUD","LTRENDIDX","M","2004-01",99.58239,
"LUX","BCI","AMPLITUD","LTRENDIDX","M","2004-02",100.0338,
"LUX","BCI","AMPLITUD","LTRENDIDX","M","2004-03",100.6309,
"LUX","BCI","AMPLITUD","LTRENDIDX","M","2004-04",101.4432,
"LUX","BCI","AMPLITUD","LTRENDIDX","M","2004-05",102.4568,
"LUX","BCI","AMPLITUD","LTRENDIDX","M","2004-06",103.136,
"LUX","BCI","AMPLITUD","LTRENDIDX","M","2004-07",103.2776,
"LUX","BCI","AMPLITUD","LTRENDIDX","M","2004-08",103.1178,
"LUX","BCI","AMPLITUD","LTRENDIDX","M","2004-09",102.5336,
"LUX","BCI","AMPLITUD","LTRENDIDX","M","2004-10",101.6275,
"LUX","BCI","AMPLITUD","LTRENDIDX","M","2004-11",100.5778,
"LUX","BCI","AMPLITUD","LTRENDIDX","M","2004-12",100.1059,
"LUX","BCI","AMPLITUD","LTRENDIDX","M","2005-01",100.3237,
"LUX","BCI","AMPLITUD","LTRENDIDX","M","2005-02",100.6247,
"LUX","BCI","AMPLITUD","LTRENDIDX","M","2005-03",100.575,
"LUX","BCI","AMPLITUD","LTRENDIDX","M","2005-04",100.1016,
"LUX","BCI","AMPLITUD","LTRENDIDX","M","2005-05",99.61942,
"LUX","BCI","AMPLITUD","LTRENDIDX","M","2005-06",99.42246,
"LUX","BCI","AMPLITUD","LTRENDIDX","M","2005-07",99.31558,
"LUX","BCI","AMPLITUD","LTRENDIDX","M","2005-08",99.39123,
"LUX","BCI","AMPLITUD","LTRENDIDX","M","2005-09",99.69827,
"LUX","BCI","AMPLITUD","LTRENDIDX","M","2005-10",100.1019,
"LUX","BCI","AMPLITUD","LTRENDIDX","M","2005-11",100.5307,
"LUX","BCI","AMPLITUD","LTRENDIDX","M","2005-12",100.895,
"LUX","BCI","AMPLITUD","LTRENDIDX","M","2006-01",101.1607,
"LUX","BCI","AMPLITUD","LTRENDIDX","M","2006-02",101.1782,
"LUX","BCI","AMPLITUD","LTRENDIDX","M","2006-03",101.151,
"LUX","BCI","AMPLITUD","LTRENDIDX","M","2006-04",101.1675,
"LUX","BCI","AMPLITUD","LTRENDIDX","M","2006-05",100.9444,
"LUX","BCI","AMPLITUD","LTRENDIDX","M","2006-06",100.6866,
"LUX","BCI","AMPLITUD","LTRENDIDX","M","2006-07",100.6788,
"LUX","BCI","AMPLITUD","LTRENDIDX","M","2006-08",100.8477,
"LUX","BCI","AMPLITUD","LTRENDIDX","M","2006-09",100.9631,
"LUX","BCI","AMPLITUD","LTRENDIDX","M","2006-10",101.3708,
"LUX","BCI","AMPLITUD","LTRENDIDX","M","2006-11",101.9365,
"LUX","BCI","AMPLITUD","LTRENDIDX","M","2006-12",102.3988,
"LUX","BCI","AMPLITUD","LTRENDIDX","M","2007-01",102.7176,
"LUX","BCI","AMPLITUD","LTRENDIDX","M","2007-02",103.0118,
"LUX","BCI","AMPLITUD","LTRENDIDX","M","2007-03",102.8277,
"LUX","BCI","AMPLITUD","LTRENDIDX","M","2007-04",102.5846,
"LUX","BCI","AMPLITUD","LTRENDIDX","M","2007-05",102.3929,
"LUX","BCI","AMPLITUD","LTRENDIDX","M","2007-06",102.2332,
"LUX","BCI","AMPLITUD","LTRENDIDX","M","2007-07",102.083,
"LUX","BCI","AMPLITUD","LTRENDIDX","M","2007-08",101.8961,
"LUX","BCI","AMPLITUD","LTRENDIDX","M","2007-09",101.7921,
"LUX","BCI","AMPLITUD","LTRENDIDX","M","2007-10",101.7656,
"LUX","BCI","AMPLITUD","LTRENDIDX","M","2007-11",101.9843,
"LUX","BCI","AMPLITUD","LTRENDIDX","M","2007-12",102.1063,
"LUX","BCI","AMPLITUD","LTRENDIDX","M","2008-01",101.9637,
"LUX","BCI","AMPLITUD","LTRENDIDX","M","2008-02",101.6854,
"LUX","BCI","AMPLITUD","LTRENDIDX","M","2008-03",101.62,
"LUX","BCI","AMPLITUD","LTRENDIDX","M","2008-04",101.6618,
"LUX","BCI","AMPLITUD","LTRENDIDX","M","2008-05",101.4697,
"LUX","BCI","AMPLITUD","LTRENDIDX","M","2008-06",100.9156,
"LUX","BCI","AMPLITUD","LTRENDIDX","M","2008-07",100.3664,
"LUX","BCI","AMPLITUD","LTRENDIDX","M","2008-08",99.84702,
"LUX","BCI","AMPLITUD","LTRENDIDX","M","2008-09",99.06088,
"LUX","BCI","AMPLITUD","LTRENDIDX","M","2008-10",97.89661,
"LUX","BCI","AMPLITUD","LTRENDIDX","M","2008-11",96.60857,
"LUX","BCI","AMPLITUD","LTRENDIDX","M","2008-12",95.80861,
"LUX","BCI","AMPLITUD","LTRENDIDX","M","2009-01",95.39622,
"LUX","BCI","AMPLITUD","LTRENDIDX","M","2009-02",95.0751,
"LUX","BCI","AMPLITUD","LTRENDIDX","M","2009-03",94.95873,
"LUX","BCI","AMPLITUD","LTRENDIDX","M","2009-04",95.06698,
"LUX","BCI","AMPLITUD","LTRENDIDX","M","2009-05",95.30065,
"LUX","BCI","AMPLITUD","LTRENDIDX","M","2009-06",95.68117,
"LUX","BCI","AMPLITUD","LTRENDIDX","M","2009-07",96.24572,
"LUX","BCI","AMPLITUD","LTRENDIDX","M","2009-08",96.89871,
"LUX","BCI","AMPLITUD","LTRENDIDX","M","2009-09",97.59446,
"LUX","BCI","AMPLITUD","LTRENDIDX","M","2009-10",98.39289,
"LUX","BCI","AMPLITUD","LTRENDIDX","M","2009-11",98.73801,
"LUX","BCI","AMPLITUD","LTRENDIDX","M","2009-12",98.90136,
"LUX","BCI","AMPLITUD","LTRENDIDX","M","2010-01",98.99275,
"LUX","BCI","AMPLITUD","LTRENDIDX","M","2010-02",99.62144,
"LUX","BCI","AMPLITUD","LTRENDIDX","M","2010-03",100.3359,
"LUX","BCI","AMPLITUD","LTRENDIDX","M","2010-04",100.7734,
"LUX","BCI","AMPLITUD","LTRENDIDX","M","2010-05",100.4991,
"LUX","BCI","AMPLITUD","LTRENDIDX","M","2010-06",99.71574,
"LUX","BCI","AMPLITUD","LTRENDIDX","M","2010-07",98.90649,
"LUX","BCI","AMPLITUD","LTRENDIDX","M","2010-08",98.18803,
"LUX","BCI","AMPLITUD","LTRENDIDX","M","2010-09",98.05541,
"LUX","BCI","AMPLITUD","LTRENDIDX","M","2010-10",98.63173,
"LUX","BCI","AMPLITUD","LTRENDIDX","M","2010-11",99.49146,
"LUX","BCI","AMPLITUD","LTRENDIDX","M","2010-12",100.2953,
"LUX","BCI","AMPLITUD","LTRENDIDX","M","2011-01",100.9869,
"LUX","BCI","AMPLITUD","LTRENDIDX","M","2011-02",101.5563,
"LUX","BCI","AMPLITUD","LTRENDIDX","M","2011-03",101.4766,
"LUX","BCI","AMPLITUD","LTRENDIDX","M","2011-04",100.9646,
"LUX","BCI","AMPLITUD","LTRENDIDX","M","2011-05",100.3517,
"LUX","BCI","AMPLITUD","LTRENDIDX","M","2011-06",100.3382,
"LUX","BCI","AMPLITUD","LTRENDIDX","M","2011-07",100.5446,
"LUX","BCI","AMPLITUD","LTRENDIDX","M","2011-08",100.7751,
"LUX","BCI","AMPLITUD","LTRENDIDX","M","2011-09",100.566,
"LUX","BCI","AMPLITUD","LTRENDIDX","M","2011-10",100.1669,
"LUX","BCI","AMPLITUD","LTRENDIDX","M","2011-11",99.75741,
"LUX","BCI","AMPLITUD","LTRENDIDX","M","2011-12",99.47248,
"LUX","BCI","AMPLITUD","LTRENDIDX","M","2012-01",99.29675,
"LUX","BCI","AMPLITUD","LTRENDIDX","M","2012-02",98.93703,
"LUX","BCI","AMPLITUD","LTRENDIDX","M","2012-03",98.53922,
"LUX","BCI","AMPLITUD","LTRENDIDX","M","2012-04",97.75954,
"LUX","BCI","AMPLITUD","LTRENDIDX","M","2012-05",97.2963,
"LUX","BCI","AMPLITUD","LTRENDIDX","M","2012-06",97.46613,
"LUX","BCI","AMPLITUD","LTRENDIDX","M","2012-07",97.58508,
"LUX","BCI","AMPLITUD","LTRENDIDX","M","2012-08",97.60258,
"LUX","BCI","AMPLITUD","LTRENDIDX","M","2012-09",97.45421,
"LUX","BCI","AMPLITUD","LTRENDIDX","M","2012-10",96.95395,
"LUX","BCI","AMPLITUD","LTRENDIDX","M","2012-11",96.61267,
"LUX","BCI","AMPLITUD","LTRENDIDX","M","2012-12",96.20562,
"LUX","BCI","AMPLITUD","LTRENDIDX","M","2013-01",95.95122,
"LUX","BCI","AMPLITUD","LTRENDIDX","M","2013-02",95.68119,
"LUX","BCI","AMPLITUD","LTRENDIDX","M","2013-03",95.59748,
"LUX","BCI","AMPLITUD","LTRENDIDX","M","2013-04",95.87226,
"LUX","BCI","AMPLITUD","LTRENDIDX","M","2013-05",96.39664,
"LUX","BCI","AMPLITUD","LTRENDIDX","M","2013-06",96.77651,
"LUX","BCI","AMPLITUD","LTRENDIDX","M","2013-07",96.94194,
"LUX","BCI","AMPLITUD","LTRENDIDX","M","2013-08",97.10235,
"LUX","BCI","AMPLITUD","LTRENDIDX","M","2013-09",97.42645,
"LUX","BCI","AMPLITUD","LTRENDIDX","M","2013-10",97.64993,
"LUX","BCI","AMPLITUD","LTRENDIDX","M","2013-11",97.82071,
"LUX","BCI","AMPLITUD","LTRENDIDX","M","2013-12",97.77923,
"LUX","BCI","AMPLITUD","LTRENDIDX","M","2014-01",97.70908,
"LUX","BCI","AMPLITUD","LTRENDIDX","M","2014-02",97.79205,
"LUX","BCI","AMPLITUD","LTRENDIDX","M","2014-03",97.96899,
"LUX","BCI","AMPLITUD","LTRENDIDX","M","2014-04",98.24339,
"LUX","BCI","AMPLITUD","LTRENDIDX","M","2014-05",98.42711,
"LUX","BCI","AMPLITUD","LTRENDIDX","M","2014-06",98.26543,
"LUX","BCI","AMPLITUD","LTRENDIDX","M","2014-07",98.10373,
"LUX","BCI","AMPLITUD","LTRENDIDX","M","2014-08",97.94104,
"LUX","BCI","AMPLITUD","LTRENDIDX","M","2014-09",97.86234,
"LUX","BCI","AMPLITUD","LTRENDIDX","M","2014-10",97.93073,
"LUX","BCI","AMPLITUD","LTRENDIDX","M","2014-11",98.09853,
"LUX","BCI","AMPLITUD","LTRENDIDX","M","2014-12",98.25496,
"LUX","BCI","AMPLITUD","LTRENDIDX","M","2015-01",98.26439,
"LUX","BCI","AMPLITUD","LTRENDIDX","M","2015-02",98.02904,
"LUX","BCI","AMPLITUD","LTRENDIDX","M","2015-03",97.89178,
"LUX","BCI","AMPLITUD","LTRENDIDX","M","2015-04",97.96963,
"LUX","BCI","AMPLITUD","LTRENDIDX","M","2015-05",98.17499,
"LUX","BCI","AMPLITUD","LTRENDIDX","M","2015-06",98.21514,
"LUX","BCI","AMPLITUD","LTRENDIDX","M","2015-07",98.21151,
"LUX","BCI","AMPLITUD","LTRENDIDX","M","2015-08",98.26004,
"LUX","BCI","AMPLITUD","LTRENDIDX","M","2015-09",98.30604,
"LUX","BCI","AMPLITUD","LTRENDIDX","M","2015-10",98.32751,
"LUX","BCI","AMPLITUD","LTRENDIDX","M","2015-11",98.35363,
"LUX","BCI","AMPLITUD","LTRENDIDX","M","2015-12",98.37882,
"LUX","BCI","AMPLITUD","LTRENDIDX","M","2016-01",98.4784,
"LUX","BCI","AMPLITUD","LTRENDIDX","M","2016-02",98.83487,
"LUX","BCI","AMPLITUD","LTRENDIDX","M","2016-03",99.62549,
"LUX","BCI","AMPLITUD","LTRENDIDX","M","2016-04",100.4339,
"LUX","BCI","AMPLITUD","LTRENDIDX","M","2016-05",100.6576,
"LUX","BCI","AMPLITUD","LTRENDIDX","M","2016-06",100.491,
"LUX","BCI","AMPLITUD","LTRENDIDX","M","2016-07",100.0181,
"LUX","BCI","AMPLITUD","LTRENDIDX","M","2016-08",99.80483,
"LUX","BCI","AMPLITUD","LTRENDIDX","M","2016-09",99.78702,
"LUX","BCI","AMPLITUD","LTRENDIDX","M","2016-10",99.98605,
"LUX","BCI","AMPLITUD","LTRENDIDX","M","2016-11",100.2691,
"LUX","BCI","AMPLITUD","LTRENDIDX","M","2016-12",100.704,
"LUX","BCI","AMPLITUD","LTRENDIDX","M","2017-01",101.1733,
"LUX","BCI","AMPLITUD","LTRENDIDX","M","2017-02",101.2357,
"LUX","BCI","AMPLITUD","LTRENDIDX","M","2017-03",101.2415,
"LUX","BCI","AMPLITUD","LTRENDIDX","M","2017-04",101.2521,
"LUX","BCI","AMPLITUD","LTRENDIDX","M","2017-05",101.2793,
"LUX","BCI","AMPLITUD","LTRENDIDX","M","2017-06",101.4163,
"LUX","BCI","AMPLITUD","LTRENDIDX","M","2017-07",101.6173,
"ESP","BCI","AMPLITUD","LTRENDIDX","M","1963-10",101.0924,
"ESP","BCI","AMPLITUD","LTRENDIDX","M","1963-11",101.4192,
"ESP","BCI","AMPLITUD","LTRENDIDX","M","1963-12",101.5484,
"ESP","BCI","AMPLITUD","LTRENDIDX","M","1964-01",101.5233,
"ESP","BCI","AMPLITUD","LTRENDIDX","M","1964-02",101.4639,
"ESP","BCI","AMPLITUD","LTRENDIDX","M","1964-03",101.4879,
"ESP","BCI","AMPLITUD","LTRENDIDX","M","1964-04",101.596,
"ESP","BCI","AMPLITUD","LTRENDIDX","M","1964-05",101.7523,
"ESP","BCI","AMPLITUD","LTRENDIDX","M","1964-06",101.9155,
"ESP","BCI","AMPLITUD","LTRENDIDX","M","1964-07",101.9517,
"ESP","BCI","AMPLITUD","LTRENDIDX","M","1964-08",101.8891,
"ESP","BCI","AMPLITUD","LTRENDIDX","M","1964-09",101.812,
"ESP","BCI","AMPLITUD","LTRENDIDX","M","1964-10",101.7144,
"ESP","BCI","AMPLITUD","LTRENDIDX","M","1964-11",101.6125,
"ESP","BCI","AMPLITUD","LTRENDIDX","M","1964-12",101.5721,
"ESP","BCI","AMPLITUD","LTRENDIDX","M","1965-01",101.5327,
"ESP","BCI","AMPLITUD","LTRENDIDX","M","1965-02",101.5912,
"ESP","BCI","AMPLITUD","LTRENDIDX","M","1965-03",101.5894,
"ESP","BCI","AMPLITUD","LTRENDIDX","M","1965-04",101.542,
"ESP","BCI","AMPLITUD","LTRENDIDX","M","1965-05",101.4647,
"ESP","BCI","AMPLITUD","LTRENDIDX","M","1965-06",101.3871,
"ESP","BCI","AMPLITUD","LTRENDIDX","M","1965-07",101.3251,
"ESP","BCI","AMPLITUD","LTRENDIDX","M","1965-08",101.3242,
"ESP","BCI","AMPLITUD","LTRENDIDX","M","1965-09",101.3821,
"ESP","BCI","AMPLITUD","LTRENDIDX","M","1965-10",101.4495,
"ESP","BCI","AMPLITUD","LTRENDIDX","M","1965-11",101.5118,
"ESP","BCI","AMPLITUD","LTRENDIDX","M","1965-12",101.5213,
"ESP","BCI","AMPLITUD","LTRENDIDX","M","1966-01",101.5087,
"ESP","BCI","AMPLITUD","LTRENDIDX","M","1966-02",101.5044,
"ESP","BCI","AMPLITUD","LTRENDIDX","M","1966-03",101.5162,
"ESP","BCI","AMPLITUD","LTRENDIDX","M","1966-04",101.4641,
"ESP","BCI","AMPLITUD","LTRENDIDX","M","1966-05",101.342,
"ESP","BCI","AMPLITUD","LTRENDIDX","M","1966-06",101.2007,
"ESP","BCI","AMPLITUD","LTRENDIDX","M","1966-07",101.0614,
"ESP","BCI","AMPLITUD","LTRENDIDX","M","1966-08",100.9174,
"ESP","BCI","AMPLITUD","LTRENDIDX","M","1966-09",100.7695,
"ESP","BCI","AMPLITUD","LTRENDIDX","M","1966-10",100.6306,
"ESP","BCI","AMPLITUD","LTRENDIDX","M","1966-11",100.4997,
"ESP","BCI","AMPLITUD","LTRENDIDX","M","1966-12",100.362,
"ESP","BCI","AMPLITUD","LTRENDIDX","M","1967-01",100.2152,
"ESP","BCI","AMPLITUD","LTRENDIDX","M","1967-02",100.0333,
"ESP","BCI","AMPLITUD","LTRENDIDX","M","1967-03",99.84396,
"ESP","BCI","AMPLITUD","LTRENDIDX","M","1967-04",99.73653,
"ESP","BCI","AMPLITUD","LTRENDIDX","M","1967-05",99.63385,
"ESP","BCI","AMPLITUD","LTRENDIDX","M","1967-06",99.50416,
"ESP","BCI","AMPLITUD","LTRENDIDX","M","1967-07",99.35936,
"ESP","BCI","AMPLITUD","LTRENDIDX","M","1967-08",99.21089,
"ESP","BCI","AMPLITUD","LTRENDIDX","M","1967-09",99.11011,
"ESP","BCI","AMPLITUD","LTRENDIDX","M","1967-10",99.01859,
"ESP","BCI","AMPLITUD","LTRENDIDX","M","1967-11",98.90884,
"ESP","BCI","AMPLITUD","LTRENDIDX","M","1967-12",98.8559,
"ESP","BCI","AMPLITUD","LTRENDIDX","M","1968-01",98.86877,
"ESP","BCI","AMPLITUD","LTRENDIDX","M","1968-02",98.90862,
"ESP","BCI","AMPLITUD","LTRENDIDX","M","1968-03",98.9455,
"ESP","BCI","AMPLITUD","LTRENDIDX","M","1968-04",99.02277,
"ESP","BCI","AMPLITUD","LTRENDIDX","M","1968-05",99.1507,
"ESP","BCI","AMPLITUD","LTRENDIDX","M","1968-06",99.3335,
"ESP","BCI","AMPLITUD","LTRENDIDX","M","1968-07",99.511,
"ESP","BCI","AMPLITUD","LTRENDIDX","M","1968-08",99.72363,
"ESP","BCI","AMPLITUD","LTRENDIDX","M","1968-09",100.0044,
"ESP","BCI","AMPLITUD","LTRENDIDX","M","1968-10",100.2708,
"ESP","BCI","AMPLITUD","LTRENDIDX","M","1968-11",100.5308,
"ESP","BCI","AMPLITUD","LTRENDIDX","M","1968-12",100.79,
"ESP","BCI","AMPLITUD","LTRENDIDX","M","1969-01",101.0012,
"ESP","BCI","AMPLITUD","LTRENDIDX","M","1969-02",101.1869,
"ESP","BCI","AMPLITUD","LTRENDIDX","M","1969-03",101.3678,
"ESP","BCI","AMPLITUD","LTRENDIDX","M","1969-04",101.5156,
"ESP","BCI","AMPLITUD","LTRENDIDX","M","1969-05",101.651,
"ESP","BCI","AMPLITUD","LTRENDIDX","M","1969-06",101.7653,
"ESP","BCI","AMPLITUD","LTRENDIDX","M","1969-07",101.8583,
"ESP","BCI","AMPLITUD","LTRENDIDX","M","1969-08",101.9642,
"ESP","BCI","AMPLITUD","LTRENDIDX","M","1969-09",102.0227,
"ESP","BCI","AMPLITUD","LTRENDIDX","M","1969-10",102.0521,
"ESP","BCI","AMPLITUD","LTRENDIDX","M","1969-11",102.0906,
"ESP","BCI","AMPLITUD","LTRENDIDX","M","1969-12",102.1318,
"ESP","BCI","AMPLITUD","LTRENDIDX","M","1970-01",102.1563,
"ESP","BCI","AMPLITUD","LTRENDIDX","M","1970-02",102.1248,
"ESP","BCI","AMPLITUD","LTRENDIDX","M","1970-03",102.0237,
"ESP","BCI","AMPLITUD","LTRENDIDX","M","1970-04",101.7915,
"ESP","BCI","AMPLITUD","LTRENDIDX","M","1970-05",101.5252,
"ESP","BCI","AMPLITUD","LTRENDIDX","M","1970-06",101.2244,
"ESP","BCI","AMPLITUD","LTRENDIDX","M","1970-07",100.9198,
"ESP","BCI","AMPLITUD","LTRENDIDX","M","1970-08",100.5902,
"ESP","BCI","AMPLITUD","LTRENDIDX","M","1970-09",100.3289,
"ESP","BCI","AMPLITUD","LTRENDIDX","M","1970-10",100.151,
"ESP","BCI","AMPLITUD","LTRENDIDX","M","1970-11",99.97684,
"ESP","BCI","AMPLITUD","LTRENDIDX","M","1970-12",99.77501,
"ESP","BCI","AMPLITUD","LTRENDIDX","M","1971-01",99.59735,
"ESP","BCI","AMPLITUD","LTRENDIDX","M","1971-02",99.50259,
"ESP","BCI","AMPLITUD","LTRENDIDX","M","1971-03",99.49055,
"ESP","BCI","AMPLITUD","LTRENDIDX","M","1971-04",99.5621,
"ESP","BCI","AMPLITUD","LTRENDIDX","M","1971-05",99.66164,
"ESP","BCI","AMPLITUD","LTRENDIDX","M","1971-06",99.77946,
"ESP","BCI","AMPLITUD","LTRENDIDX","M","1971-07",99.95657,
"ESP","BCI","AMPLITUD","LTRENDIDX","M","1971-08",100.1668,
"ESP","BCI","AMPLITUD","LTRENDIDX","M","1971-09",100.3137,
"ESP","BCI","AMPLITUD","LTRENDIDX","M","1971-10",100.4374,
"ESP","BCI","AMPLITUD","LTRENDIDX","M","1971-11",100.5335,
"ESP","BCI","AMPLITUD","LTRENDIDX","M","1971-12",100.6025,
"ESP","BCI","AMPLITUD","LTRENDIDX","M","1972-01",100.7632,
"ESP","BCI","AMPLITUD","LTRENDIDX","M","1972-02",100.9741,
"ESP","BCI","AMPLITUD","LTRENDIDX","M","1972-03",101.1866,
"ESP","BCI","AMPLITUD","LTRENDIDX","M","1972-04",101.4119,
"ESP","BCI","AMPLITUD","LTRENDIDX","M","1972-05",101.6128,
"ESP","BCI","AMPLITUD","LTRENDIDX","M","1972-06",101.7914,
"ESP","BCI","AMPLITUD","LTRENDIDX","M","1972-07",101.9275,
"ESP","BCI","AMPLITUD","LTRENDIDX","M","1972-08",102.0087,
"ESP","BCI","AMPLITUD","LTRENDIDX","M","1972-09",102.1376,
"ESP","BCI","AMPLITUD","LTRENDIDX","M","1972-10",102.2766,
"ESP","BCI","AMPLITUD","LTRENDIDX","M","1972-11",102.3977,
"ESP","BCI","AMPLITUD","LTRENDIDX","M","1972-12",102.4821,
"ESP","BCI","AMPLITUD","LTRENDIDX","M","1973-01",102.5733,
"ESP","BCI","AMPLITUD","LTRENDIDX","M","1973-02",102.6232,
"ESP","BCI","AMPLITUD","LTRENDIDX","M","1973-03",102.644,
"ESP","BCI","AMPLITUD","LTRENDIDX","M","1973-04",102.6585,
"ESP","BCI","AMPLITUD","LTRENDIDX","M","1973-05",102.6794,
"ESP","BCI","AMPLITUD","LTRENDIDX","M","1973-06",102.7293,
"ESP","BCI","AMPLITUD","LTRENDIDX","M","1973-07",102.7854,
"ESP","BCI","AMPLITUD","LTRENDIDX","M","1973-08",102.8335,
"ESP","BCI","AMPLITUD","LTRENDIDX","M","1973-09",102.9166,
"ESP","BCI","AMPLITUD","LTRENDIDX","M","1973-10",103.0517,
"ESP","BCI","AMPLITUD","LTRENDIDX","M","1973-11",103.147,
"ESP","BCI","AMPLITUD","LTRENDIDX","M","1973-12",103.1099,
"ESP","BCI","AMPLITUD","LTRENDIDX","M","1974-01",102.9262,
"ESP","BCI","AMPLITUD","LTRENDIDX","M","1974-02",102.6965,
"ESP","BCI","AMPLITUD","LTRENDIDX","M","1974-03",102.4378,
"ESP","BCI","AMPLITUD","LTRENDIDX","M","1974-04",102.139,
"ESP","BCI","AMPLITUD","LTRENDIDX","M","1974-05",101.8113,
"ESP","BCI","AMPLITUD","LTRENDIDX","M","1974-06",101.4391,
"ESP","BCI","AMPLITUD","LTRENDIDX","M","1974-07",101.0292,
"ESP","BCI","AMPLITUD","LTRENDIDX","M","1974-08",100.6005,
"ESP","BCI","AMPLITUD","LTRENDIDX","M","1974-09",100.1421,
"ESP","BCI","AMPLITUD","LTRENDIDX","M","1974-10",99.76323,
"ESP","BCI","AMPLITUD","LTRENDIDX","M","1974-11",99.42178,
"ESP","BCI","AMPLITUD","LTRENDIDX","M","1974-12",99.12897,
"ESP","BCI","AMPLITUD","LTRENDIDX","M","1975-01",98.90839,
"ESP","BCI","AMPLITUD","LTRENDIDX","M","1975-02",98.70616,
"ESP","BCI","AMPLITUD","LTRENDIDX","M","1975-03",98.54199,
"ESP","BCI","AMPLITUD","LTRENDIDX","M","1975-04",98.46792,
"ESP","BCI","AMPLITUD","LTRENDIDX","M","1975-05",98.48904,
"ESP","BCI","AMPLITUD","LTRENDIDX","M","1975-06",98.53325,
"ESP","BCI","AMPLITUD","LTRENDIDX","M","1975-07",98.53444,
"ESP","BCI","AMPLITUD","LTRENDIDX","M","1975-08",98.52741,
"ESP","BCI","AMPLITUD","LTRENDIDX","M","1975-09",98.54237,
"ESP","BCI","AMPLITUD","LTRENDIDX","M","1975-10",98.6815,
"ESP","BCI","AMPLITUD","LTRENDIDX","M","1975-11",98.89531,
"ESP","BCI","AMPLITUD","LTRENDIDX","M","1975-12",99.08697,
"ESP","BCI","AMPLITUD","LTRENDIDX","M","1976-01",99.24632,
"ESP","BCI","AMPLITUD","LTRENDIDX","M","1976-02",99.43209,
"ESP","BCI","AMPLITUD","LTRENDIDX","M","1976-03",99.68209,
"ESP","BCI","AMPLITUD","LTRENDIDX","M","1976-04",100.0013,
"ESP","BCI","AMPLITUD","LTRENDIDX","M","1976-05",100.286,
"ESP","BCI","AMPLITUD","LTRENDIDX","M","1976-06",100.4215,
"ESP","BCI","AMPLITUD","LTRENDIDX","M","1976-07",100.415,
"ESP","BCI","AMPLITUD","LTRENDIDX","M","1976-08",100.2951,
"ESP","BCI","AMPLITUD","LTRENDIDX","M","1976-09",100.1529,
"ESP","BCI","AMPLITUD","LTRENDIDX","M","1976-10",100.1226,
"ESP","BCI","AMPLITUD","LTRENDIDX","M","1976-11",100.1412,
"ESP","BCI","AMPLITUD","LTRENDIDX","M","1976-12",100.2225,
"ESP","BCI","AMPLITUD","LTRENDIDX","M","1977-01",100.2644,
"ESP","BCI","AMPLITUD","LTRENDIDX","M","1977-02",100.2807,
"ESP","BCI","AMPLITUD","LTRENDIDX","M","1977-03",100.2548,
"ESP","BCI","AMPLITUD","LTRENDIDX","M","1977-04",99.98445,
"ESP","BCI","AMPLITUD","LTRENDIDX","M","1977-05",99.55946,
"ESP","BCI","AMPLITUD","LTRENDIDX","M","1977-06",99.14539,
"ESP","BCI","AMPLITUD","LTRENDIDX","M","1977-07",98.88673,
"ESP","BCI","AMPLITUD","LTRENDIDX","M","1977-08",98.76458,
"ESP","BCI","AMPLITUD","LTRENDIDX","M","1977-09",98.71609,
"ESP","BCI","AMPLITUD","LTRENDIDX","M","1977-10",98.51328,
"ESP","BCI","AMPLITUD","LTRENDIDX","M","1977-11",98.12444,
"ESP","BCI","AMPLITUD","LTRENDIDX","M","1977-12",97.70832,
"ESP","BCI","AMPLITUD","LTRENDIDX","M","1978-01",97.37689,
"ESP","BCI","AMPLITUD","LTRENDIDX","M","1978-02",97.40287,
"ESP","BCI","AMPLITUD","LTRENDIDX","M","1978-03",97.54245,
"ESP","BCI","AMPLITUD","LTRENDIDX","M","1978-04",97.73977,
"ESP","BCI","AMPLITUD","LTRENDIDX","M","1978-05",98.02208,
"ESP","BCI","AMPLITUD","LTRENDIDX","M","1978-06",98.3372,
"ESP","BCI","AMPLITUD","LTRENDIDX","M","1978-07",98.58424,
"ESP","BCI","AMPLITUD","LTRENDIDX","M","1978-08",98.78536,
"ESP","BCI","AMPLITUD","LTRENDIDX","M","1978-09",98.94309,
"ESP","BCI","AMPLITUD","LTRENDIDX","M","1978-10",99.08265,
"ESP","BCI","AMPLITUD","LTRENDIDX","M","1978-11",99.1638,
"ESP","BCI","AMPLITUD","LTRENDIDX","M","1978-12",99.14996,
"ESP","BCI","AMPLITUD","LTRENDIDX","M","1979-01",99.13567,
"ESP","BCI","AMPLITUD","LTRENDIDX","M","1979-02",99.15186,
"ESP","BCI","AMPLITUD","LTRENDIDX","M","1979-03",99.21486,
"ESP","BCI","AMPLITUD","LTRENDIDX","M","1979-04",99.31019,
"ESP","BCI","AMPLITUD","LTRENDIDX","M","1979-05",99.32961,
"ESP","BCI","AMPLITUD","LTRENDIDX","M","1979-06",99.18446,
"ESP","BCI","AMPLITUD","LTRENDIDX","M","1979-07",98.89053,
"ESP","BCI","AMPLITUD","LTRENDIDX","M","1979-08",98.60892,
"ESP","BCI","AMPLITUD","LTRENDIDX","M","1979-09",98.48785,
"ESP","BCI","AMPLITUD","LTRENDIDX","M","1979-10",98.42252,
"ESP","BCI","AMPLITUD","LTRENDIDX","M","1979-11",98.38489,
"ESP","BCI","AMPLITUD","LTRENDIDX","M","1979-12",98.34992,
"ESP","BCI","AMPLITUD","LTRENDIDX","M","1980-01",98.33316,
"ESP","BCI","AMPLITUD","LTRENDIDX","M","1980-02",98.28661,
"ESP","BCI","AMPLITUD","LTRENDIDX","M","1980-03",98.18507,
"ESP","BCI","AMPLITUD","LTRENDIDX","M","1980-04",98.03782,
"ESP","BCI","AMPLITUD","LTRENDIDX","M","1980-05",97.92072,
"ESP","BCI","AMPLITUD","LTRENDIDX","M","1980-06",97.87991,
"ESP","BCI","AMPLITUD","LTRENDIDX","M","1980-07",97.94466,
"ESP","BCI","AMPLITUD","LTRENDIDX","M","1980-08",98.06374,
"ESP","BCI","AMPLITUD","LTRENDIDX","M","1980-09",98.07552,
"ESP","BCI","AMPLITUD","LTRENDIDX","M","1980-10",98.00624,
"ESP","BCI","AMPLITUD","LTRENDIDX","M","1980-11",97.95388,
"ESP","BCI","AMPLITUD","LTRENDIDX","M","1980-12",97.91396,
"ESP","BCI","AMPLITUD","LTRENDIDX","M","1981-01",97.86671,
"ESP","BCI","AMPLITUD","LTRENDIDX","M","1981-02",97.81699,
"ESP","BCI","AMPLITUD","LTRENDIDX","M","1981-03",97.77193,
"ESP","BCI","AMPLITUD","LTRENDIDX","M","1981-04",97.79071,
"ESP","BCI","AMPLITUD","LTRENDIDX","M","1981-05",97.8557,
"ESP","BCI","AMPLITUD","LTRENDIDX","M","1981-06",97.99279,
"ESP","BCI","AMPLITUD","LTRENDIDX","M","1981-07",98.17167,
"ESP","BCI","AMPLITUD","LTRENDIDX","M","1981-08",98.34255,
"ESP","BCI","AMPLITUD","LTRENDIDX","M","1981-09",98.46605,
"ESP","BCI","AMPLITUD","LTRENDIDX","M","1981-10",98.51613,
"ESP","BCI","AMPLITUD","LTRENDIDX","M","1981-11",98.49577,
"ESP","BCI","AMPLITUD","LTRENDIDX","M","1981-12",98.52601,
"ESP","BCI","AMPLITUD","LTRENDIDX","M","1982-01",98.62277,
"ESP","BCI","AMPLITUD","LTRENDIDX","M","1982-02",98.77108,
"ESP","BCI","AMPLITUD","LTRENDIDX","M","1982-03",98.93252,
"ESP","BCI","AMPLITUD","LTRENDIDX","M","1982-04",99.03614,
"ESP","BCI","AMPLITUD","LTRENDIDX","M","1982-05",99.06041,
"ESP","BCI","AMPLITUD","LTRENDIDX","M","1982-06",98.92962,
"ESP","BCI","AMPLITUD","LTRENDIDX","M","1982-07",98.76784,
"ESP","BCI","AMPLITUD","LTRENDIDX","M","1982-08",98.64717,
"ESP","BCI","AMPLITUD","LTRENDIDX","M","1982-09",98.61034,
"ESP","BCI","AMPLITUD","LTRENDIDX","M","1982-10",98.548,
"ESP","BCI","AMPLITUD","LTRENDIDX","M","1982-11",98.58325,
"ESP","BCI","AMPLITUD","LTRENDIDX","M","1982-12",98.64718,
"ESP","BCI","AMPLITUD","LTRENDIDX","M","1983-01",98.75655,
"ESP","BCI","AMPLITUD","LTRENDIDX","M","1983-02",98.8803,
"ESP","BCI","AMPLITUD","LTRENDIDX","M","1983-03",98.89983,
"ESP","BCI","AMPLITUD","LTRENDIDX","M","1983-04",98.79813,
"ESP","BCI","AMPLITUD","LTRENDIDX","M","1983-05",98.6404,
"ESP","BCI","AMPLITUD","LTRENDIDX","M","1983-06",98.60606,
"ESP","BCI","AMPLITUD","LTRENDIDX","M","1983-07",98.65961,
"ESP","BCI","AMPLITUD","LTRENDIDX","M","1983-08",98.7589,
"ESP","BCI","AMPLITUD","LTRENDIDX","M","1983-09",98.8711,
"ESP","BCI","AMPLITUD","LTRENDIDX","M","1983-10",98.94298,
"ESP","BCI","AMPLITUD","LTRENDIDX","M","1983-11",98.96261,
"ESP","BCI","AMPLITUD","LTRENDIDX","M","1983-12",98.95703,
"ESP","BCI","AMPLITUD","LTRENDIDX","M","1984-01",98.93789,
"ESP","BCI","AMPLITUD","LTRENDIDX","M","1984-02",98.94171,
"ESP","BCI","AMPLITUD","LTRENDIDX","M","1984-03",98.87524,
"ESP","BCI","AMPLITUD","LTRENDIDX","M","1984-04",98.85935,
"ESP","BCI","AMPLITUD","LTRENDIDX","M","1984-05",98.94772,
"ESP","BCI","AMPLITUD","LTRENDIDX","M","1984-06",99.07319,
"ESP","BCI","AMPLITUD","LTRENDIDX","M","1984-07",99.13329,
"ESP","BCI","AMPLITUD","LTRENDIDX","M","1984-08",99.10823,
"ESP","BCI","AMPLITUD","LTRENDIDX","M","1984-09",99.0703,
"ESP","BCI","AMPLITUD","LTRENDIDX","M","1984-10",99.03511,
"ESP","BCI","AMPLITUD","LTRENDIDX","M","1984-11",98.96471,
"ESP","BCI","AMPLITUD","LTRENDIDX","M","1984-12",98.9071,
"ESP","BCI","AMPLITUD","LTRENDIDX","M","1985-01",98.82321,
"ESP","BCI","AMPLITUD","LTRENDIDX","M","1985-02",98.74881,
"ESP","BCI","AMPLITUD","LTRENDIDX","M","1985-03",98.77409,
"ESP","BCI","AMPLITUD","LTRENDIDX","M","1985-04",98.8398,
"ESP","BCI","AMPLITUD","LTRENDIDX","M","1985-05",98.8859,
"ESP","BCI","AMPLITUD","LTRENDIDX","M","1985-06",98.89017,
"ESP","BCI","AMPLITUD","LTRENDIDX","M","1985-07",98.92646,
"ESP","BCI","AMPLITUD","LTRENDIDX","M","1985-08",99.05604,
"ESP","BCI","AMPLITUD","LTRENDIDX","M","1985-09",99.187,
"ESP","BCI","AMPLITUD","LTRENDIDX","M","1985-10",99.29252,
"ESP","BCI","AMPLITUD","LTRENDIDX","M","1985-11",99.38413,
"ESP","BCI","AMPLITUD","LTRENDIDX","M","1985-12",99.47586,
"ESP","BCI","AMPLITUD","LTRENDIDX","M","1986-01",99.49255,
"ESP","BCI","AMPLITUD","LTRENDIDX","M","1986-02",99.45638,
"ESP","BCI","AMPLITUD","LTRENDIDX","M","1986-03",99.43546,
"ESP","BCI","AMPLITUD","LTRENDIDX","M","1986-04",99.40603,
"ESP","BCI","AMPLITUD","LTRENDIDX","M","1986-05",99.3777,
"ESP","BCI","AMPLITUD","LTRENDIDX","M","1986-06",99.38821,
"ESP","BCI","AMPLITUD","LTRENDIDX","M","1986-07",99.46207,
"ESP","BCI","AMPLITUD","LTRENDIDX","M","1986-08",99.53059,
"ESP","BCI","AMPLITUD","LTRENDIDX","M","1986-09",99.63623,
"ESP","BCI","AMPLITUD","LTRENDIDX","M","1986-10",99.72491,
"ESP","BCI","AMPLITUD","LTRENDIDX","M","1986-11",99.78391,
"ESP","BCI","AMPLITUD","LTRENDIDX","M","1986-12",99.82268,
"ESP","BCI","AMPLITUD","LTRENDIDX","M","1987-01",99.8834,
"ESP","BCI","AMPLITUD","LTRENDIDX","M","1987-02",100.0023,
"ESP","BCI","AMPLITUD","LTRENDIDX","M","1987-03",100.1835,
"ESP","BCI","AMPLITUD","LTRENDIDX","M","1987-04",100.3502,
"ESP","BCI","AMPLITUD","LTRENDIDX","M","1987-05",100.5104,
"ESP","BCI","AMPLITUD","LTRENDIDX","M","1987-06",100.6397,
"ESP","BCI","AMPLITUD","LTRENDIDX","M","1987-07",100.7295,
"ESP","BCI","AMPLITUD","LTRENDIDX","M","1987-08",100.793,
"ESP","BCI","AMPLITUD","LTRENDIDX","M","1987-09",100.7343,
"ESP","BCI","AMPLITUD","LTRENDIDX","M","1987-10",100.5974,
"ESP","BCI","AMPLITUD","LTRENDIDX","M","1987-11",100.5622,
"ESP","BCI","AMPLITUD","LTRENDIDX","M","1987-12",100.5605,
"ESP","BCI","AMPLITUD","LTRENDIDX","M","1988-01",100.592,
"ESP","BCI","AMPLITUD","LTRENDIDX","M","1988-02",100.6223,
"ESP","BCI","AMPLITUD","LTRENDIDX","M","1988-03",100.645,
"ESP","BCI","AMPLITUD","LTRENDIDX","M","1988-04",100.6722,
"ESP","BCI","AMPLITUD","LTRENDIDX","M","1988-05",100.6496,
"ESP","BCI","AMPLITUD","LTRENDIDX","M","1988-06",100.5959,
"ESP","BCI","AMPLITUD","LTRENDIDX","M","1988-07",100.5104,
"ESP","BCI","AMPLITUD","LTRENDIDX","M","1988-08",100.4692,
"ESP","BCI","AMPLITUD","LTRENDIDX","M","1988-09",100.522,
"ESP","BCI","AMPLITUD","LTRENDIDX","M","1988-10",100.6608,
"ESP","BCI","AMPLITUD","LTRENDIDX","M","1988-11",100.7777,
"ESP","BCI","AMPLITUD","LTRENDIDX","M","1988-12",100.8073,
"ESP","BCI","AMPLITUD","LTRENDIDX","M","1989-01",100.7978,
"ESP","BCI","AMPLITUD","LTRENDIDX","M","1989-02",100.8293,
"ESP","BCI","AMPLITUD","LTRENDIDX","M","1989-03",100.8563,
"ESP","BCI","AMPLITUD","LTRENDIDX","M","1989-04",100.8746,
"ESP","BCI","AMPLITUD","LTRENDIDX","M","1989-05",100.8732,
"ESP","BCI","AMPLITUD","LTRENDIDX","M","1989-06",100.8161,
"ESP","BCI","AMPLITUD","LTRENDIDX","M","1989-07",100.7688,
"ESP","BCI","AMPLITUD","LTRENDIDX","M","1989-08",100.6846,
"ESP","BCI","AMPLITUD","LTRENDIDX","M","1989-09",100.6181,
"ESP","BCI","AMPLITUD","LTRENDIDX","M","1989-10",100.5598,
"ESP","BCI","AMPLITUD","LTRENDIDX","M","1989-11",100.439,
"ESP","BCI","AMPLITUD","LTRENDIDX","M","1989-12",100.3293,
"ESP","BCI","AMPLITUD","LTRENDIDX","M","1990-01",100.2451,
"ESP","BCI","AMPLITUD","LTRENDIDX","M","1990-02",100.1263,
"ESP","BCI","AMPLITUD","LTRENDIDX","M","1990-03",99.98532,
"ESP","BCI","AMPLITUD","LTRENDIDX","M","1990-04",99.79639,
"ESP","BCI","AMPLITUD","LTRENDIDX","M","1990-05",99.63623,
"ESP","BCI","AMPLITUD","LTRENDIDX","M","1990-06",99.58098,
"ESP","BCI","AMPLITUD","LTRENDIDX","M","1990-07",99.49075,
"ESP","BCI","AMPLITUD","LTRENDIDX","M","1990-08",99.35701,
"ESP","BCI","AMPLITUD","LTRENDIDX","M","1990-09",99.27802,
"ESP","BCI","AMPLITUD","LTRENDIDX","M","1990-10",99.17523,
"ESP","BCI","AMPLITUD","LTRENDIDX","M","1990-11",99.03925,
"ESP","BCI","AMPLITUD","LTRENDIDX","M","1990-12",98.98038,
"ESP","BCI","AMPLITUD","LTRENDIDX","M","1991-01",98.85345,
"ESP","BCI","AMPLITUD","LTRENDIDX","M","1991-02",98.68176,
"ESP","BCI","AMPLITUD","LTRENDIDX","M","1991-03",98.57539,
"ESP","BCI","AMPLITUD","LTRENDIDX","M","1991-04",98.55857,
"ESP","BCI","AMPLITUD","LTRENDIDX","M","1991-05",98.55086,
"ESP","BCI","AMPLITUD","LTRENDIDX","M","1991-06",98.49869,
"ESP","BCI","AMPLITUD","LTRENDIDX","M","1991-07",98.59182,
"ESP","BCI","AMPLITUD","LTRENDIDX","M","1991-08",98.7729,
"ESP","BCI","AMPLITUD","LTRENDIDX","M","1991-09",98.83213,
"ESP","BCI","AMPLITUD","LTRENDIDX","M","1991-10",98.86274,
"ESP","BCI","AMPLITUD","LTRENDIDX","M","1991-11",98.88863,
"ESP","BCI","AMPLITUD","LTRENDIDX","M","1991-12",98.87556,
"ESP","BCI","AMPLITUD","LTRENDIDX","M","1992-01",98.92434,
"ESP","BCI","AMPLITUD","LTRENDIDX","M","1992-02",99.01268,
"ESP","BCI","AMPLITUD","LTRENDIDX","M","1992-03",99.0611,
"ESP","BCI","AMPLITUD","LTRENDIDX","M","1992-04",99.04288,
"ESP","BCI","AMPLITUD","LTRENDIDX","M","1992-05",98.90437,
"ESP","BCI","AMPLITUD","LTRENDIDX","M","1992-06",98.66656,
"ESP","BCI","AMPLITUD","LTRENDIDX","M","1992-07",98.4594,
"ESP","BCI","AMPLITUD","LTRENDIDX","M","1992-08",98.34216,
"ESP","BCI","AMPLITUD","LTRENDIDX","M","1992-09",98.16629,
"ESP","BCI","AMPLITUD","LTRENDIDX","M","1992-10",97.76572,
"ESP","BCI","AMPLITUD","LTRENDIDX","M","1992-11",97.36227,
"ESP","BCI","AMPLITUD","LTRENDIDX","M","1992-12",97.01672,
"ESP","BCI","AMPLITUD","LTRENDIDX","M","1993-01",96.82361,
"ESP","BCI","AMPLITUD","LTRENDIDX","M","1993-02",96.89161,
"ESP","BCI","AMPLITUD","LTRENDIDX","M","1993-03",96.96275,
"ESP","BCI","AMPLITUD","LTRENDIDX","M","1993-04",97.02261,
"ESP","BCI","AMPLITUD","LTRENDIDX","M","1993-05",97.11444,
"ESP","BCI","AMPLITUD","LTRENDIDX","M","1993-06",97.20626,
"ESP","BCI","AMPLITUD","LTRENDIDX","M","1993-07",97.26594,
"ESP","BCI","AMPLITUD","LTRENDIDX","M","1993-08",97.38852,
"ESP","BCI","AMPLITUD","LTRENDIDX","M","1993-09",97.66348,
"ESP","BCI","AMPLITUD","LTRENDIDX","M","1993-10",97.93739,
"ESP","BCI","AMPLITUD","LTRENDIDX","M","1993-11",98.16496,
"ESP","BCI","AMPLITUD","LTRENDIDX","M","1993-12",98.396,
"ESP","BCI","AMPLITUD","LTRENDIDX","M","1994-01",98.67307,
"ESP","BCI","AMPLITUD","LTRENDIDX","M","1994-02",98.98824,
"ESP","BCI","AMPLITUD","LTRENDIDX","M","1994-03",99.35028,
"ESP","BCI","AMPLITUD","LTRENDIDX","M","1994-04",99.68869,
"ESP","BCI","AMPLITUD","LTRENDIDX","M","1994-05",99.94024,
"ESP","BCI","AMPLITUD","LTRENDIDX","M","1994-06",100.1697,
"ESP","BCI","AMPLITUD","LTRENDIDX","M","1994-07",100.36,
"ESP","BCI","AMPLITUD","LTRENDIDX","M","1994-08",100.4331,
"ESP","BCI","AMPLITUD","LTRENDIDX","M","1994-09",100.5086,
"ESP","BCI","AMPLITUD","LTRENDIDX","M","1994-10",100.6948,
"ESP","BCI","AMPLITUD","LTRENDIDX","M","1994-11",100.9192,
"ESP","BCI","AMPLITUD","LTRENDIDX","M","1994-12",101.1076,
"ESP","BCI","AMPLITUD","LTRENDIDX","M","1995-01",101.1999,
"ESP","BCI","AMPLITUD","LTRENDIDX","M","1995-02",101.243,
"ESP","BCI","AMPLITUD","LTRENDIDX","M","1995-03",101.1842,
"ESP","BCI","AMPLITUD","LTRENDIDX","M","1995-04",101.0467,
"ESP","BCI","AMPLITUD","LTRENDIDX","M","1995-05",100.8011,
"ESP","BCI","AMPLITUD","LTRENDIDX","M","1995-06",100.5965,
"ESP","BCI","AMPLITUD","LTRENDIDX","M","1995-07",100.4528,
"ESP","BCI","AMPLITUD","LTRENDIDX","M","1995-08",100.2575,
"ESP","BCI","AMPLITUD","LTRENDIDX","M","1995-09",100.0024,
"ESP","BCI","AMPLITUD","LTRENDIDX","M","1995-10",99.77067,
"ESP","BCI","AMPLITUD","LTRENDIDX","M","1995-11",99.59534,
"ESP","BCI","AMPLITUD","LTRENDIDX","M","1995-12",99.39899,
"ESP","BCI","AMPLITUD","LTRENDIDX","M","1996-01",99.20027,
"ESP","BCI","AMPLITUD","LTRENDIDX","M","1996-02",99.08074,
"ESP","BCI","AMPLITUD","LTRENDIDX","M","1996-03",99.04976,
"ESP","BCI","AMPLITUD","LTRENDIDX","M","1996-04",99.08048,
"ESP","BCI","AMPLITUD","LTRENDIDX","M","1996-05",99.24522,
"ESP","BCI","AMPLITUD","LTRENDIDX","M","1996-06",99.43425,
"ESP","BCI","AMPLITUD","LTRENDIDX","M","1996-07",99.5981,
"ESP","BCI","AMPLITUD","LTRENDIDX","M","1996-08",99.67319,
"ESP","BCI","AMPLITUD","LTRENDIDX","M","1996-09",99.77277,
"ESP","BCI","AMPLITUD","LTRENDIDX","M","1996-10",99.83015,
"ESP","BCI","AMPLITUD","LTRENDIDX","M","1996-11",99.8642,
"ESP","BCI","AMPLITUD","LTRENDIDX","M","1996-12",99.94296,
"ESP","BCI","AMPLITUD","LTRENDIDX","M","1997-01",100.0974,
"ESP","BCI","AMPLITUD","LTRENDIDX","M","1997-02",100.2425,
"ESP","BCI","AMPLITUD","LTRENDIDX","M","1997-03",100.3466,
"ESP","BCI","AMPLITUD","LTRENDIDX","M","1997-04",100.4842,
"ESP","BCI","AMPLITUD","LTRENDIDX","M","1997-05",100.7423,
"ESP","BCI","AMPLITUD","LTRENDIDX","M","1997-06",100.9788,
"ESP","BCI","AMPLITUD","LTRENDIDX","M","1997-07",101.1693,
"ESP","BCI","AMPLITUD","LTRENDIDX","M","1997-08",101.3377,
"ESP","BCI","AMPLITUD","LTRENDIDX","M","1997-09",101.5011,
"ESP","BCI","AMPLITUD","LTRENDIDX","M","1997-10",101.5955,
"ESP","BCI","AMPLITUD","LTRENDIDX","M","1997-11",101.6358,
"ESP","BCI","AMPLITUD","LTRENDIDX","M","1997-12",101.611,
"ESP","BCI","AMPLITUD","LTRENDIDX","M","1998-01",101.5795,
"ESP","BCI","AMPLITUD","LTRENDIDX","M","1998-02",101.5062,
"ESP","BCI","AMPLITUD","LTRENDIDX","M","1998-03",101.4295,
"ESP","BCI","AMPLITUD","LTRENDIDX","M","1998-04",101.3467,
"ESP","BCI","AMPLITUD","LTRENDIDX","M","1998-05",101.3952,
"ESP","BCI","AMPLITUD","LTRENDIDX","M","1998-06",101.4869,
"ESP","BCI","AMPLITUD","LTRENDIDX","M","1998-07",101.4154,
"ESP","BCI","AMPLITUD","LTRENDIDX","M","1998-08",101.1929,
"ESP","BCI","AMPLITUD","LTRENDIDX","M","1998-09",100.9338,
"ESP","BCI","AMPLITUD","LTRENDIDX","M","1998-10",100.7426,
"ESP","BCI","AMPLITUD","LTRENDIDX","M","1998-11",100.6712,
"ESP","BCI","AMPLITUD","LTRENDIDX","M","1998-12",100.6908,
"ESP","BCI","AMPLITUD","LTRENDIDX","M","1999-01",100.6587,
"ESP","BCI","AMPLITUD","LTRENDIDX","M","1999-02",100.643,
"ESP","BCI","AMPLITUD","LTRENDIDX","M","1999-03",100.684,
"ESP","BCI","AMPLITUD","LTRENDIDX","M","1999-04",100.6629,
"ESP","BCI","AMPLITUD","LTRENDIDX","M","1999-05",100.6373,
"ESP","BCI","AMPLITUD","LTRENDIDX","M","1999-06",100.5699,
"ESP","BCI","AMPLITUD","LTRENDIDX","M","1999-07",100.5102,
"ESP","BCI","AMPLITUD","LTRENDIDX","M","1999-08",100.5579,
"ESP","BCI","AMPLITUD","LTRENDIDX","M","1999-09",100.7142,
"ESP","BCI","AMPLITUD","LTRENDIDX","M","1999-10",100.9169,
"ESP","BCI","AMPLITUD","LTRENDIDX","M","1999-11",101.0204,
"ESP","BCI","AMPLITUD","LTRENDIDX","M","1999-12",101.0308,
"ESP","BCI","AMPLITUD","LTRENDIDX","M","2000-01",101.0653,
"ESP","BCI","AMPLITUD","LTRENDIDX","M","2000-02",101.1641,
"ESP","BCI","AMPLITUD","LTRENDIDX","M","2000-03",101.256,
"ESP","BCI","AMPLITUD","LTRENDIDX","M","2000-04",101.3206,
"ESP","BCI","AMPLITUD","LTRENDIDX","M","2000-05",101.3691,
"ESP","BCI","AMPLITUD","LTRENDIDX","M","2000-06",101.3802,
"ESP","BCI","AMPLITUD","LTRENDIDX","M","2000-07",101.3241,
"ESP","BCI","AMPLITUD","LTRENDIDX","M","2000-08",101.3083,
"ESP","BCI","AMPLITUD","LTRENDIDX","M","2000-09",101.2265,
"ESP","BCI","AMPLITUD","LTRENDIDX","M","2000-10",101.1504,
"ESP","BCI","AMPLITUD","LTRENDIDX","M","2000-11",101.1921,
"ESP","BCI","AMPLITUD","LTRENDIDX","M","2000-12",101.2776,
"ESP","BCI","AMPLITUD","LTRENDIDX","M","2001-01",101.2621,
"ESP","BCI","AMPLITUD","LTRENDIDX","M","2001-02",101.1043,
"ESP","BCI","AMPLITUD","LTRENDIDX","M","2001-03",100.8936,
"ESP","BCI","AMPLITUD","LTRENDIDX","M","2001-04",100.7356,
"ESP","BCI","AMPLITUD","LTRENDIDX","M","2001-05",100.6189,
"ESP","BCI","AMPLITUD","LTRENDIDX","M","2001-06",100.4897,
"ESP","BCI","AMPLITUD","LTRENDIDX","M","2001-07",100.3581,
"ESP","BCI","AMPLITUD","LTRENDIDX","M","2001-08",100.2078,
"ESP","BCI","AMPLITUD","LTRENDIDX","M","2001-09",100.0551,
"ESP","BCI","AMPLITUD","LTRENDIDX","M","2001-10",99.97382,
"ESP","BCI","AMPLITUD","LTRENDIDX","M","2001-11",99.98707,
"ESP","BCI","AMPLITUD","LTRENDIDX","M","2001-12",100.0652,
"ESP","BCI","AMPLITUD","LTRENDIDX","M","2002-01",100.0707,
"ESP","BCI","AMPLITUD","LTRENDIDX","M","2002-02",100.0767,
"ESP","BCI","AMPLITUD","LTRENDIDX","M","2002-03",100.1005,
"ESP","BCI","AMPLITUD","LTRENDIDX","M","2002-04",100.2333,
"ESP","BCI","AMPLITUD","LTRENDIDX","M","2002-05",100.3762,
"ESP","BCI","AMPLITUD","LTRENDIDX","M","2002-06",100.4207,
"ESP","BCI","AMPLITUD","LTRENDIDX","M","2002-07",100.45,
"ESP","BCI","AMPLITUD","LTRENDIDX","M","2002-08",100.4337,
"ESP","BCI","AMPLITUD","LTRENDIDX","M","2002-09",100.3548,
"ESP","BCI","AMPLITUD","LTRENDIDX","M","2002-10",100.3097,
"ESP","BCI","AMPLITUD","LTRENDIDX","M","2002-11",100.2636,
"ESP","BCI","AMPLITUD","LTRENDIDX","M","2002-12",100.2729,
"ESP","BCI","AMPLITUD","LTRENDIDX","M","2003-01",100.3956,
"ESP","BCI","AMPLITUD","LTRENDIDX","M","2003-02",100.5048,
"ESP","BCI","AMPLITUD","LTRENDIDX","M","2003-03",100.479,
"ESP","BCI","AMPLITUD","LTRENDIDX","M","2003-04",100.4267,
"ESP","BCI","AMPLITUD","LTRENDIDX","M","2003-05",100.3261,
"ESP","BCI","AMPLITUD","LTRENDIDX","M","2003-06",100.2863,
"ESP","BCI","AMPLITUD","LTRENDIDX","M","2003-07",100.3974,
"ESP","BCI","AMPLITUD","LTRENDIDX","M","2003-08",100.5717,
"ESP","BCI","AMPLITUD","LTRENDIDX","M","2003-09",100.642,
"ESP","BCI","AMPLITUD","LTRENDIDX","M","2003-10",100.7292,
"ESP","BCI","AMPLITUD","LTRENDIDX","M","2003-11",100.7758,
"ESP","BCI","AMPLITUD","LTRENDIDX","M","2003-12",100.751,
"ESP","BCI","AMPLITUD","LTRENDIDX","M","2004-01",100.7289,
"ESP","BCI","AMPLITUD","LTRENDIDX","M","2004-02",100.7362,
"ESP","BCI","AMPLITUD","LTRENDIDX","M","2004-03",100.7536,
"ESP","BCI","AMPLITUD","LTRENDIDX","M","2004-04",100.8123,
"ESP","BCI","AMPLITUD","LTRENDIDX","M","2004-05",100.8414,
"ESP","BCI","AMPLITUD","LTRENDIDX","M","2004-06",100.849,
"ESP","BCI","AMPLITUD","LTRENDIDX","M","2004-07",100.7995,
"ESP","BCI","AMPLITUD","LTRENDIDX","M","2004-08",100.7618,
"ESP","BCI","AMPLITUD","LTRENDIDX","M","2004-09",100.8135,
"ESP","BCI","AMPLITUD","LTRENDIDX","M","2004-10",100.8801,
"ESP","BCI","AMPLITUD","LTRENDIDX","M","2004-11",100.871,
"ESP","BCI","AMPLITUD","LTRENDIDX","M","2004-12",100.811,
"ESP","BCI","AMPLITUD","LTRENDIDX","M","2005-01",100.7247,
"ESP","BCI","AMPLITUD","LTRENDIDX","M","2005-02",100.5813,
"ESP","BCI","AMPLITUD","LTRENDIDX","M","2005-03",100.5062,
"ESP","BCI","AMPLITUD","LTRENDIDX","M","2005-04",100.4234,
"ESP","BCI","AMPLITUD","LTRENDIDX","M","2005-05",100.3501,
"ESP","BCI","AMPLITUD","LTRENDIDX","M","2005-06",100.3645,
"ESP","BCI","AMPLITUD","LTRENDIDX","M","2005-07",100.4599,
"ESP","BCI","AMPLITUD","LTRENDIDX","M","2005-08",100.5409,
"ESP","BCI","AMPLITUD","LTRENDIDX","M","2005-09",100.6097,
"ESP","BCI","AMPLITUD","LTRENDIDX","M","2005-10",100.6223,
"ESP","BCI","AMPLITUD","LTRENDIDX","M","2005-11",100.6184,
"ESP","BCI","AMPLITUD","LTRENDIDX","M","2005-12",100.6143,
"ESP","BCI","AMPLITUD","LTRENDIDX","M","2006-01",100.5343,
"ESP","BCI","AMPLITUD","LTRENDIDX","M","2006-02",100.5585,
"ESP","BCI","AMPLITUD","LTRENDIDX","M","2006-03",100.6504,
"ESP","BCI","AMPLITUD","LTRENDIDX","M","2006-04",100.731,
"ESP","BCI","AMPLITUD","LTRENDIDX","M","2006-05",100.8365,
"ESP","BCI","AMPLITUD","LTRENDIDX","M","2006-06",100.8822,
"ESP","BCI","AMPLITUD","LTRENDIDX","M","2006-07",100.8382,
"ESP","BCI","AMPLITUD","LTRENDIDX","M","2006-08",100.8085,
"ESP","BCI","AMPLITUD","LTRENDIDX","M","2006-09",100.8569,
"ESP","BCI","AMPLITUD","LTRENDIDX","M","2006-10",100.8794,
"ESP","BCI","AMPLITUD","LTRENDIDX","M","2006-11",100.9733,
"ESP","BCI","AMPLITUD","LTRENDIDX","M","2006-12",101.1437,
"ESP","BCI","AMPLITUD","LTRENDIDX","M","2007-01",101.2512,
"ESP","BCI","AMPLITUD","LTRENDIDX","M","2007-02",101.2898,
"ESP","BCI","AMPLITUD","LTRENDIDX","M","2007-03",101.3112,
"ESP","BCI","AMPLITUD","LTRENDIDX","M","2007-04",101.24,
"ESP","BCI","AMPLITUD","LTRENDIDX","M","2007-05",101.1339,
"ESP","BCI","AMPLITUD","LTRENDIDX","M","2007-06",101.0777,
"ESP","BCI","AMPLITUD","LTRENDIDX","M","2007-07",101.0177,
"ESP","BCI","AMPLITUD","LTRENDIDX","M","2007-08",100.9334,
"ESP","BCI","AMPLITUD","LTRENDIDX","M","2007-09",100.8131,
"ESP","BCI","AMPLITUD","LTRENDIDX","M","2007-10",100.6869,
"ESP","BCI","AMPLITUD","LTRENDIDX","M","2007-11",100.7045,
"ESP","BCI","AMPLITUD","LTRENDIDX","M","2007-12",100.6569,
"ESP","BCI","AMPLITUD","LTRENDIDX","M","2008-01",100.5011,
"ESP","BCI","AMPLITUD","LTRENDIDX","M","2008-02",100.2717,
"ESP","BCI","AMPLITUD","LTRENDIDX","M","2008-03",100.0601,
"ESP","BCI","AMPLITUD","LTRENDIDX","M","2008-04",99.85713,
"ESP","BCI","AMPLITUD","LTRENDIDX","M","2008-05",99.60862,
"ESP","BCI","AMPLITUD","LTRENDIDX","M","2008-06",99.39721,
"ESP","BCI","AMPLITUD","LTRENDIDX","M","2008-07",99.22146,
"ESP","BCI","AMPLITUD","LTRENDIDX","M","2008-08",98.95684,
"ESP","BCI","AMPLITUD","LTRENDIDX","M","2008-09",98.55232,
"ESP","BCI","AMPLITUD","LTRENDIDX","M","2008-10",98.07593,
"ESP","BCI","AMPLITUD","LTRENDIDX","M","2008-11",97.61836,
"ESP","BCI","AMPLITUD","LTRENDIDX","M","2008-12",97.26866,
"ESP","BCI","AMPLITUD","LTRENDIDX","M","2009-01",97.15432,
"ESP","BCI","AMPLITUD","LTRENDIDX","M","2009-02",97.05028,
"ESP","BCI","AMPLITUD","LTRENDIDX","M","2009-03",97.03574,
"ESP","BCI","AMPLITUD","LTRENDIDX","M","2009-04",97.18093,
"ESP","BCI","AMPLITUD","LTRENDIDX","M","2009-05",97.34248,
"ESP","BCI","AMPLITUD","LTRENDIDX","M","2009-06",97.51909,
"ESP","BCI","AMPLITUD","LTRENDIDX","M","2009-07",97.75254,
"ESP","BCI","AMPLITUD","LTRENDIDX","M","2009-08",98.01372,
"ESP","BCI","AMPLITUD","LTRENDIDX","M","2009-09",98.1987,
"ESP","BCI","AMPLITUD","LTRENDIDX","M","2009-10",98.39972,
"ESP","BCI","AMPLITUD","LTRENDIDX","M","2009-11",98.53233,
"ESP","BCI","AMPLITUD","LTRENDIDX","M","2009-12",98.65613,
"ESP","BCI","AMPLITUD","LTRENDIDX","M","2010-01",98.83167,
"ESP","BCI","AMPLITUD","LTRENDIDX","M","2010-02",99.02798,
"ESP","BCI","AMPLITUD","LTRENDIDX","M","2010-03",99.24962,
"ESP","BCI","AMPLITUD","LTRENDIDX","M","2010-04",99.41338,
"ESP","BCI","AMPLITUD","LTRENDIDX","M","2010-05",99.50227,
"ESP","BCI","AMPLITUD","LTRENDIDX","M","2010-06",99.56875,
"ESP","BCI","AMPLITUD","LTRENDIDX","M","2010-07",99.58311,
"ESP","BCI","AMPLITUD","LTRENDIDX","M","2010-08",99.5967,
"ESP","BCI","AMPLITUD","LTRENDIDX","M","2010-09",99.65437,
"ESP","BCI","AMPLITUD","LTRENDIDX","M","2010-10",99.81231,
"ESP","BCI","AMPLITUD","LTRENDIDX","M","2010-11",99.96551,
"ESP","BCI","AMPLITUD","LTRENDIDX","M","2010-12",100.0968,
"ESP","BCI","AMPLITUD","LTRENDIDX","M","2011-01",100.1342,
"ESP","BCI","AMPLITUD","LTRENDIDX","M","2011-02",100.1009,
"ESP","BCI","AMPLITUD","LTRENDIDX","M","2011-03",99.98452,
"ESP","BCI","AMPLITUD","LTRENDIDX","M","2011-04",99.88494,
"ESP","BCI","AMPLITUD","LTRENDIDX","M","2011-05",99.81761,
"ESP","BCI","AMPLITUD","LTRENDIDX","M","2011-06",99.77145,
"ESP","BCI","AMPLITUD","LTRENDIDX","M","2011-07",99.64051,
"ESP","BCI","AMPLITUD","LTRENDIDX","M","2011-08",99.51017,
"ESP","BCI","AMPLITUD","LTRENDIDX","M","2011-09",99.40194,
"ESP","BCI","AMPLITUD","LTRENDIDX","M","2011-10",99.34128,
"ESP","BCI","AMPLITUD","LTRENDIDX","M","2011-11",99.24667,
"ESP","BCI","AMPLITUD","LTRENDIDX","M","2011-12",99.21981,
"ESP","BCI","AMPLITUD","LTRENDIDX","M","2012-01",99.31685,
"ESP","BCI","AMPLITUD","LTRENDIDX","M","2012-02",99.3769,
"ESP","BCI","AMPLITUD","LTRENDIDX","M","2012-03",99.34246,
"ESP","BCI","AMPLITUD","LTRENDIDX","M","2012-04",99.26186,
"ESP","BCI","AMPLITUD","LTRENDIDX","M","2012-05",99.18816,
"ESP","BCI","AMPLITUD","LTRENDIDX","M","2012-06",99.05099,
"ESP","BCI","AMPLITUD","LTRENDIDX","M","2012-07",98.92856,
"ESP","BCI","AMPLITUD","LTRENDIDX","M","2012-08",98.83003,
"ESP","BCI","AMPLITUD","LTRENDIDX","M","2012-09",98.85973,
"ESP","BCI","AMPLITUD","LTRENDIDX","M","2012-10",98.94,
"ESP","BCI","AMPLITUD","LTRENDIDX","M","2012-11",99.08415,
"ESP","BCI","AMPLITUD","LTRENDIDX","M","2012-12",99.19092,
"ESP","BCI","AMPLITUD","LTRENDIDX","M","2013-01",99.24464,
"ESP","BCI","AMPLITUD","LTRENDIDX","M","2013-02",99.33375,
"ESP","BCI","AMPLITUD","LTRENDIDX","M","2013-03",99.32571,
"ESP","BCI","AMPLITUD","LTRENDIDX","M","2013-04",99.31004,
"ESP","BCI","AMPLITUD","LTRENDIDX","M","2013-05",99.37688,
"ESP","BCI","AMPLITUD","LTRENDIDX","M","2013-06",99.45515,
"ESP","BCI","AMPLITUD","LTRENDIDX","M","2013-07",99.52758,
"ESP","BCI","AMPLITUD","LTRENDIDX","M","2013-08",99.60449,
"ESP","BCI","AMPLITUD","LTRENDIDX","M","2013-09",99.65142,
"ESP","BCI","AMPLITUD","LTRENDIDX","M","2013-10",99.66869,
"ESP","BCI","AMPLITUD","LTRENDIDX","M","2013-11",99.78016,
"ESP","BCI","AMPLITUD","LTRENDIDX","M","2013-12",99.92375,
"ESP","BCI","AMPLITUD","LTRENDIDX","M","2014-01",100.0009,
"ESP","BCI","AMPLITUD","LTRENDIDX","M","2014-02",100.0354,
"ESP","BCI","AMPLITUD","LTRENDIDX","M","2014-03",100.0235,
"ESP","BCI","AMPLITUD","LTRENDIDX","M","2014-04",100.0451,
"ESP","BCI","AMPLITUD","LTRENDIDX","M","2014-05",100.1196,
"ESP","BCI","AMPLITUD","LTRENDIDX","M","2014-06",100.2149,
"ESP","BCI","AMPLITUD","LTRENDIDX","M","2014-07",100.3095,
"ESP","BCI","AMPLITUD","LTRENDIDX","M","2014-08",100.3588,
"ESP","BCI","AMPLITUD","LTRENDIDX","M","2014-09",100.3786,
"ESP","BCI","AMPLITUD","LTRENDIDX","M","2014-10",100.3956,
"ESP","BCI","AMPLITUD","LTRENDIDX","M","2014-11",100.4272,
"ESP","BCI","AMPLITUD","LTRENDIDX","M","2014-12",100.4338,
"ESP","BCI","AMPLITUD","LTRENDIDX","M","2015-01",100.4958,
"ESP","BCI","AMPLITUD","LTRENDIDX","M","2015-02",100.6188,
"ESP","BCI","AMPLITUD","LTRENDIDX","M","2015-03",100.8072,
"ESP","BCI","AMPLITUD","LTRENDIDX","M","2015-04",100.9629,
"ESP","BCI","AMPLITUD","LTRENDIDX","M","2015-05",101.0507,
"ESP","BCI","AMPLITUD","LTRENDIDX","M","2015-06",101.0577,
"ESP","BCI","AMPLITUD","LTRENDIDX","M","2015-07",101.031,
"ESP","BCI","AMPLITUD","LTRENDIDX","M","2015-08",101.0493,
"ESP","BCI","AMPLITUD","LTRENDIDX","M","2015-09",101.0311,
"ESP","BCI","AMPLITUD","LTRENDIDX","M","2015-10",100.9766,
"ESP","BCI","AMPLITUD","LTRENDIDX","M","2015-11",100.9656,
"ESP","BCI","AMPLITUD","LTRENDIDX","M","2015-12",100.9926,
"ESP","BCI","AMPLITUD","LTRENDIDX","M","2016-01",100.8944,
"ESP","BCI","AMPLITUD","LTRENDIDX","M","2016-02",100.7925,
"ESP","BCI","AMPLITUD","LTRENDIDX","M","2016-03",100.7427,
"ESP","BCI","AMPLITUD","LTRENDIDX","M","2016-04",100.6911,
"ESP","BCI","AMPLITUD","LTRENDIDX","M","2016-05",100.6385,
"ESP","BCI","AMPLITUD","LTRENDIDX","M","2016-06",100.6297,
"ESP","BCI","AMPLITUD","LTRENDIDX","M","2016-07",100.5968,
"ESP","BCI","AMPLITUD","LTRENDIDX","M","2016-08",100.5877,
"ESP","BCI","AMPLITUD","LTRENDIDX","M","2016-09",100.6942,
"ESP","BCI","AMPLITUD","LTRENDIDX","M","2016-10",100.8424,
"ESP","BCI","AMPLITUD","LTRENDIDX","M","2016-11",100.9156,
"ESP","BCI","AMPLITUD","LTRENDIDX","M","2016-12",100.9083,
"ESP","BCI","AMPLITUD","LTRENDIDX","M","2017-01",100.9581,
"ESP","BCI","AMPLITUD","LTRENDIDX","M","2017-02",100.9872,
"ESP","BCI","AMPLITUD","LTRENDIDX","M","2017-03",100.9347,
"ESP","BCI","AMPLITUD","LTRENDIDX","M","2017-04",100.8941,
"ESP","BCI","AMPLITUD","LTRENDIDX","M","2017-05",100.8949,
"ESP","BCI","AMPLITUD","LTRENDIDX","M","2017-06",100.9012,
"ESP","BCI","AMPLITUD","LTRENDIDX","M","2017-07",100.842,
"NOR","BCI","AMPLITUD","LTRENDIDX","M","1987-03",100.2871,
"NOR","BCI","AMPLITUD","LTRENDIDX","M","1987-04",100.2399,
"NOR","BCI","AMPLITUD","LTRENDIDX","M","1987-05",100.1999,
"NOR","BCI","AMPLITUD","LTRENDIDX","M","1987-06",100.1803,
"NOR","BCI","AMPLITUD","LTRENDIDX","M","1987-07",100.1921,
"NOR","BCI","AMPLITUD","LTRENDIDX","M","1987-08",100.2155,
"NOR","BCI","AMPLITUD","LTRENDIDX","M","1987-09",100.2233,
"NOR","BCI","AMPLITUD","LTRENDIDX","M","1987-10",100.1932,
"NOR","BCI","AMPLITUD","LTRENDIDX","M","1987-11",100.1355,
"NOR","BCI","AMPLITUD","LTRENDIDX","M","1987-12",100.0559,
"NOR","BCI","AMPLITUD","LTRENDIDX","M","1988-01",99.94612,
"NOR","BCI","AMPLITUD","LTRENDIDX","M","1988-02",99.79575,
"NOR","BCI","AMPLITUD","LTRENDIDX","M","1988-03",99.57672,
"NOR","BCI","AMPLITUD","LTRENDIDX","M","1988-04",99.26771,
"NOR","BCI","AMPLITUD","LTRENDIDX","M","1988-05",98.94754,
"NOR","BCI","AMPLITUD","LTRENDIDX","M","1988-06",98.72922,
"NOR","BCI","AMPLITUD","LTRENDIDX","M","1988-07",98.70514,
"NOR","BCI","AMPLITUD","LTRENDIDX","M","1988-08",98.79047,
"NOR","BCI","AMPLITUD","LTRENDIDX","M","1988-09",98.88548,
"NOR","BCI","AMPLITUD","LTRENDIDX","M","1988-10",98.92848,
"NOR","BCI","AMPLITUD","LTRENDIDX","M","1988-11",98.93907,
"NOR","BCI","AMPLITUD","LTRENDIDX","M","1988-12",98.95945,
"NOR","BCI","AMPLITUD","LTRENDIDX","M","1989-01",99.02826,
"NOR","BCI","AMPLITUD","LTRENDIDX","M","1989-02",99.14451,
"NOR","BCI","AMPLITUD","LTRENDIDX","M","1989-03",99.31163,
"NOR","BCI","AMPLITUD","LTRENDIDX","M","1989-04",99.53406,
"NOR","BCI","AMPLITUD","LTRENDIDX","M","1989-05",99.76294,
"NOR","BCI","AMPLITUD","LTRENDIDX","M","1989-06",99.93063,
"NOR","BCI","AMPLITUD","LTRENDIDX","M","1989-07",99.97876,
"NOR","BCI","AMPLITUD","LTRENDIDX","M","1989-08",99.94744,
"NOR","BCI","AMPLITUD","LTRENDIDX","M","1989-09",99.87794,
"NOR","BCI","AMPLITUD","LTRENDIDX","M","1989-10",99.79472,
"NOR","BCI","AMPLITUD","LTRENDIDX","M","1989-11",99.7258,
"NOR","BCI","AMPLITUD","LTRENDIDX","M","1989-12",99.70688,
"NOR","BCI","AMPLITUD","LTRENDIDX","M","1990-01",99.77129,
"NOR","BCI","AMPLITUD","LTRENDIDX","M","1990-02",99.88995,
"NOR","BCI","AMPLITUD","LTRENDIDX","M","1990-03",100.0294,
"NOR","BCI","AMPLITUD","LTRENDIDX","M","1990-04",100.1555,
"NOR","BCI","AMPLITUD","LTRENDIDX","M","1990-05",100.2167,
"NOR","BCI","AMPLITUD","LTRENDIDX","M","1990-06",100.1298,
"NOR","BCI","AMPLITUD","LTRENDIDX","M","1990-07",99.83053,
"NOR","BCI","AMPLITUD","LTRENDIDX","M","1990-08",99.47291,
"NOR","BCI","AMPLITUD","LTRENDIDX","M","1990-09",99.26276,
"NOR","BCI","AMPLITUD","LTRENDIDX","M","1990-10",99.35005,
"NOR","BCI","AMPLITUD","LTRENDIDX","M","1990-11",99.57368,
"NOR","BCI","AMPLITUD","LTRENDIDX","M","1990-12",99.71353,
"NOR","BCI","AMPLITUD","LTRENDIDX","M","1991-01",99.60626,
"NOR","BCI","AMPLITUD","LTRENDIDX","M","1991-02",99.34478,
"NOR","BCI","AMPLITUD","LTRENDIDX","M","1991-03",99.05538,
"NOR","BCI","AMPLITUD","LTRENDIDX","M","1991-04",98.82895,
"NOR","BCI","AMPLITUD","LTRENDIDX","M","1991-05",98.68017,
"NOR","BCI","AMPLITUD","LTRENDIDX","M","1991-06",98.62766,
"NOR","BCI","AMPLITUD","LTRENDIDX","M","1991-07",98.69651,
"NOR","BCI","AMPLITUD","LTRENDIDX","M","1991-08",98.82448,
"NOR","BCI","AMPLITUD","LTRENDIDX","M","1991-09",98.94813,
"NOR","BCI","AMPLITUD","LTRENDIDX","M","1991-10",99.02981,
"NOR","BCI","AMPLITUD","LTRENDIDX","M","1991-11",99.08901,
"NOR","BCI","AMPLITUD","LTRENDIDX","M","1991-12",99.15926,
"NOR","BCI","AMPLITUD","LTRENDIDX","M","1992-01",99.26757,
"NOR","BCI","AMPLITUD","LTRENDIDX","M","1992-02",99.40283,
"NOR","BCI","AMPLITUD","LTRENDIDX","M","1992-03",99.54408,
"NOR","BCI","AMPLITUD","LTRENDIDX","M","1992-04",99.66186,
"NOR","BCI","AMPLITUD","LTRENDIDX","M","1992-05",99.71367,
"NOR","BCI","AMPLITUD","LTRENDIDX","M","1992-06",99.6241,
"NOR","BCI","AMPLITUD","LTRENDIDX","M","1992-07",99.33108,
"NOR","BCI","AMPLITUD","LTRENDIDX","M","1992-08",98.97342,
"NOR","BCI","AMPLITUD","LTRENDIDX","M","1992-09",98.73586,
"NOR","BCI","AMPLITUD","LTRENDIDX","M","1992-10",98.75867,
"NOR","BCI","AMPLITUD","LTRENDIDX","M","1992-11",98.92721,
"NOR","BCI","AMPLITUD","LTRENDIDX","M","1992-12",99.09535,
"NOR","BCI","AMPLITUD","LTRENDIDX","M","1993-01",99.16317,
"NOR","BCI","AMPLITUD","LTRENDIDX","M","1993-02",99.15495,
"NOR","BCI","AMPLITUD","LTRENDIDX","M","1993-03",99.11522,
"NOR","BCI","AMPLITUD","LTRENDIDX","M","1993-04",99.08073,
"NOR","BCI","AMPLITUD","LTRENDIDX","M","1993-05",99.08398,
"NOR","BCI","AMPLITUD","LTRENDIDX","M","1993-06",99.17084,
"NOR","BCI","AMPLITUD","LTRENDIDX","M","1993-07",99.38036,
"NOR","BCI","AMPLITUD","LTRENDIDX","M","1993-08",99.64106,
"NOR","BCI","AMPLITUD","LTRENDIDX","M","1993-09",99.86404,
"NOR","BCI","AMPLITUD","LTRENDIDX","M","1993-10",99.98505,
"NOR","BCI","AMPLITUD","LTRENDIDX","M","1993-11",100.0442,
"NOR","BCI","AMPLITUD","LTRENDIDX","M","1993-12",100.0923,
"NOR","BCI","AMPLITUD","LTRENDIDX","M","1994-01",100.1596,
"NOR","BCI","AMPLITUD","LTRENDIDX","M","1994-02",100.2349,
"NOR","BCI","AMPLITUD","LTRENDIDX","M","1994-03",100.2929,
"NOR","BCI","AMPLITUD","LTRENDIDX","M","1994-04",100.3137,
"NOR","BCI","AMPLITUD","LTRENDIDX","M","1994-05",100.3193,
"NOR","BCI","AMPLITUD","LTRENDIDX","M","1994-06",100.3392,
"NOR","BCI","AMPLITUD","LTRENDIDX","M","1994-07",100.3918,
"NOR","BCI","AMPLITUD","LTRENDIDX","M","1994-08",100.45,
"NOR","BCI","AMPLITUD","LTRENDIDX","M","1994-09",100.4725,
"NOR","BCI","AMPLITUD","LTRENDIDX","M","1994-10",100.4282,
"NOR","BCI","AMPLITUD","LTRENDIDX","M","1994-11",100.3568,
"NOR","BCI","AMPLITUD","LTRENDIDX","M","1994-12",100.3077,
"NOR","BCI","AMPLITUD","LTRENDIDX","M","1995-01",100.3052,
"NOR","BCI","AMPLITUD","LTRENDIDX","M","1995-02",100.2919,
"NOR","BCI","AMPLITUD","LTRENDIDX","M","1995-03",100.1795,
"NOR","BCI","AMPLITUD","LTRENDIDX","M","1995-04",99.90911,
"NOR","BCI","AMPLITUD","LTRENDIDX","M","1995-05",99.61232,
"NOR","BCI","AMPLITUD","LTRENDIDX","M","1995-06",99.47543,
"NOR","BCI","AMPLITUD","LTRENDIDX","M","1995-07",99.63097,
"NOR","BCI","AMPLITUD","LTRENDIDX","M","1995-08",99.88903,
"NOR","BCI","AMPLITUD","LTRENDIDX","M","1995-09",99.98771,
"NOR","BCI","AMPLITUD","LTRENDIDX","M","1995-10",99.74106,
"NOR","BCI","AMPLITUD","LTRENDIDX","M","1995-11",99.34643,
"NOR","BCI","AMPLITUD","LTRENDIDX","M","1995-12",99.08752,
"NOR","BCI","AMPLITUD","LTRENDIDX","M","1996-01",99.18542,
"NOR","BCI","AMPLITUD","LTRENDIDX","M","1996-02",99.51389,
"NOR","BCI","AMPLITUD","LTRENDIDX","M","1996-03",99.91472,
"NOR","BCI","AMPLITUD","LTRENDIDX","M","1996-04",100.2826,
"NOR","BCI","AMPLITUD","LTRENDIDX","M","1996-05",100.5773,
"NOR","BCI","AMPLITUD","LTRENDIDX","M","1996-06",100.7579,
"NOR","BCI","AMPLITUD","LTRENDIDX","M","1996-07",100.7895,
"NOR","BCI","AMPLITUD","LTRENDIDX","M","1996-08",100.7645,
"NOR","BCI","AMPLITUD","LTRENDIDX","M","1996-09",100.7912,
"NOR","BCI","AMPLITUD","LTRENDIDX","M","1996-10",100.9393,
"NOR","BCI","AMPLITUD","LTRENDIDX","M","1996-11",101.1337,
"NOR","BCI","AMPLITUD","LTRENDIDX","M","1996-12",101.2642,
"NOR","BCI","AMPLITUD","LTRENDIDX","M","1997-01",101.2498,
"NOR","BCI","AMPLITUD","LTRENDIDX","M","1997-02",101.1665,
"NOR","BCI","AMPLITUD","LTRENDIDX","M","1997-03",101.1189,
"NOR","BCI","AMPLITUD","LTRENDIDX","M","1997-04",101.1815,
"NOR","BCI","AMPLITUD","LTRENDIDX","M","1997-05",101.3036,
"NOR","BCI","AMPLITUD","LTRENDIDX","M","1997-06",101.4127,
"NOR","BCI","AMPLITUD","LTRENDIDX","M","1997-07",101.4588,
"NOR","BCI","AMPLITUD","LTRENDIDX","M","1997-08",101.4712,
"NOR","BCI","AMPLITUD","LTRENDIDX","M","1997-09",101.4903,
"NOR","BCI","AMPLITUD","LTRENDIDX","M","1997-10",101.5328,
"NOR","BCI","AMPLITUD","LTRENDIDX","M","1997-11",101.5504,
"NOR","BCI","AMPLITUD","LTRENDIDX","M","1997-12",101.456,
"NOR","BCI","AMPLITUD","LTRENDIDX","M","1998-01",101.1742,
"NOR","BCI","AMPLITUD","LTRENDIDX","M","1998-02",100.8052,
"NOR","BCI","AMPLITUD","LTRENDIDX","M","1998-03",100.4754,
"NOR","BCI","AMPLITUD","LTRENDIDX","M","1998-04",100.2769,
"NOR","BCI","AMPLITUD","LTRENDIDX","M","1998-05",100.1671,
"NOR","BCI","AMPLITUD","LTRENDIDX","M","1998-06",100.0884,
"NOR","BCI","AMPLITUD","LTRENDIDX","M","1998-07",99.99921,
"NOR","BCI","AMPLITUD","LTRENDIDX","M","1998-08",99.8739,
"NOR","BCI","AMPLITUD","LTRENDIDX","M","1998-09",99.68321,
"NOR","BCI","AMPLITUD","LTRENDIDX","M","1998-10",99.4102,
"NOR","BCI","AMPLITUD","LTRENDIDX","M","1998-11",99.13194,
"NOR","BCI","AMPLITUD","LTRENDIDX","M","1998-12",98.9584,
"NOR","BCI","AMPLITUD","LTRENDIDX","M","1999-01",98.97667,
"NOR","BCI","AMPLITUD","LTRENDIDX","M","1999-02",99.0904,
"NOR","BCI","AMPLITUD","LTRENDIDX","M","1999-03",99.18016,
"NOR","BCI","AMPLITUD","LTRENDIDX","M","1999-04",99.16833,
"NOR","BCI","AMPLITUD","LTRENDIDX","M","1999-05",99.10797,
"NOR","BCI","AMPLITUD","LTRENDIDX","M","1999-06",99.08315,
"NOR","BCI","AMPLITUD","LTRENDIDX","M","1999-07",99.15778,
"NOR","BCI","AMPLITUD","LTRENDIDX","M","1999-08",99.28888,
"NOR","BCI","AMPLITUD","LTRENDIDX","M","1999-09",99.41853,
"NOR","BCI","AMPLITUD","LTRENDIDX","M","1999-10",99.50931,
"NOR","BCI","AMPLITUD","LTRENDIDX","M","1999-11",99.58124,
"NOR","BCI","AMPLITUD","LTRENDIDX","M","1999-12",99.67022,
"NOR","BCI","AMPLITUD","LTRENDIDX","M","2000-01",99.80534,
"NOR","BCI","AMPLITUD","LTRENDIDX","M","2000-02",99.96914,
"NOR","BCI","AMPLITUD","LTRENDIDX","M","2000-03",100.1387,
"NOR","BCI","AMPLITUD","LTRENDIDX","M","2000-04",100.2982,
"NOR","BCI","AMPLITUD","LTRENDIDX","M","2000-05",100.4451,
"NOR","BCI","AMPLITUD","LTRENDIDX","M","2000-06",100.5775,
"NOR","BCI","AMPLITUD","LTRENDIDX","M","2000-07",100.6934,
"NOR","BCI","AMPLITUD","LTRENDIDX","M","2000-08",100.8042,
"NOR","BCI","AMPLITUD","LTRENDIDX","M","2000-09",100.9184,
"NOR","BCI","AMPLITUD","LTRENDIDX","M","2000-10",101.0307,
"NOR","BCI","AMPLITUD","LTRENDIDX","M","2000-11",101.1065,
"NOR","BCI","AMPLITUD","LTRENDIDX","M","2000-12",101.0818,
"NOR","BCI","AMPLITUD","LTRENDIDX","M","2001-01",100.8986,
"NOR","BCI","AMPLITUD","LTRENDIDX","M","2001-02",100.6412,
"NOR","BCI","AMPLITUD","LTRENDIDX","M","2001-03",100.4114,
"NOR","BCI","AMPLITUD","LTRENDIDX","M","2001-04",100.2777,
"NOR","BCI","AMPLITUD","LTRENDIDX","M","2001-05",100.1973,
"NOR","BCI","AMPLITUD","LTRENDIDX","M","2001-06",100.1099,
"NOR","BCI","AMPLITUD","LTRENDIDX","M","2001-07",99.97752,
"NOR","BCI","AMPLITUD","LTRENDIDX","M","2001-08",99.83217,
"NOR","BCI","AMPLITUD","LTRENDIDX","M","2001-09",99.73244,
"NOR","BCI","AMPLITUD","LTRENDIDX","M","2001-10",99.73312,
"NOR","BCI","AMPLITUD","LTRENDIDX","M","2001-11",99.80925,
"NOR","BCI","AMPLITUD","LTRENDIDX","M","2001-12",99.93932,
"NOR","BCI","AMPLITUD","LTRENDIDX","M","2002-01",100.1133,
"NOR","BCI","AMPLITUD","LTRENDIDX","M","2002-02",100.2863,
"NOR","BCI","AMPLITUD","LTRENDIDX","M","2002-03",100.3954,
"NOR","BCI","AMPLITUD","LTRENDIDX","M","2002-04",100.376,
"NOR","BCI","AMPLITUD","LTRENDIDX","M","2002-05",100.2437,
"NOR","BCI","AMPLITUD","LTRENDIDX","M","2002-06",99.99241,
"NOR","BCI","AMPLITUD","LTRENDIDX","M","2002-07",99.60656,
"NOR","BCI","AMPLITUD","LTRENDIDX","M","2002-08",99.19121,
"NOR","BCI","AMPLITUD","LTRENDIDX","M","2002-09",98.88161,
"NOR","BCI","AMPLITUD","LTRENDIDX","M","2002-10",98.78204,
"NOR","BCI","AMPLITUD","LTRENDIDX","M","2002-11",98.79883,
"NOR","BCI","AMPLITUD","LTRENDIDX","M","2002-12",98.81922,
"NOR","BCI","AMPLITUD","LTRENDIDX","M","2003-01",98.77369,
"NOR","BCI","AMPLITUD","LTRENDIDX","M","2003-02",98.69471,
"NOR","BCI","AMPLITUD","LTRENDIDX","M","2003-03",98.64695,
"NOR","BCI","AMPLITUD","LTRENDIDX","M","2003-04",98.69084,
"NOR","BCI","AMPLITUD","LTRENDIDX","M","2003-05",98.81497,
"NOR","BCI","AMPLITUD","LTRENDIDX","M","2003-06",99.01724,
"NOR","BCI","AMPLITUD","LTRENDIDX","M","2003-07",99.30573,
"NOR","BCI","AMPLITUD","LTRENDIDX","M","2003-08",99.62148,
"NOR","BCI","AMPLITUD","LTRENDIDX","M","2003-09",99.89621,
"NOR","BCI","AMPLITUD","LTRENDIDX","M","2003-10",100.0826,
"NOR","BCI","AMPLITUD","LTRENDIDX","M","2003-11",100.2259,
"NOR","BCI","AMPLITUD","LTRENDIDX","M","2003-12",100.3854,
"NOR","BCI","AMPLITUD","LTRENDIDX","M","2004-01",100.5993,
"NOR","BCI","AMPLITUD","LTRENDIDX","M","2004-02",100.8339,
"NOR","BCI","AMPLITUD","LTRENDIDX","M","2004-03",101.0338,
"NOR","BCI","AMPLITUD","LTRENDIDX","M","2004-04",101.1532,
"NOR","BCI","AMPLITUD","LTRENDIDX","M","2004-05",101.2205,
"NOR","BCI","AMPLITUD","LTRENDIDX","M","2004-06",101.2668,
"NOR","BCI","AMPLITUD","LTRENDIDX","M","2004-07",101.3066,
"NOR","BCI","AMPLITUD","LTRENDIDX","M","2004-08",101.3391,
"NOR","BCI","AMPLITUD","LTRENDIDX","M","2004-09",101.3516,
"NOR","BCI","AMPLITUD","LTRENDIDX","M","2004-10",101.3295,
"NOR","BCI","AMPLITUD","LTRENDIDX","M","2004-11",101.2873,
"NOR","BCI","AMPLITUD","LTRENDIDX","M","2004-12",101.2402,
"NOR","BCI","AMPLITUD","LTRENDIDX","M","2005-01",101.1961,
"NOR","BCI","AMPLITUD","LTRENDIDX","M","2005-02",101.1525,
"NOR","BCI","AMPLITUD","LTRENDIDX","M","2005-03",101.1037,
"NOR","BCI","AMPLITUD","LTRENDIDX","M","2005-04",101.0466,
"NOR","BCI","AMPLITUD","LTRENDIDX","M","2005-05",100.993,
"NOR","BCI","AMPLITUD","LTRENDIDX","M","2005-06",100.9652,
"NOR","BCI","AMPLITUD","LTRENDIDX","M","2005-07",100.9882,
"NOR","BCI","AMPLITUD","LTRENDIDX","M","2005-08",101.056,
"NOR","BCI","AMPLITUD","LTRENDIDX","M","2005-09",101.1702,
"NOR","BCI","AMPLITUD","LTRENDIDX","M","2005-10",101.3335,
"NOR","BCI","AMPLITUD","LTRENDIDX","M","2005-11",101.4967,
"NOR","BCI","AMPLITUD","LTRENDIDX","M","2005-12",101.593,
"NOR","BCI","AMPLITUD","LTRENDIDX","M","2006-01",101.5719,
"NOR","BCI","AMPLITUD","LTRENDIDX","M","2006-02",101.5007,
"NOR","BCI","AMPLITUD","LTRENDIDX","M","2006-03",101.4689,
"NOR","BCI","AMPLITUD","LTRENDIDX","M","2006-04",101.542,
"NOR","BCI","AMPLITUD","LTRENDIDX","M","2006-05",101.6769,
"NOR","BCI","AMPLITUD","LTRENDIDX","M","2006-06",101.8173,
"NOR","BCI","AMPLITUD","LTRENDIDX","M","2006-07",101.927,
"NOR","BCI","AMPLITUD","LTRENDIDX","M","2006-08",102.0182,
"NOR","BCI","AMPLITUD","LTRENDIDX","M","2006-09",102.1121,
"NOR","BCI","AMPLITUD","LTRENDIDX","M","2006-10",102.2186,
"NOR","BCI","AMPLITUD","LTRENDIDX","M","2006-11",102.3124,
"NOR","BCI","AMPLITUD","LTRENDIDX","M","2006-12",102.3439,
"NOR","BCI","AMPLITUD","LTRENDIDX","M","2007-01",102.263,
"NOR","BCI","AMPLITUD","LTRENDIDX","M","2007-02",102.1047,
"NOR","BCI","AMPLITUD","LTRENDIDX","M","2007-03",101.8997,
"NOR","BCI","AMPLITUD","LTRENDIDX","M","2007-04",101.6623,
"NOR","BCI","AMPLITUD","LTRENDIDX","M","2007-05",101.4247,
"NOR","BCI","AMPLITUD","LTRENDIDX","M","2007-06",101.2249,
"NOR","BCI","AMPLITUD","LTRENDIDX","M","2007-07",101.0936,
"NOR","BCI","AMPLITUD","LTRENDIDX","M","2007-08",101.0041,
"NOR","BCI","AMPLITUD","LTRENDIDX","M","2007-09",100.9295,
"NOR","BCI","AMPLITUD","LTRENDIDX","M","2007-10",100.8578,
"NOR","BCI","AMPLITUD","LTRENDIDX","M","2007-11",100.7918,
"NOR","BCI","AMPLITUD","LTRENDIDX","M","2007-12",100.7409,
"NOR","BCI","AMPLITUD","LTRENDIDX","M","2008-01",100.7072,
"NOR","BCI","AMPLITUD","LTRENDIDX","M","2008-02",100.6558,
"NOR","BCI","AMPLITUD","LTRENDIDX","M","2008-03",100.5273,
"NOR","BCI","AMPLITUD","LTRENDIDX","M","2008-04",100.2686,
"NOR","BCI","AMPLITUD","LTRENDIDX","M","2008-05",99.93929,
"NOR","BCI","AMPLITUD","LTRENDIDX","M","2008-06",99.60115,
"NOR","BCI","AMPLITUD","LTRENDIDX","M","2008-07",99.2774,
"NOR","BCI","AMPLITUD","LTRENDIDX","M","2008-08",98.92107,
"NOR","BCI","AMPLITUD","LTRENDIDX","M","2008-09",98.44578,
"NOR","BCI","AMPLITUD","LTRENDIDX","M","2008-10",97.78895,
"NOR","BCI","AMPLITUD","LTRENDIDX","M","2008-11",97.09407,
"NOR","BCI","AMPLITUD","LTRENDIDX","M","2008-12",96.57777,
"NOR","BCI","AMPLITUD","LTRENDIDX","M","2009-01",96.4348,
"NOR","BCI","AMPLITUD","LTRENDIDX","M","2009-02",96.56462,
"NOR","BCI","AMPLITUD","LTRENDIDX","M","2009-03",96.88519,
"NOR","BCI","AMPLITUD","LTRENDIDX","M","2009-04",97.37405,
"NOR","BCI","AMPLITUD","LTRENDIDX","M","2009-05",97.91873,
"NOR","BCI","AMPLITUD","LTRENDIDX","M","2009-06",98.40569,
"NOR","BCI","AMPLITUD","LTRENDIDX","M","2009-07",98.75354,
"NOR","BCI","AMPLITUD","LTRENDIDX","M","2009-08",99.00392,
"NOR","BCI","AMPLITUD","LTRENDIDX","M","2009-09",99.19918,
"NOR","BCI","AMPLITUD","LTRENDIDX","M","2009-10",99.35739,
"NOR","BCI","AMPLITUD","LTRENDIDX","M","2009-11",99.50256,
"NOR","BCI","AMPLITUD","LTRENDIDX","M","2009-12",99.6498,
"NOR","BCI","AMPLITUD","LTRENDIDX","M","2010-01",99.80356,
"NOR","BCI","AMPLITUD","LTRENDIDX","M","2010-02",99.95371,
"NOR","BCI","AMPLITUD","LTRENDIDX","M","2010-03",100.0831,
"NOR","BCI","AMPLITUD","LTRENDIDX","M","2010-04",100.1786,
"NOR","BCI","AMPLITUD","LTRENDIDX","M","2010-05",100.2631,
"NOR","BCI","AMPLITUD","LTRENDIDX","M","2010-06",100.3681,
"NOR","BCI","AMPLITUD","LTRENDIDX","M","2010-07",100.5185,
"NOR","BCI","AMPLITUD","LTRENDIDX","M","2010-08",100.6954,
"NOR","BCI","AMPLITUD","LTRENDIDX","M","2010-09",100.8725,
"NOR","BCI","AMPLITUD","LTRENDIDX","M","2010-10",101.0256,
"NOR","BCI","AMPLITUD","LTRENDIDX","M","2010-11",101.1417,
"NOR","BCI","AMPLITUD","LTRENDIDX","M","2010-12",101.1942,
"NOR","BCI","AMPLITUD","LTRENDIDX","M","2011-01",101.1556,
"NOR","BCI","AMPLITUD","LTRENDIDX","M","2011-02",101.0729,
"NOR","BCI","AMPLITUD","LTRENDIDX","M","2011-03",100.9977,
"NOR","BCI","AMPLITUD","LTRENDIDX","M","2011-04",100.959,
"NOR","BCI","AMPLITUD","LTRENDIDX","M","2011-05",100.9301,
"NOR","BCI","AMPLITUD","LTRENDIDX","M","2011-06",100.8668,
"NOR","BCI","AMPLITUD","LTRENDIDX","M","2011-07",100.7365,
"NOR","BCI","AMPLITUD","LTRENDIDX","M","2011-08",100.5812,
"NOR","BCI","AMPLITUD","LTRENDIDX","M","2011-09",100.4636,
"NOR","BCI","AMPLITUD","LTRENDIDX","M","2011-10",100.4367,
"NOR","BCI","AMPLITUD","LTRENDIDX","M","2011-11",100.4768,
"NOR","BCI","AMPLITUD","LTRENDIDX","M","2011-12",100.5609,
"NOR","BCI","AMPLITUD","LTRENDIDX","M","2012-01",100.6763,
"NOR","BCI","AMPLITUD","LTRENDIDX","M","2012-02",100.7872,
"NOR","BCI","AMPLITUD","LTRENDIDX","M","2012-03",100.8445,
"NOR","BCI","AMPLITUD","LTRENDIDX","M","2012-04",100.8004,
"NOR","BCI","AMPLITUD","LTRENDIDX","M","2012-05",100.6767,
"NOR","BCI","AMPLITUD","LTRENDIDX","M","2012-06",100.4874,
"NOR","BCI","AMPLITUD","LTRENDIDX","M","2012-07",100.2404,
"NOR","BCI","AMPLITUD","LTRENDIDX","M","2012-08",100.0058,
"NOR","BCI","AMPLITUD","LTRENDIDX","M","2012-09",99.8795,
"NOR","BCI","AMPLITUD","LTRENDIDX","M","2012-10",99.93635,
"NOR","BCI","AMPLITUD","LTRENDIDX","M","2012-11",100.0734,
"NOR","BCI","AMPLITUD","LTRENDIDX","M","2012-12",100.1584,
"NOR","BCI","AMPLITUD","LTRENDIDX","M","2013-01",100.098,
"NOR","BCI","AMPLITUD","LTRENDIDX","M","2013-02",99.95797,
"NOR","BCI","AMPLITUD","LTRENDIDX","M","2013-03",99.8326,
"NOR","BCI","AMPLITUD","LTRENDIDX","M","2013-04",99.79435,
"NOR","BCI","AMPLITUD","LTRENDIDX","M","2013-05",99.82838,
"NOR","BCI","AMPLITUD","LTRENDIDX","M","2013-06",99.91862,
"NOR","BCI","AMPLITUD","LTRENDIDX","M","2013-07",100.0616,
"NOR","BCI","AMPLITUD","LTRENDIDX","M","2013-08",100.2238,
"NOR","BCI","AMPLITUD","LTRENDIDX","M","2013-09",100.371,
"NOR","BCI","AMPLITUD","LTRENDIDX","M","2013-10",100.4772,
"NOR","BCI","AMPLITUD","LTRENDIDX","M","2013-11",100.55,
"NOR","BCI","AMPLITUD","LTRENDIDX","M","2013-12",100.5936,
"NOR","BCI","AMPLITUD","LTRENDIDX","M","2014-01",100.6055,
"NOR","BCI","AMPLITUD","LTRENDIDX","M","2014-02",100.6027,
"NOR","BCI","AMPLITUD","LTRENDIDX","M","2014-03",100.5979,
"NOR","BCI","AMPLITUD","LTRENDIDX","M","2014-04",100.5905,
"NOR","BCI","AMPLITUD","LTRENDIDX","M","2014-05",100.5604,
"NOR","BCI","AMPLITUD","LTRENDIDX","M","2014-06",100.4675,
"NOR","BCI","AMPLITUD","LTRENDIDX","M","2014-07",100.2737,
"NOR","BCI","AMPLITUD","LTRENDIDX","M","2014-08",100.0285,
"NOR","BCI","AMPLITUD","LTRENDIDX","M","2014-09",99.79083,
"NOR","BCI","AMPLITUD","LTRENDIDX","M","2014-10",99.6024,
"NOR","BCI","AMPLITUD","LTRENDIDX","M","2014-11",99.45368,
"NOR","BCI","AMPLITUD","LTRENDIDX","M","2014-12",99.33225,
"NOR","BCI","AMPLITUD","LTRENDIDX","M","2015-01",99.23154,
"NOR","BCI","AMPLITUD","LTRENDIDX","M","2015-02",99.13226,
"NOR","BCI","AMPLITUD","LTRENDIDX","M","2015-03",99.01382,
"NOR","BCI","AMPLITUD","LTRENDIDX","M","2015-04",98.86424,
"NOR","BCI","AMPLITUD","LTRENDIDX","M","2015-05",98.70934,
"NOR","BCI","AMPLITUD","LTRENDIDX","M","2015-06",98.58797,
"NOR","BCI","AMPLITUD","LTRENDIDX","M","2015-07",98.53274,
"NOR","BCI","AMPLITUD","LTRENDIDX","M","2015-08",98.51698,
"NOR","BCI","AMPLITUD","LTRENDIDX","M","2015-09",98.51102,
"NOR","BCI","AMPLITUD","LTRENDIDX","M","2015-10",98.49892,
"NOR","BCI","AMPLITUD","LTRENDIDX","M","2015-11",98.48534,
"NOR","BCI","AMPLITUD","LTRENDIDX","M","2015-12",98.48691,
"NOR","BCI","AMPLITUD","LTRENDIDX","M","2016-01",98.52506,
"NOR","BCI","AMPLITUD","LTRENDIDX","M","2016-02",98.60371,
"NOR","BCI","AMPLITUD","LTRENDIDX","M","2016-03",98.73623,
"NOR","BCI","AMPLITUD","LTRENDIDX","M","2016-04",98.93201,
"NOR","BCI","AMPLITUD","LTRENDIDX","M","2016-05",99.1291,
"NOR","BCI","AMPLITUD","LTRENDIDX","M","2016-06",99.24129,
"NOR","BCI","AMPLITUD","LTRENDIDX","M","2016-07",99.20384,
"NOR","BCI","AMPLITUD","LTRENDIDX","M","2016-08",99.10407,
"NOR","BCI","AMPLITUD","LTRENDIDX","M","2016-09",99.0591,
"NOR","BCI","AMPLITUD","LTRENDIDX","M","2016-10",99.15575,
"NOR","BCI","AMPLITUD","LTRENDIDX","M","2016-11",99.33574,
"NOR","BCI","AMPLITUD","LTRENDIDX","M","2016-12",99.52258,
"NOR","BCI","AMPLITUD","LTRENDIDX","M","2017-01",99.66508,
"NOR","BCI","AMPLITUD","LTRENDIDX","M","2017-02",99.77404,
"NOR","BCI","AMPLITUD","LTRENDIDX","M","2017-03",99.87101,
"NOR","BCI","AMPLITUD","LTRENDIDX","M","2017-04",99.97054,
"NOR","BCI","AMPLITUD","LTRENDIDX","M","2017-05",100.0745,
"NOR","BCI","AMPLITUD","LTRENDIDX","M","2017-06",100.1806,
"USA","BCI","AMPLITUD","LTRENDIDX","M","1950-01",101.087,
"USA","BCI","AMPLITUD","LTRENDIDX","M","1950-02",101.608,
"USA","BCI","AMPLITUD","LTRENDIDX","M","1950-03",102.3024,
"USA","BCI","AMPLITUD","LTRENDIDX","M","1950-04",103.2919,
"USA","BCI","AMPLITUD","LTRENDIDX","M","1950-05",104.2893,
"USA","BCI","AMPLITUD","LTRENDIDX","M","1950-06",104.8761,
"USA","BCI","AMPLITUD","LTRENDIDX","M","1950-07",104.8983,
"USA","BCI","AMPLITUD","LTRENDIDX","M","1950-08",104.2803,
"USA","BCI","AMPLITUD","LTRENDIDX","M","1950-09",103.1932,
"USA","BCI","AMPLITUD","LTRENDIDX","M","1950-10",102.3137,
"USA","BCI","AMPLITUD","LTRENDIDX","M","1950-11",102.2857,
"USA","BCI","AMPLITUD","LTRENDIDX","M","1950-12",102.7208,
"USA","BCI","AMPLITUD","LTRENDIDX","M","1951-01",103.0502,
"USA","BCI","AMPLITUD","LTRENDIDX","M","1951-02",102.9333,
"USA","BCI","AMPLITUD","LTRENDIDX","M","1951-03",102.0767,
"USA","BCI","AMPLITUD","LTRENDIDX","M","1951-04",100.6674,
"USA","BCI","AMPLITUD","LTRENDIDX","M","1951-05",99.42717,
"USA","BCI","AMPLITUD","LTRENDIDX","M","1951-06",98.48866,
"USA","BCI","AMPLITUD","LTRENDIDX","M","1951-07",98.04472,
"USA","BCI","AMPLITUD","LTRENDIDX","M","1951-08",98.18903,
"USA","BCI","AMPLITUD","LTRENDIDX","M","1951-09",98.64236,
"USA","BCI","AMPLITUD","LTRENDIDX","M","1951-10",98.92484,
"USA","BCI","AMPLITUD","LTRENDIDX","M","1951-11",98.85269,
"USA","BCI","AMPLITUD","LTRENDIDX","M","1951-12",98.57233,
"USA","BCI","AMPLITUD","LTRENDIDX","M","1952-01",98.12586,
"USA","BCI","AMPLITUD","LTRENDIDX","M","1952-02",97.58375,
"USA","BCI","AMPLITUD","LTRENDIDX","M","1952-03",97.11121,
"USA","BCI","AMPLITUD","LTRENDIDX","M","1952-04",96.89818,
"USA","BCI","AMPLITUD","LTRENDIDX","M","1952-05",97.25187,
"USA","BCI","AMPLITUD","LTRENDIDX","M","1952-06",98.11314,
"USA","BCI","AMPLITUD","LTRENDIDX","M","1952-07",99.29393,
"USA","BCI","AMPLITUD","LTRENDIDX","M","1952-08",100.4181,
"USA","BCI","AMPLITUD","LTRENDIDX","M","1952-09",100.7963,
"USA","BCI","AMPLITUD","LTRENDIDX","M","1952-10",100.856,
"USA","BCI","AMPLITUD","LTRENDIDX","M","1952-11",100.8553,
"USA","BCI","AMPLITUD","LTRENDIDX","M","1952-12",100.8449,
"USA","BCI","AMPLITUD","LTRENDIDX","M","1953-01",100.7951,
"USA","BCI","AMPLITUD","LTRENDIDX","M","1953-02",100.3953,
"USA","BCI","AMPLITUD","LTRENDIDX","M","1953-03",99.86366,
"USA","BCI","AMPLITUD","LTRENDIDX","M","1953-04",99.50234,
"USA","BCI","AMPLITUD","LTRENDIDX","M","1953-05",99.19501,
"USA","BCI","AMPLITUD","LTRENDIDX","M","1953-06",98.89462,
"USA","BCI","AMPLITUD","LTRENDIDX","M","1953-07",98.46644,
"USA","BCI","AMPLITUD","LTRENDIDX","M","1953-08",97.90397,
"USA","BCI","AMPLITUD","LTRENDIDX","M","1953-09",97.29266,
"USA","BCI","AMPLITUD","LTRENDIDX","M","1953-10",96.78135,
"USA","BCI","AMPLITUD","LTRENDIDX","M","1953-11",96.49689,
"USA","BCI","AMPLITUD","LTRENDIDX","M","1953-12",96.46442,
"USA","BCI","AMPLITUD","LTRENDIDX","M","1954-01",96.78625,
"USA","BCI","AMPLITUD","LTRENDIDX","M","1954-02",97.39986,
"USA","BCI","AMPLITUD","LTRENDIDX","M","1954-03",98.13616,
"USA","BCI","AMPLITUD","LTRENDIDX","M","1954-04",98.80238,
"USA","BCI","AMPLITUD","LTRENDIDX","M","1954-05",99.2903,
"USA","BCI","AMPLITUD","LTRENDIDX","M","1954-06",99.54321,
"USA","BCI","AMPLITUD","LTRENDIDX","M","1954-07",99.57477,
"USA","BCI","AMPLITUD","LTRENDIDX","M","1954-08",99.6382,
"USA","BCI","AMPLITUD","LTRENDIDX","M","1954-09",100.1103,
"USA","BCI","AMPLITUD","LTRENDIDX","M","1954-10",100.7737,
"USA","BCI","AMPLITUD","LTRENDIDX","M","1954-11",101.3791,
"USA","BCI","AMPLITUD","LTRENDIDX","M","1954-12",101.9737,
"USA","BCI","AMPLITUD","LTRENDIDX","M","1955-01",102.4231,
"USA","BCI","AMPLITUD","LTRENDIDX","M","1955-02",102.8719,
"USA","BCI","AMPLITUD","LTRENDIDX","M","1955-03",103.1254,
"USA","BCI","AMPLITUD","LTRENDIDX","M","1955-04",103.214,
"USA","BCI","AMPLITUD","LTRENDIDX","M","1955-05",103.0766,
"USA","BCI","AMPLITUD","LTRENDIDX","M","1955-06",102.7251,
"USA","BCI","AMPLITUD","LTRENDIDX","M","1955-07",102.5506,
"USA","BCI","AMPLITUD","LTRENDIDX","M","1955-08",102.3666,
"USA","BCI","AMPLITUD","LTRENDIDX","M","1955-09",102.195,
"USA","BCI","AMPLITUD","LTRENDIDX","M","1955-10",102.1551,
"USA","BCI","AMPLITUD","LTRENDIDX","M","1955-11",102.1281,
"USA","BCI","AMPLITUD","LTRENDIDX","M","1955-12",102.072,
"USA","BCI","AMPLITUD","LTRENDIDX","M","1956-01",101.6893,
"USA","BCI","AMPLITUD","LTRENDIDX","M","1956-02",101.2431,
"USA","BCI","AMPLITUD","LTRENDIDX","M","1956-03",100.8001,
"USA","BCI","AMPLITUD","LTRENDIDX","M","1956-04",100.2542,
"USA","BCI","AMPLITUD","LTRENDIDX","M","1956-05",99.55889,
"USA","BCI","AMPLITUD","LTRENDIDX","M","1956-06",98.99829,
"USA","BCI","AMPLITUD","LTRENDIDX","M","1956-07",98.8905,
"USA","BCI","AMPLITUD","LTRENDIDX","M","1956-08",99.40927,
"USA","BCI","AMPLITUD","LTRENDIDX","M","1956-09",99.953,
"USA","BCI","AMPLITUD","LTRENDIDX","M","1956-10",100.1669,
"USA","BCI","AMPLITUD","LTRENDIDX","M","1956-11",100.2438,
"USA","BCI","AMPLITUD","LTRENDIDX","M","1956-12",100.1191,
"USA","BCI","AMPLITUD","LTRENDIDX","M","1957-01",99.8792,
"USA","BCI","AMPLITUD","LTRENDIDX","M","1957-02",99.40121,
"USA","BCI","AMPLITUD","LTRENDIDX","M","1957-03",98.78228,
"USA","BCI","AMPLITUD","LTRENDIDX","M","1957-04",98.26904,
"USA","BCI","AMPLITUD","LTRENDIDX","M","1957-05",98.13755,
"USA","BCI","AMPLITUD","LTRENDIDX","M","1957-06",98.27773,
"USA","BCI","AMPLITUD","LTRENDIDX","M","1957-07",98.38816,
"USA","BCI","AMPLITUD","LTRENDIDX","M","1957-08",98.36371,
"USA","BCI","AMPLITUD","LTRENDIDX","M","1957-09",98.14279,
"USA","BCI","AMPLITUD","LTRENDIDX","M","1957-10",97.64746,
"USA","BCI","AMPLITUD","LTRENDIDX","M","1957-11",97.10984,
"USA","BCI","AMPLITUD","LTRENDIDX","M","1957-12",96.57527,
"USA","BCI","AMPLITUD","LTRENDIDX","M","1958-01",96.29219,
"USA","BCI","AMPLITUD","LTRENDIDX","M","1958-02",96.4867,
"USA","BCI","AMPLITUD","LTRENDIDX","M","1958-03",96.92795,
"USA","BCI","AMPLITUD","LTRENDIDX","M","1958-04",97.53572,
"USA","BCI","AMPLITUD","LTRENDIDX","M","1958-05",98.48816,
"USA","BCI","AMPLITUD","LTRENDIDX","M","1958-06",99.46615,
"USA","BCI","AMPLITUD","LTRENDIDX","M","1958-07",100.2842,
"USA","BCI","AMPLITUD","LTRENDIDX","M","1958-08",100.9256,
"USA","BCI","AMPLITUD","LTRENDIDX","M","1958-09",101.4212,
"USA","BCI","AMPLITUD","LTRENDIDX","M","1958-10",101.7569,
"USA","BCI","AMPLITUD","LTRENDIDX","M","1958-11",101.9056,
"USA","BCI","AMPLITUD","LTRENDIDX","M","1958-12",102.0193,
"USA","BCI","AMPLITUD","LTRENDIDX","M","1959-01",102.3647,
"USA","BCI","AMPLITUD","LTRENDIDX","M","1959-02",102.7456,
"USA","BCI","AMPLITUD","LTRENDIDX","M","1959-03",102.9802,
"USA","BCI","AMPLITUD","LTRENDIDX","M","1959-04",103.0482,
"USA","BCI","AMPLITUD","LTRENDIDX","M","1959-05",102.8987,
"USA","BCI","AMPLITUD","LTRENDIDX","M","1959-06",102.3394,
"USA","BCI","AMPLITUD","LTRENDIDX","M","1959-07",101.4612,
"USA","BCI","AMPLITUD","LTRENDIDX","M","1959-08",100.3947,
"USA","BCI","AMPLITUD","LTRENDIDX","M","1959-09",99.57645,
"USA","BCI","AMPLITUD","LTRENDIDX","M","1959-10",99.46445,
"USA","BCI","AMPLITUD","LTRENDIDX","M","1959-11",99.92092,
"USA","BCI","AMPLITUD","LTRENDIDX","M","1959-12",100.6197,
"USA","BCI","AMPLITUD","LTRENDIDX","M","1960-01",100.78,
"USA","BCI","AMPLITUD","LTRENDIDX","M","1960-02",100.0716,
"USA","BCI","AMPLITUD","LTRENDIDX","M","1960-03",99.1517,
"USA","BCI","AMPLITUD","LTRENDIDX","M","1960-04",98.43084,
"USA","BCI","AMPLITUD","LTRENDIDX","M","1960-05",98.04294,
"USA","BCI","AMPLITUD","LTRENDIDX","M","1960-06",98.0384,
"USA","BCI","AMPLITUD","LTRENDIDX","M","1960-07",98.20201,
"USA","BCI","AMPLITUD","LTRENDIDX","M","1960-08",98.4375,
"USA","BCI","AMPLITUD","LTRENDIDX","M","1960-09",98.45613,
"USA","BCI","AMPLITUD","LTRENDIDX","M","1960-10",98.36451,
"USA","BCI","AMPLITUD","LTRENDIDX","M","1960-11",98.18156,
"USA","BCI","AMPLITUD","LTRENDIDX","M","1960-12",98.05676,
"USA","BCI","AMPLITUD","LTRENDIDX","M","1961-01",98.09425,
"USA","BCI","AMPLITUD","LTRENDIDX","M","1961-02",98.47765,
"USA","BCI","AMPLITUD","LTRENDIDX","M","1961-03",99.34808,
"USA","BCI","AMPLITUD","LTRENDIDX","M","1961-04",100.3575,
"USA","BCI","AMPLITUD","LTRENDIDX","M","1961-05",100.9591,
"USA","BCI","AMPLITUD","LTRENDIDX","M","1961-06",101.1928,
"USA","BCI","AMPLITUD","LTRENDIDX","M","1961-07",101.3574,
"USA","BCI","AMPLITUD","LTRENDIDX","M","1961-08",101.6084,
"USA","BCI","AMPLITUD","LTRENDIDX","M","1961-09",101.8143,
"USA","BCI","AMPLITUD","LTRENDIDX","M","1961-10",101.8337,
"USA","BCI","AMPLITUD","LTRENDIDX","M","1961-11",101.7947,
"USA","BCI","AMPLITUD","LTRENDIDX","M","1961-12",101.9065,
"USA","BCI","AMPLITUD","LTRENDIDX","M","1962-01",101.8229,
"USA","BCI","AMPLITUD","LTRENDIDX","M","1962-02",101.6285,
"USA","BCI","AMPLITUD","LTRENDIDX","M","1962-03",101.2254,
"USA","BCI","AMPLITUD","LTRENDIDX","M","1962-04",100.5701,
"USA","BCI","AMPLITUD","LTRENDIDX","M","1962-05",99.97062,
"USA","BCI","AMPLITUD","LTRENDIDX","M","1962-06",99.58109,
"USA","BCI","AMPLITUD","LTRENDIDX","M","1962-07",99.38896,
"USA","BCI","AMPLITUD","LTRENDIDX","M","1962-08",99.30891,
"USA","BCI","AMPLITUD","LTRENDIDX","M","1962-09",99.4173,
"USA","BCI","AMPLITUD","LTRENDIDX","M","1962-10",99.71549,
"USA","BCI","AMPLITUD","LTRENDIDX","M","1962-11",100.127,
"USA","BCI","AMPLITUD","LTRENDIDX","M","1962-12",100.4528,
"USA","BCI","AMPLITUD","LTRENDIDX","M","1963-01",100.5084,
"USA","BCI","AMPLITUD","LTRENDIDX","M","1963-02",100.5159,
"USA","BCI","AMPLITUD","LTRENDIDX","M","1963-03",100.6262,
"USA","BCI","AMPLITUD","LTRENDIDX","M","1963-04",100.8904,
"USA","BCI","AMPLITUD","LTRENDIDX","M","1963-05",101.0651,
"USA","BCI","AMPLITUD","LTRENDIDX","M","1963-06",100.9605,
"USA","BCI","AMPLITUD","LTRENDIDX","M","1963-07",100.7298,
"USA","BCI","AMPLITUD","LTRENDIDX","M","1963-08",100.6364,
"USA","BCI","AMPLITUD","LTRENDIDX","M","1963-09",100.7146,
"USA","BCI","AMPLITUD","LTRENDIDX","M","1963-10",100.7781,
"USA","BCI","AMPLITUD","LTRENDIDX","M","1963-11",100.7223,
"USA","BCI","AMPLITUD","LTRENDIDX","M","1963-12",100.6293,
"USA","BCI","AMPLITUD","LTRENDIDX","M","1964-01",100.7817,
"USA","BCI","AMPLITUD","LTRENDIDX","M","1964-02",101.0166,
"USA","BCI","AMPLITUD","LTRENDIDX","M","1964-03",101.228,
"USA","BCI","AMPLITUD","LTRENDIDX","M","1964-04",101.3,
"USA","BCI","AMPLITUD","LTRENDIDX","M","1964-05",101.3819,
"USA","BCI","AMPLITUD","LTRENDIDX","M","1964-06",101.6045,
"USA","BCI","AMPLITUD","LTRENDIDX","M","1964-07",101.8926,
"USA","BCI","AMPLITUD","LTRENDIDX","M","1964-08",102.0385,
"USA","BCI","AMPLITUD","LTRENDIDX","M","1964-09",102.0042,
"USA","BCI","AMPLITUD","LTRENDIDX","M","1964-10",101.8605,
"USA","BCI","AMPLITUD","LTRENDIDX","M","1964-11",101.8211,
"USA","BCI","AMPLITUD","LTRENDIDX","M","1964-12",101.8377,
"USA","BCI","AMPLITUD","LTRENDIDX","M","1965-01",101.871,
"USA","BCI","AMPLITUD","LTRENDIDX","M","1965-02",102.0015,
"USA","BCI","AMPLITUD","LTRENDIDX","M","1965-03",102.1001,
"USA","BCI","AMPLITUD","LTRENDIDX","M","1965-04",101.93,
"USA","BCI","AMPLITUD","LTRENDIDX","M","1965-05",101.6395,
"USA","BCI","AMPLITUD","LTRENDIDX","M","1965-06",101.3194,
"USA","BCI","AMPLITUD","LTRENDIDX","M","1965-07",101.1458,
"USA","BCI","AMPLITUD","LTRENDIDX","M","1965-08",101.1517,
"USA","BCI","AMPLITUD","LTRENDIDX","M","1965-09",101.2737,
"USA","BCI","AMPLITUD","LTRENDIDX","M","1965-10",101.346,
"USA","BCI","AMPLITUD","LTRENDIDX","M","1965-11",101.5906,
"USA","BCI","AMPLITUD","LTRENDIDX","M","1965-12",102.0387,
"USA","BCI","AMPLITUD","LTRENDIDX","M","1966-01",102.4548,
"USA","BCI","AMPLITUD","LTRENDIDX","M","1966-02",102.6059,
"USA","BCI","AMPLITUD","LTRENDIDX","M","1966-03",102.4795,
"USA","BCI","AMPLITUD","LTRENDIDX","M","1966-04",102.0686,
"USA","BCI","AMPLITUD","LTRENDIDX","M","1966-05",101.5405,
"USA","BCI","AMPLITUD","LTRENDIDX","M","1966-06",101.3309,
"USA","BCI","AMPLITUD","LTRENDIDX","M","1966-07",101.3,
"USA","BCI","AMPLITUD","LTRENDIDX","M","1966-08",101.2166,
"USA","BCI","AMPLITUD","LTRENDIDX","M","1966-09",101.0635,
"USA","BCI","AMPLITUD","LTRENDIDX","M","1966-10",100.7405,
"USA","BCI","AMPLITUD","LTRENDIDX","M","1966-11",100.2601,
"USA","BCI","AMPLITUD","LTRENDIDX","M","1966-12",99.75387,
"USA","BCI","AMPLITUD","LTRENDIDX","M","1967-01",99.21378,
"USA","BCI","AMPLITUD","LTRENDIDX","M","1967-02",98.72406,
"USA","BCI","AMPLITUD","LTRENDIDX","M","1967-03",98.3047,
"USA","BCI","AMPLITUD","LTRENDIDX","M","1967-04",98.08446,
"USA","BCI","AMPLITUD","LTRENDIDX","M","1967-05",98.23472,
"USA","BCI","AMPLITUD","LTRENDIDX","M","1967-06",98.66196,
"USA","BCI","AMPLITUD","LTRENDIDX","M","1967-07",99.21639,
"USA","BCI","AMPLITUD","LTRENDIDX","M","1967-08",99.75019,
"USA","BCI","AMPLITUD","LTRENDIDX","M","1967-09",100.1331,
"USA","BCI","AMPLITUD","LTRENDIDX","M","1967-10",100.2886,
"USA","BCI","AMPLITUD","LTRENDIDX","M","1967-11",100.381,
"USA","BCI","AMPLITUD","LTRENDIDX","M","1967-12",100.4909,
"USA","BCI","AMPLITUD","LTRENDIDX","M","1968-01",100.544,
"USA","BCI","AMPLITUD","LTRENDIDX","M","1968-02",100.4968,
"USA","BCI","AMPLITUD","LTRENDIDX","M","1968-03",100.4948,
"USA","BCI","AMPLITUD","LTRENDIDX","M","1968-04",100.5814,
"USA","BCI","AMPLITUD","LTRENDIDX","M","1968-05",100.4472,
"USA","BCI","AMPLITUD","LTRENDIDX","M","1968-06",100.2294,
"USA","BCI","AMPLITUD","LTRENDIDX","M","1968-07",100.0765,
"USA","BCI","AMPLITUD","LTRENDIDX","M","1968-08",99.98599,
"USA","BCI","AMPLITUD","LTRENDIDX","M","1968-09",100.0839,
"USA","BCI","AMPLITUD","LTRENDIDX","M","1968-10",100.4197,
"USA","BCI","AMPLITUD","LTRENDIDX","M","1968-11",100.6784,
"USA","BCI","AMPLITUD","LTRENDIDX","M","1968-12",100.6893,
"USA","BCI","AMPLITUD","LTRENDIDX","M","1969-01",100.6528,
"USA","BCI","AMPLITUD","LTRENDIDX","M","1969-02",100.7069,
"USA","BCI","AMPLITUD","LTRENDIDX","M","1969-03",100.7112,
"USA","BCI","AMPLITUD","LTRENDIDX","M","1969-04",100.6351,
"USA","BCI","AMPLITUD","LTRENDIDX","M","1969-05",100.5754,
"USA","BCI","AMPLITUD","LTRENDIDX","M","1969-06",100.4309,
"USA","BCI","AMPLITUD","LTRENDIDX","M","1969-07",100.279,
"USA","BCI","AMPLITUD","LTRENDIDX","M","1969-08",100.2666,
"USA","BCI","AMPLITUD","LTRENDIDX","M","1969-09",100.2558,
"USA","BCI","AMPLITUD","LTRENDIDX","M","1969-10",100.1946,
"USA","BCI","AMPLITUD","LTRENDIDX","M","1969-11",99.98055,
"USA","BCI","AMPLITUD","LTRENDIDX","M","1969-12",99.62697,
"USA","BCI","AMPLITUD","LTRENDIDX","M","1970-01",99.18169,
"USA","BCI","AMPLITUD","LTRENDIDX","M","1970-02",98.82729,
"USA","BCI","AMPLITUD","LTRENDIDX","M","1970-03",98.62969,
"USA","BCI","AMPLITUD","LTRENDIDX","M","1970-04",98.6182,
"USA","BCI","AMPLITUD","LTRENDIDX","M","1970-05",98.87749,
"USA","BCI","AMPLITUD","LTRENDIDX","M","1970-06",99.15798,
"USA","BCI","AMPLITUD","LTRENDIDX","M","1970-07",99.08106,
"USA","BCI","AMPLITUD","LTRENDIDX","M","1970-08",98.68184,
"USA","BCI","AMPLITUD","LTRENDIDX","M","1970-09",98.14827,
"USA","BCI","AMPLITUD","LTRENDIDX","M","1970-10",97.75601,
"USA","BCI","AMPLITUD","LTRENDIDX","M","1970-11",97.72646,
"USA","BCI","AMPLITUD","LTRENDIDX","M","1970-12",98.26009,
"USA","BCI","AMPLITUD","LTRENDIDX","M","1971-01",98.9961,
"USA","BCI","AMPLITUD","LTRENDIDX","M","1971-02",99.682,
"USA","BCI","AMPLITUD","LTRENDIDX","M","1971-03",99.96539,
"USA","BCI","AMPLITUD","LTRENDIDX","M","1971-04",100.1646,
"USA","BCI","AMPLITUD","LTRENDIDX","M","1971-05",100.2255,
"USA","BCI","AMPLITUD","LTRENDIDX","M","1971-06",100.2187,
"USA","BCI","AMPLITUD","LTRENDIDX","M","1971-07",100.2155,
"USA","BCI","AMPLITUD","LTRENDIDX","M","1971-08",100.21,
"USA","BCI","AMPLITUD","LTRENDIDX","M","1971-09",100.2493,
"USA","BCI","AMPLITUD","LTRENDIDX","M","1971-10",100.2701,
"USA","BCI","AMPLITUD","LTRENDIDX","M","1971-11",100.3757,
"USA","BCI","AMPLITUD","LTRENDIDX","M","1971-12",100.7945,
"USA","BCI","AMPLITUD","LTRENDIDX","M","1972-01",101.2041,
"USA","BCI","AMPLITUD","LTRENDIDX","M","1972-02",101.4316,
"USA","BCI","AMPLITUD","LTRENDIDX","M","1972-03",101.466,
"USA","BCI","AMPLITUD","LTRENDIDX","M","1972-04",101.4422,
"USA","BCI","AMPLITUD","LTRENDIDX","M","1972-05",101.437,
"USA","BCI","AMPLITUD","LTRENDIDX","M","1972-06",101.3879,
"USA","BCI","AMPLITUD","LTRENDIDX","M","1972-07",101.5414,
"USA","BCI","AMPLITUD","LTRENDIDX","M","1972-08",101.9108,
"USA","BCI","AMPLITUD","LTRENDIDX","M","1972-09",102.44,
"USA","BCI","AMPLITUD","LTRENDIDX","M","1972-10",102.9714,
"USA","BCI","AMPLITUD","LTRENDIDX","M","1972-11",103.4342,
"USA","BCI","AMPLITUD","LTRENDIDX","M","1972-12",103.7148,
"USA","BCI","AMPLITUD","LTRENDIDX","M","1973-01",103.8058,
"USA","BCI","AMPLITUD","LTRENDIDX","M","1973-02",103.6517,
"USA","BCI","AMPLITUD","LTRENDIDX","M","1973-03",103.3964,
"USA","BCI","AMPLITUD","LTRENDIDX","M","1973-04",103.0091,
"USA","BCI","AMPLITUD","LTRENDIDX","M","1973-05",102.5397,
"USA","BCI","AMPLITUD","LTRENDIDX","M","1973-06",102.105,
"USA","BCI","AMPLITUD","LTRENDIDX","M","1973-07",101.7459,
"USA","BCI","AMPLITUD","LTRENDIDX","M","1973-08",101.9044,
"USA","BCI","AMPLITUD","LTRENDIDX","M","1973-09",102.2628,
"USA","BCI","AMPLITUD","LTRENDIDX","M","1973-10",102.6193,
"USA","BCI","AMPLITUD","LTRENDIDX","M","1973-11",102.6985,
"USA","BCI","AMPLITUD","LTRENDIDX","M","1973-12",102.3655,
"USA","BCI","AMPLITUD","LTRENDIDX","M","1974-01",101.9468,
"USA","BCI","AMPLITUD","LTRENDIDX","M","1974-02",101.6143,
"USA","BCI","AMPLITUD","LTRENDIDX","M","1974-03",101.4868,
"USA","BCI","AMPLITUD","LTRENDIDX","M","1974-04",101.2237,
"USA","BCI","AMPLITUD","LTRENDIDX","M","1974-05",100.8283,
"USA","BCI","AMPLITUD","LTRENDIDX","M","1974-06",100.5094,
"USA","BCI","AMPLITUD","LTRENDIDX","M","1974-07",100.1906,
"USA","BCI","AMPLITUD","LTRENDIDX","M","1974-08",99.6175,
"USA","BCI","AMPLITUD","LTRENDIDX","M","1974-09",98.698,
"USA","BCI","AMPLITUD","LTRENDIDX","M","1974-10",97.67415,
"USA","BCI","AMPLITUD","LTRENDIDX","M","1974-11",96.62734,
"USA","BCI","AMPLITUD","LTRENDIDX","M","1974-12",95.76324,
"USA","BCI","AMPLITUD","LTRENDIDX","M","1975-01",95.44537,
"USA","BCI","AMPLITUD","LTRENDIDX","M","1975-02",95.58141,
"USA","BCI","AMPLITUD","LTRENDIDX","M","1975-03",95.89896,
"USA","BCI","AMPLITUD","LTRENDIDX","M","1975-04",96.59048,
"USA","BCI","AMPLITUD","LTRENDIDX","M","1975-05",97.40468,
"USA","BCI","AMPLITUD","LTRENDIDX","M","1975-06",98.20052,
"USA","BCI","AMPLITUD","LTRENDIDX","M","1975-07",98.91409,
"USA","BCI","AMPLITUD","LTRENDIDX","M","1975-08",99.58605,
"USA","BCI","AMPLITUD","LTRENDIDX","M","1975-09",100.0914,
"USA","BCI","AMPLITUD","LTRENDIDX","M","1975-10",100.354,
"USA","BCI","AMPLITUD","LTRENDIDX","M","1975-11",100.4748,
"USA","BCI","AMPLITUD","LTRENDIDX","M","1975-12",100.7014,
"USA","BCI","AMPLITUD","LTRENDIDX","M","1976-01",101.0957,
"USA","BCI","AMPLITUD","LTRENDIDX","M","1976-02",101.3925,
"USA","BCI","AMPLITUD","LTRENDIDX","M","1976-03",101.4277,
"USA","BCI","AMPLITUD","LTRENDIDX","M","1976-04",101.412,
"USA","BCI","AMPLITUD","LTRENDIDX","M","1976-05",101.2412,
"USA","BCI","AMPLITUD","LTRENDIDX","M","1976-06",100.9763,
"USA","BCI","AMPLITUD","LTRENDIDX","M","1976-07",100.6342,
"USA","BCI","AMPLITUD","LTRENDIDX","M","1976-08",100.326,
"USA","BCI","AMPLITUD","LTRENDIDX","M","1976-09",100.1136,
"USA","BCI","AMPLITUD","LTRENDIDX","M","1976-10",100.0223,
"USA","BCI","AMPLITUD","LTRENDIDX","M","1976-11",100.0631,
"USA","BCI","AMPLITUD","LTRENDIDX","M","1976-12",100.3034,
"USA","BCI","AMPLITUD","LTRENDIDX","M","1977-01",100.4456,
"USA","BCI","AMPLITUD","LTRENDIDX","M","1977-02",100.6215,
"USA","BCI","AMPLITUD","LTRENDIDX","M","1977-03",100.87,
"USA","BCI","AMPLITUD","LTRENDIDX","M","1977-04",101.0038,
"USA","BCI","AMPLITUD","LTRENDIDX","M","1977-05",101.0781,
"USA","BCI","AMPLITUD","LTRENDIDX","M","1977-06",100.9405,
"USA","BCI","AMPLITUD","LTRENDIDX","M","1977-07",100.7475,
"USA","BCI","AMPLITUD","LTRENDIDX","M","1977-08",100.4903,
"USA","BCI","AMPLITUD","LTRENDIDX","M","1977-09",100.3775,
"USA","BCI","AMPLITUD","LTRENDIDX","M","1977-10",100.5014,
"USA","BCI","AMPLITUD","LTRENDIDX","M","1977-11",100.7394,
"USA","BCI","AMPLITUD","LTRENDIDX","M","1977-12",100.947,
"USA","BCI","AMPLITUD","LTRENDIDX","M","1978-01",100.8675,
"USA","BCI","AMPLITUD","LTRENDIDX","M","1978-02",100.7057,
"USA","BCI","AMPLITUD","LTRENDIDX","M","1978-03",100.7001,
"USA","BCI","AMPLITUD","LTRENDIDX","M","1978-04",100.9691,
"USA","BCI","AMPLITUD","LTRENDIDX","M","1978-05",101.3254,
"USA","BCI","AMPLITUD","LTRENDIDX","M","1978-06",101.578,
"USA","BCI","AMPLITUD","LTRENDIDX","M","1978-07",101.703,
"USA","BCI","AMPLITUD","LTRENDIDX","M","1978-08",101.6547,
"USA","BCI","AMPLITUD","LTRENDIDX","M","1978-09",101.5993,
"USA","BCI","AMPLITUD","LTRENDIDX","M","1978-10",101.5624,
"USA","BCI","AMPLITUD","LTRENDIDX","M","1978-11",101.5258,
"USA","BCI","AMPLITUD","LTRENDIDX","M","1978-12",101.3811,
"USA","BCI","AMPLITUD","LTRENDIDX","M","1979-01",101.2188,
"USA","BCI","AMPLITUD","LTRENDIDX","M","1979-02",101.0719,
"USA","BCI","AMPLITUD","LTRENDIDX","M","1979-03",100.8889,
"USA","BCI","AMPLITUD","LTRENDIDX","M","1979-04",100.6164,
"USA","BCI","AMPLITUD","LTRENDIDX","M","1979-05",100.2776,
"USA","BCI","AMPLITUD","LTRENDIDX","M","1979-06",99.92706,
"USA","BCI","AMPLITUD","LTRENDIDX","M","1979-07",99.61051,
"USA","BCI","AMPLITUD","LTRENDIDX","M","1979-08",99.35592,
"USA","BCI","AMPLITUD","LTRENDIDX","M","1979-09",99.19468,
"USA","BCI","AMPLITUD","LTRENDIDX","M","1979-10",99.03623,
"USA","BCI","AMPLITUD","LTRENDIDX","M","1979-11",98.85037,
"USA","BCI","AMPLITUD","LTRENDIDX","M","1979-12",98.69907,
"USA","BCI","AMPLITUD","LTRENDIDX","M","1980-01",98.7112,
"USA","BCI","AMPLITUD","LTRENDIDX","M","1980-02",98.55834,
"USA","BCI","AMPLITUD","LTRENDIDX","M","1980-03",97.73818,
"USA","BCI","AMPLITUD","LTRENDIDX","M","1980-04",96.57178,
"USA","BCI","AMPLITUD","LTRENDIDX","M","1980-05",95.63046,
"USA","BCI","AMPLITUD","LTRENDIDX","M","1980-06",95.59338,
"USA","BCI","AMPLITUD","LTRENDIDX","M","1980-07",96.50003,
"USA","BCI","AMPLITUD","LTRENDIDX","M","1980-08",97.97732,
"USA","BCI","AMPLITUD","LTRENDIDX","M","1980-09",99.32509,
"USA","BCI","AMPLITUD","LTRENDIDX","M","1980-10",100.2554,
"USA","BCI","AMPLITUD","LTRENDIDX","M","1980-11",100.5158,
"USA","BCI","AMPLITUD","LTRENDIDX","M","1980-12",100.0991,
"USA","BCI","AMPLITUD","LTRENDIDX","M","1981-01",99.55262,
"USA","BCI","AMPLITUD","LTRENDIDX","M","1981-02",99.2975,
"USA","BCI","AMPLITUD","LTRENDIDX","M","1981-03",99.37286,
"USA","BCI","AMPLITUD","LTRENDIDX","M","1981-04",99.60647,
"USA","BCI","AMPLITUD","LTRENDIDX","M","1981-05",99.70828,
"USA","BCI","AMPLITUD","LTRENDIDX","M","1981-06",99.45908,
"USA","BCI","AMPLITUD","LTRENDIDX","M","1981-07",99.00966,
"USA","BCI","AMPLITUD","LTRENDIDX","M","1981-08",98.53904,
"USA","BCI","AMPLITUD","LTRENDIDX","M","1981-09",97.85943,
"USA","BCI","AMPLITUD","LTRENDIDX","M","1981-10",97.22462,
"USA","BCI","AMPLITUD","LTRENDIDX","M","1981-11",96.78522,
"USA","BCI","AMPLITUD","LTRENDIDX","M","1981-12",96.69565,
"USA","BCI","AMPLITUD","LTRENDIDX","M","1982-01",96.73031,
"USA","BCI","AMPLITUD","LTRENDIDX","M","1982-02",96.73202,
"USA","BCI","AMPLITUD","LTRENDIDX","M","1982-03",96.66177,
"USA","BCI","AMPLITUD","LTRENDIDX","M","1982-04",96.61815,
"USA","BCI","AMPLITUD","LTRENDIDX","M","1982-05",96.59091,
"USA","BCI","AMPLITUD","LTRENDIDX","M","1982-06",96.71572,
"USA","BCI","AMPLITUD","LTRENDIDX","M","1982-07",96.81585,
"USA","BCI","AMPLITUD","LTRENDIDX","M","1982-08",96.86845,
"USA","BCI","AMPLITUD","LTRENDIDX","M","1982-09",96.92551,
"USA","BCI","AMPLITUD","LTRENDIDX","M","1982-10",97.04023,
"USA","BCI","AMPLITUD","LTRENDIDX","M","1982-11",97.31541,
"USA","BCI","AMPLITUD","LTRENDIDX","M","1982-12",97.91544,
"USA","BCI","AMPLITUD","LTRENDIDX","M","1983-01",98.74892,
"USA","BCI","AMPLITUD","LTRENDIDX","M","1983-02",99.62856,
"USA","BCI","AMPLITUD","LTRENDIDX","M","1983-03",100.1132,
"USA","BCI","AMPLITUD","LTRENDIDX","M","1983-04",100.4016,
"USA","BCI","AMPLITUD","LTRENDIDX","M","1983-05",100.7418,
"USA","BCI","AMPLITUD","LTRENDIDX","M","1983-06",101.2067,
"USA","BCI","AMPLITUD","LTRENDIDX","M","1983-07",101.7546,
"USA","BCI","AMPLITUD","LTRENDIDX","M","1983-08",102.0595,
"USA","BCI","AMPLITUD","LTRENDIDX","M","1983-09",102.2517,
"USA","BCI","AMPLITUD","LTRENDIDX","M","1983-10",102.5065,
"USA","BCI","AMPLITUD","LTRENDIDX","M","1983-11",102.726,
"USA","BCI","AMPLITUD","LTRENDIDX","M","1983-12",102.6853,
"USA","BCI","AMPLITUD","LTRENDIDX","M","1984-01",102.1502,
"USA","BCI","AMPLITUD","LTRENDIDX","M","1984-02",101.7421,
"USA","BCI","AMPLITUD","LTRENDIDX","M","1984-03",101.4879,
"USA","BCI","AMPLITUD","LTRENDIDX","M","1984-04",101.3975,
"USA","BCI","AMPLITUD","LTRENDIDX","M","1984-05",101.2111,
"USA","BCI","AMPLITUD","LTRENDIDX","M","1984-06",100.9331,
"USA","BCI","AMPLITUD","LTRENDIDX","M","1984-07",100.5115,
"USA","BCI","AMPLITUD","LTRENDIDX","M","1984-08",100.0108,
"USA","BCI","AMPLITUD","LTRENDIDX","M","1984-09",99.61147,
"USA","BCI","AMPLITUD","LTRENDIDX","M","1984-10",99.45557,
"USA","BCI","AMPLITUD","LTRENDIDX","M","1984-11",99.41338,
"USA","BCI","AMPLITUD","LTRENDIDX","M","1984-12",99.40794,
"USA","BCI","AMPLITUD","LTRENDIDX","M","1985-01",99.35172,
"USA","BCI","AMPLITUD","LTRENDIDX","M","1985-02",99.21542,
"USA","BCI","AMPLITUD","LTRENDIDX","M","1985-03",99.02082,
"USA","BCI","AMPLITUD","LTRENDIDX","M","1985-04",98.89268,
"USA","BCI","AMPLITUD","LTRENDIDX","M","1985-05",98.81001,
"USA","BCI","AMPLITUD","LTRENDIDX","M","1985-06",98.81863,
"USA","BCI","AMPLITUD","LTRENDIDX","M","1985-07",98.88169,
"USA","BCI","AMPLITUD","LTRENDIDX","M","1985-08",99.01874,
"USA","BCI","AMPLITUD","LTRENDIDX","M","1985-09",99.2638,
"USA","BCI","AMPLITUD","LTRENDIDX","M","1985-10",99.48617,
"USA","BCI","AMPLITUD","LTRENDIDX","M","1985-11",99.60968,
"USA","BCI","AMPLITUD","LTRENDIDX","M","1985-12",99.60151,
"USA","BCI","AMPLITUD","LTRENDIDX","M","1986-01",99.58084,
"USA","BCI","AMPLITUD","LTRENDIDX","M","1986-02",99.5526,
"USA","BCI","AMPLITUD","LTRENDIDX","M","1986-03",99.53371,
"USA","BCI","AMPLITUD","LTRENDIDX","M","1986-04",99.53905,
"USA","BCI","AMPLITUD","LTRENDIDX","M","1986-05",99.60043,
"USA","BCI","AMPLITUD","LTRENDIDX","M","1986-06",99.4867,
"USA","BCI","AMPLITUD","LTRENDIDX","M","1986-07",99.42361,
"USA","BCI","AMPLITUD","LTRENDIDX","M","1986-08",99.59518,
"USA","BCI","AMPLITUD","LTRENDIDX","M","1986-09",99.67916,
"USA","BCI","AMPLITUD","LTRENDIDX","M","1986-10",99.64648,
"USA","BCI","AMPLITUD","LTRENDIDX","M","1986-11",99.635,
"USA","BCI","AMPLITUD","LTRENDIDX","M","1986-12",99.72899,
"USA","BCI","AMPLITUD","LTRENDIDX","M","1987-01",99.97047,
"USA","BCI","AMPLITUD","LTRENDIDX","M","1987-02",100.1176,
"USA","BCI","AMPLITUD","LTRENDIDX","M","1987-03",100.3318,
"USA","BCI","AMPLITUD","LTRENDIDX","M","1987-04",100.5455,
"USA","BCI","AMPLITUD","LTRENDIDX","M","1987-05",100.7542,
"USA","BCI","AMPLITUD","LTRENDIDX","M","1987-06",100.9086,
"USA","BCI","AMPLITUD","LTRENDIDX","M","1987-07",101.0646,
"USA","BCI","AMPLITUD","LTRENDIDX","M","1987-08",101.2709,
"USA","BCI","AMPLITUD","LTRENDIDX","M","1987-09",101.4347,
"USA","BCI","AMPLITUD","LTRENDIDX","M","1987-10",101.4947,
"USA","BCI","AMPLITUD","LTRENDIDX","M","1987-11",101.4267,
"USA","BCI","AMPLITUD","LTRENDIDX","M","1987-12",101.3103,
"USA","BCI","AMPLITUD","LTRENDIDX","M","1988-01",100.9952,
"USA","BCI","AMPLITUD","LTRENDIDX","M","1988-02",100.6828,
"USA","BCI","AMPLITUD","LTRENDIDX","M","1988-03",100.5017,
"USA","BCI","AMPLITUD","LTRENDIDX","M","1988-04",100.5462,
"USA","BCI","AMPLITUD","LTRENDIDX","M","1988-05",100.7194,
"USA","BCI","AMPLITUD","LTRENDIDX","M","1988-06",100.9422,
"USA","BCI","AMPLITUD","LTRENDIDX","M","1988-07",100.9166,
"USA","BCI","AMPLITUD","LTRENDIDX","M","1988-08",100.7054,
"USA","BCI","AMPLITUD","LTRENDIDX","M","1988-09",100.5249,
"USA","BCI","AMPLITUD","LTRENDIDX","M","1988-10",100.4925,
"USA","BCI","AMPLITUD","LTRENDIDX","M","1988-11",100.5111,
"USA","BCI","AMPLITUD","LTRENDIDX","M","1988-12",100.4916,
"USA","BCI","AMPLITUD","LTRENDIDX","M","1989-01",100.3554,
"USA","BCI","AMPLITUD","LTRENDIDX","M","1989-02",100.1385,
"USA","BCI","AMPLITUD","LTRENDIDX","M","1989-03",99.85324,
"USA","BCI","AMPLITUD","LTRENDIDX","M","1989-04",99.57841,
"USA","BCI","AMPLITUD","LTRENDIDX","M","1989-05",99.1957,
"USA","BCI","AMPLITUD","LTRENDIDX","M","1989-06",98.81234,
"USA","BCI","AMPLITUD","LTRENDIDX","M","1989-07",98.53156,
"USA","BCI","AMPLITUD","LTRENDIDX","M","1989-08",98.4138,
"USA","BCI","AMPLITUD","LTRENDIDX","M","1989-09",98.46189,
"USA","BCI","AMPLITUD","LTRENDIDX","M","1989-10",98.56996,
"USA","BCI","AMPLITUD","LTRENDIDX","M","1989-11",98.66534,
"USA","BCI","AMPLITUD","LTRENDIDX","M","1989-12",98.76935,
"USA","BCI","AMPLITUD","LTRENDIDX","M","1990-01",98.90196,
"USA","BCI","AMPLITUD","LTRENDIDX","M","1990-02",99.10445,
"USA","BCI","AMPLITUD","LTRENDIDX","M","1990-03",99.26448,
"USA","BCI","AMPLITUD","LTRENDIDX","M","1990-04",99.31483,
"USA","BCI","AMPLITUD","LTRENDIDX","M","1990-05",99.24215,
"USA","BCI","AMPLITUD","LTRENDIDX","M","1990-06",99.05776,
"USA","BCI","AMPLITUD","LTRENDIDX","M","1990-07",98.76477,
"USA","BCI","AMPLITUD","LTRENDIDX","M","1990-08",98.47914,
"USA","BCI","AMPLITUD","LTRENDIDX","M","1990-09",98.17382,
"USA","BCI","AMPLITUD","LTRENDIDX","M","1990-10",97.85881,
"USA","BCI","AMPLITUD","LTRENDIDX","M","1990-11",97.54871,
"USA","BCI","AMPLITUD","LTRENDIDX","M","1990-12",97.30334,
"USA","BCI","AMPLITUD","LTRENDIDX","M","1991-01",97.13667,
"USA","BCI","AMPLITUD","LTRENDIDX","M","1991-02",97.15675,
"USA","BCI","AMPLITUD","LTRENDIDX","M","1991-03",97.39449,
"USA","BCI","AMPLITUD","LTRENDIDX","M","1991-04",97.82591,
"USA","BCI","AMPLITUD","LTRENDIDX","M","1991-05",98.40878,
"USA","BCI","AMPLITUD","LTRENDIDX","M","1991-06",99.09451,
"USA","BCI","AMPLITUD","LTRENDIDX","M","1991-07",99.60416,
"USA","BCI","AMPLITUD","LTRENDIDX","M","1991-08",99.96712,
"USA","BCI","AMPLITUD","LTRENDIDX","M","1991-09",100.0748,
"USA","BCI","AMPLITUD","LTRENDIDX","M","1991-10",99.80311,
"USA","BCI","AMPLITUD","LTRENDIDX","M","1991-11",99.32716,
"USA","BCI","AMPLITUD","LTRENDIDX","M","1991-12",99.01281,
"USA","BCI","AMPLITUD","LTRENDIDX","M","1992-01",99.13268,
"USA","BCI","AMPLITUD","LTRENDIDX","M","1992-02",99.6106,
"USA","BCI","AMPLITUD","LTRENDIDX","M","1992-03",100.0072,
"USA","BCI","AMPLITUD","LTRENDIDX","M","1992-04",100.1819,
"USA","BCI","AMPLITUD","LTRENDIDX","M","1992-05",100.2977,
"USA","BCI","AMPLITUD","LTRENDIDX","M","1992-06",100.224,
"USA","BCI","AMPLITUD","LTRENDIDX","M","1992-07",100.0751,
"USA","BCI","AMPLITUD","LTRENDIDX","M","1992-08",99.84076,
"USA","BCI","AMPLITUD","LTRENDIDX","M","1992-09",99.59872,
"USA","BCI","AMPLITUD","LTRENDIDX","M","1992-10",99.64301,
"USA","BCI","AMPLITUD","LTRENDIDX","M","1992-11",99.94513,
"USA","BCI","AMPLITUD","LTRENDIDX","M","1992-12",100.2364,
"USA","BCI","AMPLITUD","LTRENDIDX","M","1993-01",100.4025,
"USA","BCI","AMPLITUD","LTRENDIDX","M","1993-02",100.3188,
"USA","BCI","AMPLITUD","LTRENDIDX","M","1993-03",100.022,
"USA","BCI","AMPLITUD","LTRENDIDX","M","1993-04",99.66738,
"USA","BCI","AMPLITUD","LTRENDIDX","M","1993-05",99.46642,
"USA","BCI","AMPLITUD","LTRENDIDX","M","1993-06",99.34496,
"USA","BCI","AMPLITUD","LTRENDIDX","M","1993-07",99.35529,
"USA","BCI","AMPLITUD","LTRENDIDX","M","1993-08",99.45975,
"USA","BCI","AMPLITUD","LTRENDIDX","M","1993-09",99.6471,
"USA","BCI","AMPLITUD","LTRENDIDX","M","1993-10",99.93366,
"USA","BCI","AMPLITUD","LTRENDIDX","M","1993-11",100.197,
"USA","BCI","AMPLITUD","LTRENDIDX","M","1993-12",100.4382,
"USA","BCI","AMPLITUD","LTRENDIDX","M","1994-01",100.6032,
"USA","BCI","AMPLITUD","LTRENDIDX","M","1994-02",100.7212,
"USA","BCI","AMPLITUD","LTRENDIDX","M","1994-03",100.8245,
"USA","BCI","AMPLITUD","LTRENDIDX","M","1994-04",100.9356,
"USA","BCI","AMPLITUD","LTRENDIDX","M","1994-05",101.0487,
"USA","BCI","AMPLITUD","LTRENDIDX","M","1994-06",101.124,
"USA","BCI","AMPLITUD","LTRENDIDX","M","1994-07",101.1438,
"USA","BCI","AMPLITUD","LTRENDIDX","M","1994-08",101.1632,
"USA","BCI","AMPLITUD","LTRENDIDX","M","1994-09",101.2276,
"USA","BCI","AMPLITUD","LTRENDIDX","M","1994-10",101.2477,
"USA","BCI","AMPLITUD","LTRENDIDX","M","1994-11",101.1456,
"USA","BCI","AMPLITUD","LTRENDIDX","M","1994-12",100.9197,
"USA","BCI","AMPLITUD","LTRENDIDX","M","1995-01",100.7046,
"USA","BCI","AMPLITUD","LTRENDIDX","M","1995-02",100.3424,
"USA","BCI","AMPLITUD","LTRENDIDX","M","1995-03",99.87202,
"USA","BCI","AMPLITUD","LTRENDIDX","M","1995-04",99.40622,
"USA","BCI","AMPLITUD","LTRENDIDX","M","1995-05",98.96851,
"USA","BCI","AMPLITUD","LTRENDIDX","M","1995-06",98.83236,
"USA","BCI","AMPLITUD","LTRENDIDX","M","1995-07",98.94553,
"USA","BCI","AMPLITUD","LTRENDIDX","M","1995-08",98.89743,
"USA","BCI","AMPLITUD","LTRENDIDX","M","1995-09",98.81921,
"USA","BCI","AMPLITUD","LTRENDIDX","M","1995-10",98.67186,
"USA","BCI","AMPLITUD","LTRENDIDX","M","1995-11",98.53558,
"USA","BCI","AMPLITUD","LTRENDIDX","M","1995-12",98.46156,
"USA","BCI","AMPLITUD","LTRENDIDX","M","1996-01",98.43938,
"USA","BCI","AMPLITUD","LTRENDIDX","M","1996-02",98.53442,
"USA","BCI","AMPLITUD","LTRENDIDX","M","1996-03",98.76218,
"USA","BCI","AMPLITUD","LTRENDIDX","M","1996-04",99.07768,
"USA","BCI","AMPLITUD","LTRENDIDX","M","1996-05",99.3589,
"USA","BCI","AMPLITUD","LTRENDIDX","M","1996-06",99.59782,
"USA","BCI","AMPLITUD","LTRENDIDX","M","1996-07",99.57703,
"USA","BCI","AMPLITUD","LTRENDIDX","M","1996-08",99.58076,
"USA","BCI","AMPLITUD","LTRENDIDX","M","1996-09",99.5924,
"USA","BCI","AMPLITUD","LTRENDIDX","M","1996-10",99.6918,
"USA","BCI","AMPLITUD","LTRENDIDX","M","1996-11",99.93813,
"USA","BCI","AMPLITUD","LTRENDIDX","M","1996-12",100.1438,
"USA","BCI","AMPLITUD","LTRENDIDX","M","1997-01",100.156,
"USA","BCI","AMPLITUD","LTRENDIDX","M","1997-02",100.1151,
"USA","BCI","AMPLITUD","LTRENDIDX","M","1997-03",100.1473,
"USA","BCI","AMPLITUD","LTRENDIDX","M","1997-04",100.2577,
"USA","BCI","AMPLITUD","LTRENDIDX","M","1997-05",100.4458,
"USA","BCI","AMPLITUD","LTRENDIDX","M","1997-06",100.5739,
"USA","BCI","AMPLITUD","LTRENDIDX","M","1997-07",100.6857,
"USA","BCI","AMPLITUD","LTRENDIDX","M","1997-08",100.6248,
"USA","BCI","AMPLITUD","LTRENDIDX","M","1997-09",100.5144,
"USA","BCI","AMPLITUD","LTRENDIDX","M","1997-10",100.5219,
"USA","BCI","AMPLITUD","LTRENDIDX","M","1997-11",100.4633,
"USA","BCI","AMPLITUD","LTRENDIDX","M","1997-12",100.3235,
"USA","BCI","AMPLITUD","LTRENDIDX","M","1998-01",100.1665,
"USA","BCI","AMPLITUD","LTRENDIDX","M","1998-02",100.0225,
"USA","BCI","AMPLITUD","LTRENDIDX","M","1998-03",99.89697,
"USA","BCI","AMPLITUD","LTRENDIDX","M","1998-04",99.72441,
"USA","BCI","AMPLITUD","LTRENDIDX","M","1998-05",99.49409,
"USA","BCI","AMPLITUD","LTRENDIDX","M","1998-06",99.2748,
"USA","BCI","AMPLITUD","LTRENDIDX","M","1998-07",99.17071,
"USA","BCI","AMPLITUD","LTRENDIDX","M","1998-08",99.11849,
"USA","BCI","AMPLITUD","LTRENDIDX","M","1998-09",99.05472,
"USA","BCI","AMPLITUD","LTRENDIDX","M","1998-10",98.9892,
"USA","BCI","AMPLITUD","LTRENDIDX","M","1998-11",98.94209,
"USA","BCI","AMPLITUD","LTRENDIDX","M","1998-12",99.00938,
"USA","BCI","AMPLITUD","LTRENDIDX","M","1999-01",99.30454,
"USA","BCI","AMPLITUD","LTRENDIDX","M","1999-02",99.59557,
"USA","BCI","AMPLITUD","LTRENDIDX","M","1999-03",99.8121,
"USA","BCI","AMPLITUD","LTRENDIDX","M","1999-04",99.98657,
"USA","BCI","AMPLITUD","LTRENDIDX","M","1999-05",100.1854,
"USA","BCI","AMPLITUD","LTRENDIDX","M","1999-06",100.3136,
"USA","BCI","AMPLITUD","LTRENDIDX","M","1999-07",100.3378,
"USA","BCI","AMPLITUD","LTRENDIDX","M","1999-08",100.475,
"USA","BCI","AMPLITUD","LTRENDIDX","M","1999-09",100.7037,
"USA","BCI","AMPLITUD","LTRENDIDX","M","1999-10",100.8805,
"USA","BCI","AMPLITUD","LTRENDIDX","M","1999-11",100.9751,
"USA","BCI","AMPLITUD","LTRENDIDX","M","1999-12",100.9364,
"USA","BCI","AMPLITUD","LTRENDIDX","M","2000-01",100.7877,
"USA","BCI","AMPLITUD","LTRENDIDX","M","2000-02",100.6017,
"USA","BCI","AMPLITUD","LTRENDIDX","M","2000-03",100.4176,
"USA","BCI","AMPLITUD","LTRENDIDX","M","2000-04",100.2367,
"USA","BCI","AMPLITUD","LTRENDIDX","M","2000-05",100.0165,
"USA","BCI","AMPLITUD","LTRENDIDX","M","2000-06",99.80932,
"USA","BCI","AMPLITUD","LTRENDIDX","M","2000-07",99.66621,
"USA","BCI","AMPLITUD","LTRENDIDX","M","2000-08",99.46384,
"USA","BCI","AMPLITUD","LTRENDIDX","M","2000-09",99.27995,
"USA","BCI","AMPLITUD","LTRENDIDX","M","2000-10",99.0468,
"USA","BCI","AMPLITUD","LTRENDIDX","M","2000-11",98.69288,
"USA","BCI","AMPLITUD","LTRENDIDX","M","2000-12",98.16496,
"USA","BCI","AMPLITUD","LTRENDIDX","M","2001-01",97.73972,
"USA","BCI","AMPLITUD","LTRENDIDX","M","2001-02",97.58073,
"USA","BCI","AMPLITUD","LTRENDIDX","M","2001-03",97.6358,
"USA","BCI","AMPLITUD","LTRENDIDX","M","2001-04",97.73273,
"USA","BCI","AMPLITUD","LTRENDIDX","M","2001-05",97.84087,
"USA","BCI","AMPLITUD","LTRENDIDX","M","2001-06",98.07967,
"USA","BCI","AMPLITUD","LTRENDIDX","M","2001-07",98.35732,
"USA","BCI","AMPLITUD","LTRENDIDX","M","2001-08",98.55415,
"USA","BCI","AMPLITUD","LTRENDIDX","M","2001-09",98.41377,
"USA","BCI","AMPLITUD","LTRENDIDX","M","2001-10",98.10628,
"USA","BCI","AMPLITUD","LTRENDIDX","M","2001-11",98.24196,
"USA","BCI","AMPLITUD","LTRENDIDX","M","2001-12",98.65885,
"USA","BCI","AMPLITUD","LTRENDIDX","M","2002-01",99.23702,
"USA","BCI","AMPLITUD","LTRENDIDX","M","2002-02",99.84054,
"USA","BCI","AMPLITUD","LTRENDIDX","M","2002-03",100.2459,
"USA","BCI","AMPLITUD","LTRENDIDX","M","2002-04",100.4043,
"USA","BCI","AMPLITUD","LTRENDIDX","M","2002-05",100.4156,
"USA","BCI","AMPLITUD","LTRENDIDX","M","2002-06",100.244,
"USA","BCI","AMPLITUD","LTRENDIDX","M","2002-07",99.87546,
"USA","BCI","AMPLITUD","LTRENDIDX","M","2002-08",99.6155,
"USA","BCI","AMPLITUD","LTRENDIDX","M","2002-09",99.48717,
"USA","BCI","AMPLITUD","LTRENDIDX","M","2002-10",99.42745,
"USA","BCI","AMPLITUD","LTRENDIDX","M","2002-11",99.50011,
"USA","BCI","AMPLITUD","LTRENDIDX","M","2002-12",99.68094,
"USA","BCI","AMPLITUD","LTRENDIDX","M","2003-01",99.61623,
"USA","BCI","AMPLITUD","LTRENDIDX","M","2003-02",99.26526,
"USA","BCI","AMPLITUD","LTRENDIDX","M","2003-03",98.90163,
"USA","BCI","AMPLITUD","LTRENDIDX","M","2003-04",98.85209,
"USA","BCI","AMPLITUD","LTRENDIDX","M","2003-05",99.12126,
"USA","BCI","AMPLITUD","LTRENDIDX","M","2003-06",99.46233,
"USA","BCI","AMPLITUD","LTRENDIDX","M","2003-07",99.84668,
"USA","BCI","AMPLITUD","LTRENDIDX","M","2003-08",100.2285,
"USA","BCI","AMPLITUD","LTRENDIDX","M","2003-09",100.5401,
"USA","BCI","AMPLITUD","LTRENDIDX","M","2003-10",100.9862,
"USA","BCI","AMPLITUD","LTRENDIDX","M","2003-11",101.4996,
"USA","BCI","AMPLITUD","LTRENDIDX","M","2003-12",101.8861,
"USA","BCI","AMPLITUD","LTRENDIDX","M","2004-01",102.0296,
"USA","BCI","AMPLITUD","LTRENDIDX","M","2004-02",102.0322,
"USA","BCI","AMPLITUD","LTRENDIDX","M","2004-03",102.0297,
"USA","BCI","AMPLITUD","LTRENDIDX","M","2004-04",102.0402,
"USA","BCI","AMPLITUD","LTRENDIDX","M","2004-05",101.9883,
"USA","BCI","AMPLITUD","LTRENDIDX","M","2004-06",101.8421,
"USA","BCI","AMPLITUD","LTRENDIDX","M","2004-07",101.6441,
"USA","BCI","AMPLITUD","LTRENDIDX","M","2004-08",101.362,
"USA","BCI","AMPLITUD","LTRENDIDX","M","2004-09",101.0864,
"USA","BCI","AMPLITUD","LTRENDIDX","M","2004-10",100.9123,
"USA","BCI","AMPLITUD","LTRENDIDX","M","2004-11",100.8762,
"USA","BCI","AMPLITUD","LTRENDIDX","M","2004-12",100.8776,
"USA","BCI","AMPLITUD","LTRENDIDX","M","2005-01",100.7357,
"USA","BCI","AMPLITUD","LTRENDIDX","M","2005-02",100.5473,
"USA","BCI","AMPLITUD","LTRENDIDX","M","2005-03",100.3428,
"USA","BCI","AMPLITUD","LTRENDIDX","M","2005-04",100.127,
"USA","BCI","AMPLITUD","LTRENDIDX","M","2005-05",100.0203,
"USA","BCI","AMPLITUD","LTRENDIDX","M","2005-06",100.1579,
"USA","BCI","AMPLITUD","LTRENDIDX","M","2005-07",100.374,
"USA","BCI","AMPLITUD","LTRENDIDX","M","2005-08",100.5291,
"USA","BCI","AMPLITUD","LTRENDIDX","M","2005-09",100.7999,
"USA","BCI","AMPLITUD","LTRENDIDX","M","2005-10",100.9126,
"USA","BCI","AMPLITUD","LTRENDIDX","M","2005-11",100.8217,
"USA","BCI","AMPLITUD","LTRENDIDX","M","2005-12",100.6184,
"USA","BCI","AMPLITUD","LTRENDIDX","M","2006-01",100.4528,
"USA","BCI","AMPLITUD","LTRENDIDX","M","2006-02",100.3782,
"USA","BCI","AMPLITUD","LTRENDIDX","M","2006-03",100.3479,
"USA","BCI","AMPLITUD","LTRENDIDX","M","2006-04",100.3319,
"USA","BCI","AMPLITUD","LTRENDIDX","M","2006-05",100.1998,
"USA","BCI","AMPLITUD","LTRENDIDX","M","2006-06",100.0739,
"USA","BCI","AMPLITUD","LTRENDIDX","M","2006-07",100.019,
"USA","BCI","AMPLITUD","LTRENDIDX","M","2006-08",99.93476,
"USA","BCI","AMPLITUD","LTRENDIDX","M","2006-09",99.75964,
"USA","BCI","AMPLITUD","LTRENDIDX","M","2006-10",99.57544,
"USA","BCI","AMPLITUD","LTRENDIDX","M","2006-11",99.44499,
"USA","BCI","AMPLITUD","LTRENDIDX","M","2006-12",99.42736,
"USA","BCI","AMPLITUD","LTRENDIDX","M","2007-01",99.4128,
"USA","BCI","AMPLITUD","LTRENDIDX","M","2007-02",99.52034,
"USA","BCI","AMPLITUD","LTRENDIDX","M","2007-03",99.64792,
"USA","BCI","AMPLITUD","LTRENDIDX","M","2007-04",99.82931,
"USA","BCI","AMPLITUD","LTRENDIDX","M","2007-05",99.93761,
"USA","BCI","AMPLITUD","LTRENDIDX","M","2007-06",99.9472,
"USA","BCI","AMPLITUD","LTRENDIDX","M","2007-07",99.82545,
"USA","BCI","AMPLITUD","LTRENDIDX","M","2007-08",99.64975,
"USA","BCI","AMPLITUD","LTRENDIDX","M","2007-09",99.49706,
"USA","BCI","AMPLITUD","LTRENDIDX","M","2007-10",99.38741,
"USA","BCI","AMPLITUD","LTRENDIDX","M","2007-11",99.28882,
"USA","BCI","AMPLITUD","LTRENDIDX","M","2007-12",99.20586,
"USA","BCI","AMPLITUD","LTRENDIDX","M","2008-01",99.19376,
"USA","BCI","AMPLITUD","LTRENDIDX","M","2008-02",99.10361,
"USA","BCI","AMPLITUD","LTRENDIDX","M","2008-03",99.08002,
"USA","BCI","AMPLITUD","LTRENDIDX","M","2008-04",99.14462,
"USA","BCI","AMPLITUD","LTRENDIDX","M","2008-05",99.28295,
"USA","BCI","AMPLITUD","LTRENDIDX","M","2008-06",99.37992,
"USA","BCI","AMPLITUD","LTRENDIDX","M","2008-07",99.29251,
"USA","BCI","AMPLITUD","LTRENDIDX","M","2008-08",98.87949,
"USA","BCI","AMPLITUD","LTRENDIDX","M","2008-09",98.04664,
"USA","BCI","AMPLITUD","LTRENDIDX","M","2008-10",97.1386,
"USA","BCI","AMPLITUD","LTRENDIDX","M","2008-11",96.42075,
"USA","BCI","AMPLITUD","LTRENDIDX","M","2008-12",96.01607,
"USA","BCI","AMPLITUD","LTRENDIDX","M","2009-01",96.05313,
"USA","BCI","AMPLITUD","LTRENDIDX","M","2009-02",96.26852,
"USA","BCI","AMPLITUD","LTRENDIDX","M","2009-03",96.64532,
"USA","BCI","AMPLITUD","LTRENDIDX","M","2009-04",97.21887,
"USA","BCI","AMPLITUD","LTRENDIDX","M","2009-05",97.84765,
"USA","BCI","AMPLITUD","LTRENDIDX","M","2009-06",98.48421,
"USA","BCI","AMPLITUD","LTRENDIDX","M","2009-07",99.13747,
"USA","BCI","AMPLITUD","LTRENDIDX","M","2009-08",99.67941,
"USA","BCI","AMPLITUD","LTRENDIDX","M","2009-09",99.99406,
"USA","BCI","AMPLITUD","LTRENDIDX","M","2009-10",100.2166,
"USA","BCI","AMPLITUD","LTRENDIDX","M","2009-11",100.3344,
"USA","BCI","AMPLITUD","LTRENDIDX","M","2009-12",100.5552,
"USA","BCI","AMPLITUD","LTRENDIDX","M","2010-01",100.8732,
"USA","BCI","AMPLITUD","LTRENDIDX","M","2010-02",101.1012,
"USA","BCI","AMPLITUD","LTRENDIDX","M","2010-03",101.2914,
"USA","BCI","AMPLITUD","LTRENDIDX","M","2010-04",101.2332,
"USA","BCI","AMPLITUD","LTRENDIDX","M","2010-05",100.9596,
"USA","BCI","AMPLITUD","LTRENDIDX","M","2010-06",100.6361,
"USA","BCI","AMPLITUD","LTRENDIDX","M","2010-07",100.4552,
"USA","BCI","AMPLITUD","LTRENDIDX","M","2010-08",100.4312,
"USA","BCI","AMPLITUD","LTRENDIDX","M","2010-09",100.5397,
"USA","BCI","AMPLITUD","LTRENDIDX","M","2010-10",100.762,
"USA","BCI","AMPLITUD","LTRENDIDX","M","2010-11",100.9982,
"USA","BCI","AMPLITUD","LTRENDIDX","M","2010-12",101.1825,
"USA","BCI","AMPLITUD","LTRENDIDX","M","2011-01",101.3214,
"USA","BCI","AMPLITUD","LTRENDIDX","M","2011-02",101.3729,
"USA","BCI","AMPLITUD","LTRENDIDX","M","2011-03",101.2761,
"USA","BCI","AMPLITUD","LTRENDIDX","M","2011-04",101.0266,
"USA","BCI","AMPLITUD","LTRENDIDX","M","2011-05",100.6257,
"USA","BCI","AMPLITUD","LTRENDIDX","M","2011-06",100.3716,
"USA","BCI","AMPLITUD","LTRENDIDX","M","2011-07",100.1001,
"USA","BCI","AMPLITUD","LTRENDIDX","M","2011-08",99.92338,
"USA","BCI","AMPLITUD","LTRENDIDX","M","2011-09",99.80515,
"USA","BCI","AMPLITUD","LTRENDIDX","M","2011-10",99.71644,
"USA","BCI","AMPLITUD","LTRENDIDX","M","2011-11",99.73256,
"USA","BCI","AMPLITUD","LTRENDIDX","M","2011-12",99.84741,
"USA","BCI","AMPLITUD","LTRENDIDX","M","2012-01",99.97849,
"USA","BCI","AMPLITUD","LTRENDIDX","M","2012-02",100.0842,
"USA","BCI","AMPLITUD","LTRENDIDX","M","2012-03",100.1385,
"USA","BCI","AMPLITUD","LTRENDIDX","M","2012-04",100.1092,
"USA","BCI","AMPLITUD","LTRENDIDX","M","2012-05",99.92543,
"USA","BCI","AMPLITUD","LTRENDIDX","M","2012-06",99.65405,
"USA","BCI","AMPLITUD","LTRENDIDX","M","2012-07",99.49384,
"USA","BCI","AMPLITUD","LTRENDIDX","M","2012-08",99.47681,
"USA","BCI","AMPLITUD","LTRENDIDX","M","2012-09",99.48061,
"USA","BCI","AMPLITUD","LTRENDIDX","M","2012-10",99.39333,
"USA","BCI","AMPLITUD","LTRENDIDX","M","2012-11",99.34195,
"USA","BCI","AMPLITUD","LTRENDIDX","M","2012-12",99.50512,
"USA","BCI","AMPLITUD","LTRENDIDX","M","2013-01",99.80576,
"USA","BCI","AMPLITUD","LTRENDIDX","M","2013-02",99.95889,
"USA","BCI","AMPLITUD","LTRENDIDX","M","2013-03",99.82552,
"USA","BCI","AMPLITUD","LTRENDIDX","M","2013-04",99.61827,
"USA","BCI","AMPLITUD","LTRENDIDX","M","2013-05",99.59155,
"USA","BCI","AMPLITUD","LTRENDIDX","M","2013-06",99.80541,
"USA","BCI","AMPLITUD","LTRENDIDX","M","2013-07",100.1101,
"USA","BCI","AMPLITUD","LTRENDIDX","M","2013-08",100.3753,
"USA","BCI","AMPLITUD","LTRENDIDX","M","2013-09",100.5026,
"USA","BCI","AMPLITUD","LTRENDIDX","M","2013-10",100.5398,
"USA","BCI","AMPLITUD","LTRENDIDX","M","2013-11",100.5114,
"USA","BCI","AMPLITUD","LTRENDIDX","M","2013-12",100.3818,
"USA","BCI","AMPLITUD","LTRENDIDX","M","2014-01",100.2099,
"USA","BCI","AMPLITUD","LTRENDIDX","M","2014-02",100.258,
"USA","BCI","AMPLITUD","LTRENDIDX","M","2014-03",100.3612,
"USA","BCI","AMPLITUD","LTRENDIDX","M","2014-04",100.4496,
"USA","BCI","AMPLITUD","LTRENDIDX","M","2014-05",100.5079,
"USA","BCI","AMPLITUD","LTRENDIDX","M","2014-06",100.551,
"USA","BCI","AMPLITUD","LTRENDIDX","M","2014-07",100.6493,
"USA","BCI","AMPLITUD","LTRENDIDX","M","2014-08",100.781,
"USA","BCI","AMPLITUD","LTRENDIDX","M","2014-09",100.7965,
"USA","BCI","AMPLITUD","LTRENDIDX","M","2014-10",100.8144,
"USA","BCI","AMPLITUD","LTRENDIDX","M","2014-11",100.7211,
"USA","BCI","AMPLITUD","LTRENDIDX","M","2014-12",100.4689,
"USA","BCI","AMPLITUD","LTRENDIDX","M","2015-01",100.2117,
"USA","BCI","AMPLITUD","LTRENDIDX","M","2015-02",100.0085,
"USA","BCI","AMPLITUD","LTRENDIDX","M","2015-03",99.86907,
"USA","BCI","AMPLITUD","LTRENDIDX","M","2015-04",99.83123,
"USA","BCI","AMPLITUD","LTRENDIDX","M","2015-05",99.88853,
"USA","BCI","AMPLITUD","LTRENDIDX","M","2015-06",99.88059,
"USA","BCI","AMPLITUD","LTRENDIDX","M","2015-07",99.75242,
"USA","BCI","AMPLITUD","LTRENDIDX","M","2015-08",99.56232,
"USA","BCI","AMPLITUD","LTRENDIDX","M","2015-09",99.35678,
"USA","BCI","AMPLITUD","LTRENDIDX","M","2015-10",99.17059,
"USA","BCI","AMPLITUD","LTRENDIDX","M","2015-11",99.02119,
"USA","BCI","AMPLITUD","LTRENDIDX","M","2015-12",98.96835,
"USA","BCI","AMPLITUD","LTRENDIDX","M","2016-01",99.0523,
"USA","BCI","AMPLITUD","LTRENDIDX","M","2016-02",99.26226,
"USA","BCI","AMPLITUD","LTRENDIDX","M","2016-03",99.49466,
"USA","BCI","AMPLITUD","LTRENDIDX","M","2016-04",99.61761,
"USA","BCI","AMPLITUD","LTRENDIDX","M","2016-05",99.72401,
"USA","BCI","AMPLITUD","LTRENDIDX","M","2016-06",99.79758,
"USA","BCI","AMPLITUD","LTRENDIDX","M","2016-07",99.7119,
"USA","BCI","AMPLITUD","LTRENDIDX","M","2016-08",99.55801,
"USA","BCI","AMPLITUD","LTRENDIDX","M","2016-09",99.60342,
"USA","BCI","AMPLITUD","LTRENDIDX","M","2016-10",99.77042,
"USA","BCI","AMPLITUD","LTRENDIDX","M","2016-11",100.0341,
"USA","BCI","AMPLITUD","LTRENDIDX","M","2016-12",100.3396,
"USA","BCI","AMPLITUD","LTRENDIDX","M","2017-01",100.6131,
"USA","BCI","AMPLITUD","LTRENDIDX","M","2017-02",100.7729,
"USA","BCI","AMPLITUD","LTRENDIDX","M","2017-03",100.7301,
"USA","BCI","AMPLITUD","LTRENDIDX","M","2017-04",100.588,
"USA","BCI","AMPLITUD","LTRENDIDX","M","2017-05",100.5792,
"USA","BCI","AMPLITUD","LTRENDIDX","M","2017-06",100.7013,
"USA","BCI","AMPLITUD","LTRENDIDX","M","2017-07",100.7464,
"GBR","BCI","AMPLITUD","LTRENDIDX","M","1977-03",100.632,
"GBR","BCI","AMPLITUD","LTRENDIDX","M","1977-04",100.4276,
"GBR","BCI","AMPLITUD","LTRENDIDX","M","1977-05",100.3134,
"GBR","BCI","AMPLITUD","LTRENDIDX","M","1977-06",100.2529,
"GBR","BCI","AMPLITUD","LTRENDIDX","M","1977-07",100.2681,
"GBR","BCI","AMPLITUD","LTRENDIDX","M","1977-08",100.36,
"GBR","BCI","AMPLITUD","LTRENDIDX","M","1977-09",100.4583,
"GBR","BCI","AMPLITUD","LTRENDIDX","M","1977-10",100.5402,
"GBR","BCI","AMPLITUD","LTRENDIDX","M","1977-11",100.567,
"GBR","BCI","AMPLITUD","LTRENDIDX","M","1977-12",100.4365,
"GBR","BCI","AMPLITUD","LTRENDIDX","M","1978-01",100.2722,
"GBR","BCI","AMPLITUD","LTRENDIDX","M","1978-02",100.0978,
"GBR","BCI","AMPLITUD","LTRENDIDX","M","1978-03",99.96726,
"GBR","BCI","AMPLITUD","LTRENDIDX","M","1978-04",99.96338,
"GBR","BCI","AMPLITUD","LTRENDIDX","M","1978-05",100.0829,
"GBR","BCI","AMPLITUD","LTRENDIDX","M","1978-06",100.3112,
"GBR","BCI","AMPLITUD","LTRENDIDX","M","1978-07",100.5729,
"GBR","BCI","AMPLITUD","LTRENDIDX","M","1978-08",100.7849,
"GBR","BCI","AMPLITUD","LTRENDIDX","M","1978-09",100.9101,
"GBR","BCI","AMPLITUD","LTRENDIDX","M","1978-10",100.9904,
"GBR","BCI","AMPLITUD","LTRENDIDX","M","1978-11",100.9873,
"GBR","BCI","AMPLITUD","LTRENDIDX","M","1978-12",100.8062,
"GBR","BCI","AMPLITUD","LTRENDIDX","M","1979-01",100.7208,
"GBR","BCI","AMPLITUD","LTRENDIDX","M","1979-02",100.8884,
"GBR","BCI","AMPLITUD","LTRENDIDX","M","1979-03",101.1188,
"GBR","BCI","AMPLITUD","LTRENDIDX","M","1979-04",101.2336,
"GBR","BCI","AMPLITUD","LTRENDIDX","M","1979-05",101.1163,
"GBR","BCI","AMPLITUD","LTRENDIDX","M","1979-06",100.808,
"GBR","BCI","AMPLITUD","LTRENDIDX","M","1979-07",100.4492,
"GBR","BCI","AMPLITUD","LTRENDIDX","M","1979-08",100.1671,
"GBR","BCI","AMPLITUD","LTRENDIDX","M","1979-09",99.94283,
"GBR","BCI","AMPLITUD","LTRENDIDX","M","1979-10",99.68329,
"GBR","BCI","AMPLITUD","LTRENDIDX","M","1979-11",99.30553,
"GBR","BCI","AMPLITUD","LTRENDIDX","M","1979-12",98.89096,
"GBR","BCI","AMPLITUD","LTRENDIDX","M","1980-01",98.4666,
"GBR","BCI","AMPLITUD","LTRENDIDX","M","1980-02",97.99873,
"GBR","BCI","AMPLITUD","LTRENDIDX","M","1980-03",97.46688,
"GBR","BCI","AMPLITUD","LTRENDIDX","M","1980-04",96.87612,
"GBR","BCI","AMPLITUD","LTRENDIDX","M","1980-05",96.33332,
"GBR","BCI","AMPLITUD","LTRENDIDX","M","1980-06",95.93606,
"GBR","BCI","AMPLITUD","LTRENDIDX","M","1980-07",95.71886,
"GBR","BCI","AMPLITUD","LTRENDIDX","M","1980-08",95.66431,
"GBR","BCI","AMPLITUD","LTRENDIDX","M","1980-09",95.78032,
"GBR","BCI","AMPLITUD","LTRENDIDX","M","1980-10",95.90948,
"GBR","BCI","AMPLITUD","LTRENDIDX","M","1980-11",96.1739,
"GBR","BCI","AMPLITUD","LTRENDIDX","M","1980-12",96.53039,
"GBR","BCI","AMPLITUD","LTRENDIDX","M","1981-01",96.71644,
"GBR","BCI","AMPLITUD","LTRENDIDX","M","1981-02",96.87546,
"GBR","BCI","AMPLITUD","LTRENDIDX","M","1981-03",97.12558,
"GBR","BCI","AMPLITUD","LTRENDIDX","M","1981-04",97.43531,
"GBR","BCI","AMPLITUD","LTRENDIDX","M","1981-05",97.75961,
"GBR","BCI","AMPLITUD","LTRENDIDX","M","1981-06",98.08051,
"GBR","BCI","AMPLITUD","LTRENDIDX","M","1981-07",98.328,
"GBR","BCI","AMPLITUD","LTRENDIDX","M","1981-08",98.44527,
"GBR","BCI","AMPLITUD","LTRENDIDX","M","1981-09",98.45687,
"GBR","BCI","AMPLITUD","LTRENDIDX","M","1981-10",98.45667,
"GBR","BCI","AMPLITUD","LTRENDIDX","M","1981-11",98.42049,
"GBR","BCI","AMPLITUD","LTRENDIDX","M","1981-12",98.38213,
"GBR","BCI","AMPLITUD","LTRENDIDX","M","1982-01",98.32949,
"GBR","BCI","AMPLITUD","LTRENDIDX","M","1982-02",98.31348,
"GBR","BCI","AMPLITUD","LTRENDIDX","M","1982-03",98.25549,
"GBR","BCI","AMPLITUD","LTRENDIDX","M","1982-04",98.20858,
"GBR","BCI","AMPLITUD","LTRENDIDX","M","1982-05",98.20498,
"GBR","BCI","AMPLITUD","LTRENDIDX","M","1982-06",98.19784,
"GBR","BCI","AMPLITUD","LTRENDIDX","M","1982-07",98.13531,
"GBR","BCI","AMPLITUD","LTRENDIDX","M","1982-08",98.1076,
"GBR","BCI","AMPLITUD","LTRENDIDX","M","1982-09",98.09389,
"GBR","BCI","AMPLITUD","LTRENDIDX","M","1982-10",98.06049,
"GBR","BCI","AMPLITUD","LTRENDIDX","M","1982-11",98.18503,
"GBR","BCI","AMPLITUD","LTRENDIDX","M","1982-12",98.50364,
"GBR","BCI","AMPLITUD","LTRENDIDX","M","1983-01",98.89175,
"GBR","BCI","AMPLITUD","LTRENDIDX","M","1983-02",99.30616,
"GBR","BCI","AMPLITUD","LTRENDIDX","M","1983-03",99.64222,
"GBR","BCI","AMPLITUD","LTRENDIDX","M","1983-04",99.9159,
"GBR","BCI","AMPLITUD","LTRENDIDX","M","1983-05",100.1035,
"GBR","BCI","AMPLITUD","LTRENDIDX","M","1983-06",100.2184,
"GBR","BCI","AMPLITUD","LTRENDIDX","M","1983-07",100.3684,
"GBR","BCI","AMPLITUD","LTRENDIDX","M","1983-08",100.4654,
"GBR","BCI","AMPLITUD","LTRENDIDX","M","1983-09",100.5666,
"GBR","BCI","AMPLITUD","LTRENDIDX","M","1983-10",100.8121,
"GBR","BCI","AMPLITUD","LTRENDIDX","M","1983-11",101.0084,
"GBR","BCI","AMPLITUD","LTRENDIDX","M","1983-12",101.0843,
"GBR","BCI","AMPLITUD","LTRENDIDX","M","1984-01",101.035,
"GBR","BCI","AMPLITUD","LTRENDIDX","M","1984-02",100.9161,
"GBR","BCI","AMPLITUD","LTRENDIDX","M","1984-03",100.7883,
"GBR","BCI","AMPLITUD","LTRENDIDX","M","1984-04",100.7656,
"GBR","BCI","AMPLITUD","LTRENDIDX","M","1984-05",100.8272,
"GBR","BCI","AMPLITUD","LTRENDIDX","M","1984-06",100.9108,
"GBR","BCI","AMPLITUD","LTRENDIDX","M","1984-07",100.8858,
"GBR","BCI","AMPLITUD","LTRENDIDX","M","1984-08",100.8202,
"GBR","BCI","AMPLITUD","LTRENDIDX","M","1984-09",100.7602,
"GBR","BCI","AMPLITUD","LTRENDIDX","M","1984-10",100.7254,
"GBR","BCI","AMPLITUD","LTRENDIDX","M","1984-11",100.6986,
"GBR","BCI","AMPLITUD","LTRENDIDX","M","1984-12",100.66,
"GBR","BCI","AMPLITUD","LTRENDIDX","M","1985-01",100.6494,
"GBR","BCI","AMPLITUD","LTRENDIDX","M","1985-02",100.6778,
"GBR","BCI","AMPLITUD","LTRENDIDX","M","1985-03",100.7385,
"GBR","BCI","AMPLITUD","LTRENDIDX","M","1985-04",100.8524,
"GBR","BCI","AMPLITUD","LTRENDIDX","M","1985-05",100.8807,
"GBR","BCI","AMPLITUD","LTRENDIDX","M","1985-06",100.8848,
"GBR","BCI","AMPLITUD","LTRENDIDX","M","1985-07",100.824,
"GBR","BCI","AMPLITUD","LTRENDIDX","M","1985-08",100.773,
"GBR","BCI","AMPLITUD","LTRENDIDX","M","1985-09",100.7717,
"GBR","BCI","AMPLITUD","LTRENDIDX","M","1985-10",100.8028,
"GBR","BCI","AMPLITUD","LTRENDIDX","M","1985-11",100.7827,
"GBR","BCI","AMPLITUD","LTRENDIDX","M","1985-12",100.6774,
"GBR","BCI","AMPLITUD","LTRENDIDX","M","1986-01",100.4806,
"GBR","BCI","AMPLITUD","LTRENDIDX","M","1986-02",100.3719,
"GBR","BCI","AMPLITUD","LTRENDIDX","M","1986-03",100.1661,
"GBR","BCI","AMPLITUD","LTRENDIDX","M","1986-04",99.93759,
"GBR","BCI","AMPLITUD","LTRENDIDX","M","1986-05",99.78452,
"GBR","BCI","AMPLITUD","LTRENDIDX","M","1986-06",99.66771,
"GBR","BCI","AMPLITUD","LTRENDIDX","M","1986-07",99.69007,
"GBR","BCI","AMPLITUD","LTRENDIDX","M","1986-08",99.82411,
"GBR","BCI","AMPLITUD","LTRENDIDX","M","1986-09",100.0053,
"GBR","BCI","AMPLITUD","LTRENDIDX","M","1986-10",100.2191,
"GBR","BCI","AMPLITUD","LTRENDIDX","M","1986-11",100.4036,
"GBR","BCI","AMPLITUD","LTRENDIDX","M","1986-12",100.5519,
"GBR","BCI","AMPLITUD","LTRENDIDX","M","1987-01",100.7797,
"GBR","BCI","AMPLITUD","LTRENDIDX","M","1987-02",101.0615,
"GBR","BCI","AMPLITUD","LTRENDIDX","M","1987-03",101.2972,
"GBR","BCI","AMPLITUD","LTRENDIDX","M","1987-04",101.5252,
"GBR","BCI","AMPLITUD","LTRENDIDX","M","1987-05",101.802,
"GBR","BCI","AMPLITUD","LTRENDIDX","M","1987-06",102.0377,
"GBR","BCI","AMPLITUD","LTRENDIDX","M","1987-07",102.2346,
"GBR","BCI","AMPLITUD","LTRENDIDX","M","1987-08",102.4621,
"GBR","BCI","AMPLITUD","LTRENDIDX","M","1987-09",102.5857,
"GBR","BCI","AMPLITUD","LTRENDIDX","M","1987-10",102.7451,
"GBR","BCI","AMPLITUD","LTRENDIDX","M","1987-11",102.8513,
"GBR","BCI","AMPLITUD","LTRENDIDX","M","1987-12",102.8694,
"GBR","BCI","AMPLITUD","LTRENDIDX","M","1988-01",102.8911,
"GBR","BCI","AMPLITUD","LTRENDIDX","M","1988-02",102.7904,
"GBR","BCI","AMPLITUD","LTRENDIDX","M","1988-03",102.6755,
"GBR","BCI","AMPLITUD","LTRENDIDX","M","1988-04",102.6107,
"GBR","BCI","AMPLITUD","LTRENDIDX","M","1988-05",102.6155,
"GBR","BCI","AMPLITUD","LTRENDIDX","M","1988-06",102.6244,
"GBR","BCI","AMPLITUD","LTRENDIDX","M","1988-07",102.692,
"GBR","BCI","AMPLITUD","LTRENDIDX","M","1988-08",102.7323,
"GBR","BCI","AMPLITUD","LTRENDIDX","M","1988-09",102.6714,
"GBR","BCI","AMPLITUD","LTRENDIDX","M","1988-10",102.5024,
"GBR","BCI","AMPLITUD","LTRENDIDX","M","1988-11",102.3039,
"GBR","BCI","AMPLITUD","LTRENDIDX","M","1988-12",102.1251,
"GBR","BCI","AMPLITUD","LTRENDIDX","M","1989-01",101.8476,
"GBR","BCI","AMPLITUD","LTRENDIDX","M","1989-02",101.49,
"GBR","BCI","AMPLITUD","LTRENDIDX","M","1989-03",101.2022,
"GBR","BCI","AMPLITUD","LTRENDIDX","M","1989-04",100.9802,
"GBR","BCI","AMPLITUD","LTRENDIDX","M","1989-05",100.8283,
"GBR","BCI","AMPLITUD","LTRENDIDX","M","1989-06",100.7702,
"GBR","BCI","AMPLITUD","LTRENDIDX","M","1989-07",100.7384,
"GBR","BCI","AMPLITUD","LTRENDIDX","M","1989-08",100.5475,
"GBR","BCI","AMPLITUD","LTRENDIDX","M","1989-09",100.274,
"GBR","BCI","AMPLITUD","LTRENDIDX","M","1989-10",100.0149,
"GBR","BCI","AMPLITUD","LTRENDIDX","M","1989-11",99.83567,
"GBR","BCI","AMPLITUD","LTRENDIDX","M","1989-12",99.78712,
"GBR","BCI","AMPLITUD","LTRENDIDX","M","1990-01",99.73742,
"GBR","BCI","AMPLITUD","LTRENDIDX","M","1990-02",99.58901,
"GBR","BCI","AMPLITUD","LTRENDIDX","M","1990-03",99.48615,
"GBR","BCI","AMPLITUD","LTRENDIDX","M","1990-04",99.53189,
"GBR","BCI","AMPLITUD","LTRENDIDX","M","1990-05",99.50169,
"GBR","BCI","AMPLITUD","LTRENDIDX","M","1990-06",99.42892,
"GBR","BCI","AMPLITUD","LTRENDIDX","M","1990-07",99.22476,
"GBR","BCI","AMPLITUD","LTRENDIDX","M","1990-08",98.94033,
"GBR","BCI","AMPLITUD","LTRENDIDX","M","1990-09",98.61312,
"GBR","BCI","AMPLITUD","LTRENDIDX","M","1990-10",98.23576,
"GBR","BCI","AMPLITUD","LTRENDIDX","M","1990-11",97.86225,
"GBR","BCI","AMPLITUD","LTRENDIDX","M","1990-12",97.54346,
"GBR","BCI","AMPLITUD","LTRENDIDX","M","1991-01",97.2797,
"GBR","BCI","AMPLITUD","LTRENDIDX","M","1991-02",97.00283,
"GBR","BCI","AMPLITUD","LTRENDIDX","M","1991-03",96.96632,
"GBR","BCI","AMPLITUD","LTRENDIDX","M","1991-04",97.033,
"GBR","BCI","AMPLITUD","LTRENDIDX","M","1991-05",96.99572,
"GBR","BCI","AMPLITUD","LTRENDIDX","M","1991-06",97.05778,
"GBR","BCI","AMPLITUD","LTRENDIDX","M","1991-07",97.20733,
"GBR","BCI","AMPLITUD","LTRENDIDX","M","1991-08",97.47097,
"GBR","BCI","AMPLITUD","LTRENDIDX","M","1991-09",97.85891,
"GBR","BCI","AMPLITUD","LTRENDIDX","M","1991-10",98.13289,
"GBR","BCI","AMPLITUD","LTRENDIDX","M","1991-11",98.24943,
"GBR","BCI","AMPLITUD","LTRENDIDX","M","1991-12",98.17009,
"GBR","BCI","AMPLITUD","LTRENDIDX","M","1992-01",98.14471,
"GBR","BCI","AMPLITUD","LTRENDIDX","M","1992-02",98.3068,
"GBR","BCI","AMPLITUD","LTRENDIDX","M","1992-03",98.57257,
"GBR","BCI","AMPLITUD","LTRENDIDX","M","1992-04",98.83665,
"GBR","BCI","AMPLITUD","LTRENDIDX","M","1992-05",99.03251,
"GBR","BCI","AMPLITUD","LTRENDIDX","M","1992-06",98.94194,
"GBR","BCI","AMPLITUD","LTRENDIDX","M","1992-07",98.62009,
"GBR","BCI","AMPLITUD","LTRENDIDX","M","1992-08",98.25449,
"GBR","BCI","AMPLITUD","LTRENDIDX","M","1992-09",98.07656,
"GBR","BCI","AMPLITUD","LTRENDIDX","M","1992-10",98.0749,
"GBR","BCI","AMPLITUD","LTRENDIDX","M","1992-11",98.15211,
"GBR","BCI","AMPLITUD","LTRENDIDX","M","1992-12",98.4106,
"GBR","BCI","AMPLITUD","LTRENDIDX","M","1993-01",98.81229,
"GBR","BCI","AMPLITUD","LTRENDIDX","M","1993-02",99.20421,
"GBR","BCI","AMPLITUD","LTRENDIDX","M","1993-03",99.50609,
"GBR","BCI","AMPLITUD","LTRENDIDX","M","1993-04",99.6656,
"GBR","BCI","AMPLITUD","LTRENDIDX","M","1993-05",99.71423,
"GBR","BCI","AMPLITUD","LTRENDIDX","M","1993-06",99.72354,
"GBR","BCI","AMPLITUD","LTRENDIDX","M","1993-07",99.80915,
"GBR","BCI","AMPLITUD","LTRENDIDX","M","1993-08",100.0267,
"GBR","BCI","AMPLITUD","LTRENDIDX","M","1993-09",100.1178,
"GBR","BCI","AMPLITUD","LTRENDIDX","M","1993-10",100.0925,
"GBR","BCI","AMPLITUD","LTRENDIDX","M","1993-11",100.1796,
"GBR","BCI","AMPLITUD","LTRENDIDX","M","1993-12",100.3479,
"GBR","BCI","AMPLITUD","LTRENDIDX","M","1994-01",100.5231,
"GBR","BCI","AMPLITUD","LTRENDIDX","M","1994-02",100.6202,
"GBR","BCI","AMPLITUD","LTRENDIDX","M","1994-03",100.5261,
"GBR","BCI","AMPLITUD","LTRENDIDX","M","1994-04",100.4229,
"GBR","BCI","AMPLITUD","LTRENDIDX","M","1994-05",100.5454,
"GBR","BCI","AMPLITUD","LTRENDIDX","M","1994-06",100.7799,
"GBR","BCI","AMPLITUD","LTRENDIDX","M","1994-07",101.0143,
"GBR","BCI","AMPLITUD","LTRENDIDX","M","1994-08",101.2934,
"GBR","BCI","AMPLITUD","LTRENDIDX","M","1994-09",101.395,
"GBR","BCI","AMPLITUD","LTRENDIDX","M","1994-10",101.466,
"GBR","BCI","AMPLITUD","LTRENDIDX","M","1994-11",101.6478,
"GBR","BCI","AMPLITUD","LTRENDIDX","M","1994-12",101.8259,
"GBR","BCI","AMPLITUD","LTRENDIDX","M","1995-01",101.9008,
"GBR","BCI","AMPLITUD","LTRENDIDX","M","1995-02",101.9147,
"GBR","BCI","AMPLITUD","LTRENDIDX","M","1995-03",101.8298,
"GBR","BCI","AMPLITUD","LTRENDIDX","M","1995-04",101.6403,
"GBR","BCI","AMPLITUD","LTRENDIDX","M","1995-05",101.4261,
"GBR","BCI","AMPLITUD","LTRENDIDX","M","1995-06",101.163,
"GBR","BCI","AMPLITUD","LTRENDIDX","M","1995-07",101.0109,
"GBR","BCI","AMPLITUD","LTRENDIDX","M","1995-08",100.9457,
"GBR","BCI","AMPLITUD","LTRENDIDX","M","1995-09",100.8373,
"GBR","BCI","AMPLITUD","LTRENDIDX","M","1995-10",100.7047,
"GBR","BCI","AMPLITUD","LTRENDIDX","M","1995-11",100.5188,
"GBR","BCI","AMPLITUD","LTRENDIDX","M","1995-12",100.3773,
"GBR","BCI","AMPLITUD","LTRENDIDX","M","1996-01",100.3223,
"GBR","BCI","AMPLITUD","LTRENDIDX","M","1996-02",100.2189,
"GBR","BCI","AMPLITUD","LTRENDIDX","M","1996-03",100.0838,
"GBR","BCI","AMPLITUD","LTRENDIDX","M","1996-04",99.94629,
"GBR","BCI","AMPLITUD","LTRENDIDX","M","1996-05",99.83629,
"GBR","BCI","AMPLITUD","LTRENDIDX","M","1996-06",99.91142,
"GBR","BCI","AMPLITUD","LTRENDIDX","M","1996-07",100.125,
"GBR","BCI","AMPLITUD","LTRENDIDX","M","1996-08",100.2982,
"GBR","BCI","AMPLITUD","LTRENDIDX","M","1996-09",100.5484,
"GBR","BCI","AMPLITUD","LTRENDIDX","M","1996-10",100.8528,
"GBR","BCI","AMPLITUD","LTRENDIDX","M","1996-11",100.9664,
"GBR","BCI","AMPLITUD","LTRENDIDX","M","1996-12",100.8022,
"GBR","BCI","AMPLITUD","LTRENDIDX","M","1997-01",100.6431,
"GBR","BCI","AMPLITUD","LTRENDIDX","M","1997-02",100.5171,
"GBR","BCI","AMPLITUD","LTRENDIDX","M","1997-03",100.4934,
"GBR","BCI","AMPLITUD","LTRENDIDX","M","1997-04",100.4505,
"GBR","BCI","AMPLITUD","LTRENDIDX","M","1997-05",100.4575,
"GBR","BCI","AMPLITUD","LTRENDIDX","M","1997-06",100.5333,
"GBR","BCI","AMPLITUD","LTRENDIDX","M","1997-07",100.6392,
"GBR","BCI","AMPLITUD","LTRENDIDX","M","1997-08",100.614,
"GBR","BCI","AMPLITUD","LTRENDIDX","M","1997-09",100.7201,
"GBR","BCI","AMPLITUD","LTRENDIDX","M","1997-10",100.88,
"GBR","BCI","AMPLITUD","LTRENDIDX","M","1997-11",100.9171,
"GBR","BCI","AMPLITUD","LTRENDIDX","M","1997-12",100.9428,
"GBR","BCI","AMPLITUD","LTRENDIDX","M","1998-01",100.8568,
"GBR","BCI","AMPLITUD","LTRENDIDX","M","1998-02",100.7314,
"GBR","BCI","AMPLITUD","LTRENDIDX","M","1998-03",100.5295,
"GBR","BCI","AMPLITUD","LTRENDIDX","M","1998-04",100.2194,
"GBR","BCI","AMPLITUD","LTRENDIDX","M","1998-05",99.81899,
"GBR","BCI","AMPLITUD","LTRENDIDX","M","1998-06",99.43208,
"GBR","BCI","AMPLITUD","LTRENDIDX","M","1998-07",99.02809,
"GBR","BCI","AMPLITUD","LTRENDIDX","M","1998-08",98.55544,
"GBR","BCI","AMPLITUD","LTRENDIDX","M","1998-09",98.14554,
"GBR","BCI","AMPLITUD","LTRENDIDX","M","1998-10",97.77537,
"GBR","BCI","AMPLITUD","LTRENDIDX","M","1998-11",97.62466,
"GBR","BCI","AMPLITUD","LTRENDIDX","M","1998-12",97.73062,
"GBR","BCI","AMPLITUD","LTRENDIDX","M","1999-01",97.81252,
"GBR","BCI","AMPLITUD","LTRENDIDX","M","1999-02",97.93371,
"GBR","BCI","AMPLITUD","LTRENDIDX","M","1999-03",98.15679,
"GBR","BCI","AMPLITUD","LTRENDIDX","M","1999-04",98.56966,
"GBR","BCI","AMPLITUD","LTRENDIDX","M","1999-05",99.03091,
"GBR","BCI","AMPLITUD","LTRENDIDX","M","1999-06",99.30401,
"GBR","BCI","AMPLITUD","LTRENDIDX","M","1999-07",99.53261,
"GBR","BCI","AMPLITUD","LTRENDIDX","M","1999-08",99.87269,
"GBR","BCI","AMPLITUD","LTRENDIDX","M","1999-09",100.1903,
"GBR","BCI","AMPLITUD","LTRENDIDX","M","1999-10",100.2897,
"GBR","BCI","AMPLITUD","LTRENDIDX","M","1999-11",100.3112,
"GBR","BCI","AMPLITUD","LTRENDIDX","M","1999-12",100.3582,
"GBR","BCI","AMPLITUD","LTRENDIDX","M","2000-01",100.3494,
"GBR","BCI","AMPLITUD","LTRENDIDX","M","2000-02",100.2453,
"GBR","BCI","AMPLITUD","LTRENDIDX","M","2000-03",100.1099,
"GBR","BCI","AMPLITUD","LTRENDIDX","M","2000-04",99.98318,
"GBR","BCI","AMPLITUD","LTRENDIDX","M","2000-05",99.94255,
"GBR","BCI","AMPLITUD","LTRENDIDX","M","2000-06",99.93534,
"GBR","BCI","AMPLITUD","LTRENDIDX","M","2000-07",99.94551,
"GBR","BCI","AMPLITUD","LTRENDIDX","M","2000-08",99.95883,
"GBR","BCI","AMPLITUD","LTRENDIDX","M","2000-09",99.99475,
"GBR","BCI","AMPLITUD","LTRENDIDX","M","2000-10",100.0931,
"GBR","BCI","AMPLITUD","LTRENDIDX","M","2000-11",100.2152,
"GBR","BCI","AMPLITUD","LTRENDIDX","M","2000-12",100.3766,
"GBR","BCI","AMPLITUD","LTRENDIDX","M","2001-01",100.3569,
"GBR","BCI","AMPLITUD","LTRENDIDX","M","2001-02",100.0644,
"GBR","BCI","AMPLITUD","LTRENDIDX","M","2001-03",99.70336,
"GBR","BCI","AMPLITUD","LTRENDIDX","M","2001-04",99.5398,
"GBR","BCI","AMPLITUD","LTRENDIDX","M","2001-05",99.51607,
"GBR","BCI","AMPLITUD","LTRENDIDX","M","2001-06",99.62455,
"GBR","BCI","AMPLITUD","LTRENDIDX","M","2001-07",99.55271,
"GBR","BCI","AMPLITUD","LTRENDIDX","M","2001-08",99.3427,
"GBR","BCI","AMPLITUD","LTRENDIDX","M","2001-09",99.06334,
"GBR","BCI","AMPLITUD","LTRENDIDX","M","2001-10",98.715,
"GBR","BCI","AMPLITUD","LTRENDIDX","M","2001-11",98.37217,
"GBR","BCI","AMPLITUD","LTRENDIDX","M","2001-12",98.14256,
"GBR","BCI","AMPLITUD","LTRENDIDX","M","2002-01",98.27833,
"GBR","BCI","AMPLITUD","LTRENDIDX","M","2002-02",98.62719,
"GBR","BCI","AMPLITUD","LTRENDIDX","M","2002-03",99.01215,
"GBR","BCI","AMPLITUD","LTRENDIDX","M","2002-04",99.39825,
"GBR","BCI","AMPLITUD","LTRENDIDX","M","2002-05",99.6654,
"GBR","BCI","AMPLITUD","LTRENDIDX","M","2002-06",99.85361,
"GBR","BCI","AMPLITUD","LTRENDIDX","M","2002-07",99.92742,
"GBR","BCI","AMPLITUD","LTRENDIDX","M","2002-08",99.90331,
"GBR","BCI","AMPLITUD","LTRENDIDX","M","2002-09",99.76541,
"GBR","BCI","AMPLITUD","LTRENDIDX","M","2002-10",99.70001,
"GBR","BCI","AMPLITUD","LTRENDIDX","M","2002-11",99.64426,
"GBR","BCI","AMPLITUD","LTRENDIDX","M","2002-12",99.48833,
"GBR","BCI","AMPLITUD","LTRENDIDX","M","2003-01",99.33111,
"GBR","BCI","AMPLITUD","LTRENDIDX","M","2003-02",99.21523,
"GBR","BCI","AMPLITUD","LTRENDIDX","M","2003-03",99.11595,
"GBR","BCI","AMPLITUD","LTRENDIDX","M","2003-04",98.96236,
"GBR","BCI","AMPLITUD","LTRENDIDX","M","2003-05",98.82078,
"GBR","BCI","AMPLITUD","LTRENDIDX","M","2003-06",98.77486,
"GBR","BCI","AMPLITUD","LTRENDIDX","M","2003-07",98.87769,
"GBR","BCI","AMPLITUD","LTRENDIDX","M","2003-08",98.98734,
"GBR","BCI","AMPLITUD","LTRENDIDX","M","2003-09",99.0428,
"GBR","BCI","AMPLITUD","LTRENDIDX","M","2003-10",99.29098,
"GBR","BCI","AMPLITUD","LTRENDIDX","M","2003-11",99.67366,
"GBR","BCI","AMPLITUD","LTRENDIDX","M","2003-12",99.98964,
"GBR","BCI","AMPLITUD","LTRENDIDX","M","2004-01",100.2801,
"GBR","BCI","AMPLITUD","LTRENDIDX","M","2004-02",100.5023,
"GBR","BCI","AMPLITUD","LTRENDIDX","M","2004-03",100.7227,
"GBR","BCI","AMPLITUD","LTRENDIDX","M","2004-04",100.8005,
"GBR","BCI","AMPLITUD","LTRENDIDX","M","2004-05",100.9144,
"GBR","BCI","AMPLITUD","LTRENDIDX","M","2004-06",100.9158,
"GBR","BCI","AMPLITUD","LTRENDIDX","M","2004-07",100.8787,
"GBR","BCI","AMPLITUD","LTRENDIDX","M","2004-08",100.856,
"GBR","BCI","AMPLITUD","LTRENDIDX","M","2004-09",100.706,
"GBR","BCI","AMPLITUD","LTRENDIDX","M","2004-10",100.5991,
"GBR","BCI","AMPLITUD","LTRENDIDX","M","2004-11",100.5367,
"GBR","BCI","AMPLITUD","LTRENDIDX","M","2004-12",100.5841,
"GBR","BCI","AMPLITUD","LTRENDIDX","M","2005-01",100.628,
"GBR","BCI","AMPLITUD","LTRENDIDX","M","2005-02",100.4763,
"GBR","BCI","AMPLITUD","LTRENDIDX","M","2005-03",100.1296,
"GBR","BCI","AMPLITUD","LTRENDIDX","M","2005-04",99.7231,
"GBR","BCI","AMPLITUD","LTRENDIDX","M","2005-05",99.38864,
"GBR","BCI","AMPLITUD","LTRENDIDX","M","2005-06",99.26177,
"GBR","BCI","AMPLITUD","LTRENDIDX","M","2005-07",99.37416,
"GBR","BCI","AMPLITUD","LTRENDIDX","M","2005-08",99.4438,
"GBR","BCI","AMPLITUD","LTRENDIDX","M","2005-09",99.57277,
"GBR","BCI","AMPLITUD","LTRENDIDX","M","2005-10",99.55683,
"GBR","BCI","AMPLITUD","LTRENDIDX","M","2005-11",99.36671,
"GBR","BCI","AMPLITUD","LTRENDIDX","M","2005-12",99.11147,
"GBR","BCI","AMPLITUD","LTRENDIDX","M","2006-01",98.97602,
"GBR","BCI","AMPLITUD","LTRENDIDX","M","2006-02",99.25549,
"GBR","BCI","AMPLITUD","LTRENDIDX","M","2006-03",99.70148,
"GBR","BCI","AMPLITUD","LTRENDIDX","M","2006-04",100.2001,
"GBR","BCI","AMPLITUD","LTRENDIDX","M","2006-05",100.3892,
"GBR","BCI","AMPLITUD","LTRENDIDX","M","2006-06",100.4326,
"GBR","BCI","AMPLITUD","LTRENDIDX","M","2006-07",100.4105,
"GBR","BCI","AMPLITUD","LTRENDIDX","M","2006-08",100.4023,
"GBR","BCI","AMPLITUD","LTRENDIDX","M","2006-09",100.5083,
"GBR","BCI","AMPLITUD","LTRENDIDX","M","2006-10",100.5637,
"GBR","BCI","AMPLITUD","LTRENDIDX","M","2006-11",100.769,
"GBR","BCI","AMPLITUD","LTRENDIDX","M","2006-12",100.94,
"GBR","BCI","AMPLITUD","LTRENDIDX","M","2007-01",101.0498,
"GBR","BCI","AMPLITUD","LTRENDIDX","M","2007-02",101.1839,
"GBR","BCI","AMPLITUD","LTRENDIDX","M","2007-03",101.283,
"GBR","BCI","AMPLITUD","LTRENDIDX","M","2007-04",101.2934,
"GBR","BCI","AMPLITUD","LTRENDIDX","M","2007-05",101.3408,
"GBR","BCI","AMPLITUD","LTRENDIDX","M","2007-06",101.3102,
"GBR","BCI","AMPLITUD","LTRENDIDX","M","2007-07",101.0719,
"GBR","BCI","AMPLITUD","LTRENDIDX","M","2007-08",100.9854,
"GBR","BCI","AMPLITUD","LTRENDIDX","M","2007-09",101.0858,
"GBR","BCI","AMPLITUD","LTRENDIDX","M","2007-10",101.1381,
"GBR","BCI","AMPLITUD","LTRENDIDX","M","2007-11",101.1164,
"GBR","BCI","AMPLITUD","LTRENDIDX","M","2007-12",101.0775,
"GBR","BCI","AMPLITUD","LTRENDIDX","M","2008-01",101.0455,
"GBR","BCI","AMPLITUD","LTRENDIDX","M","2008-02",100.8196,
"GBR","BCI","AMPLITUD","LTRENDIDX","M","2008-03",100.6167,
"GBR","BCI","AMPLITUD","LTRENDIDX","M","2008-04",100.2442,
"GBR","BCI","AMPLITUD","LTRENDIDX","M","2008-05",99.95615,
"GBR","BCI","AMPLITUD","LTRENDIDX","M","2008-06",99.83596,
"GBR","BCI","AMPLITUD","LTRENDIDX","M","2008-07",99.56946,
"GBR","BCI","AMPLITUD","LTRENDIDX","M","2008-08",99.13296,
"GBR","BCI","AMPLITUD","LTRENDIDX","M","2008-09",98.58638,
"GBR","BCI","AMPLITUD","LTRENDIDX","M","2008-10",98.0573,
"GBR","BCI","AMPLITUD","LTRENDIDX","M","2008-11",97.7088,
"GBR","BCI","AMPLITUD","LTRENDIDX","M","2008-12",97.32162,
"GBR","BCI","AMPLITUD","LTRENDIDX","M","2009-01",96.84253,
"GBR","BCI","AMPLITUD","LTRENDIDX","M","2009-02",96.31911,
"GBR","BCI","AMPLITUD","LTRENDIDX","M","2009-03",96.06316,
"GBR","BCI","AMPLITUD","LTRENDIDX","M","2009-04",96.19557,
"GBR","BCI","AMPLITUD","LTRENDIDX","M","2009-05",96.47092,
"GBR","BCI","AMPLITUD","LTRENDIDX","M","2009-06",96.74479,
"GBR","BCI","AMPLITUD","LTRENDIDX","M","2009-07",97.08768,
"GBR","BCI","AMPLITUD","LTRENDIDX","M","2009-08",97.65853,
"GBR","BCI","AMPLITUD","LTRENDIDX","M","2009-09",98.17235,
"GBR","BCI","AMPLITUD","LTRENDIDX","M","2009-10",98.67622,
"GBR","BCI","AMPLITUD","LTRENDIDX","M","2009-11",98.96181,
"GBR","BCI","AMPLITUD","LTRENDIDX","M","2009-12",99.09268,
"GBR","BCI","AMPLITUD","LTRENDIDX","M","2010-01",99.30802,
"GBR","BCI","AMPLITUD","LTRENDIDX","M","2010-02",99.66035,
"GBR","BCI","AMPLITUD","LTRENDIDX","M","2010-03",99.97903,
"GBR","BCI","AMPLITUD","LTRENDIDX","M","2010-04",100.2545,
"GBR","BCI","AMPLITUD","LTRENDIDX","M","2010-05",100.4352,
"GBR","BCI","AMPLITUD","LTRENDIDX","M","2010-06",100.4154,
"GBR","BCI","AMPLITUD","LTRENDIDX","M","2010-07",100.5067,
"GBR","BCI","AMPLITUD","LTRENDIDX","M","2010-08",100.5949,
"GBR","BCI","AMPLITUD","LTRENDIDX","M","2010-09",100.6488,
"GBR","BCI","AMPLITUD","LTRENDIDX","M","2010-10",100.7369,
"GBR","BCI","AMPLITUD","LTRENDIDX","M","2010-11",100.8579,
"GBR","BCI","AMPLITUD","LTRENDIDX","M","2010-12",101.0843,
"GBR","BCI","AMPLITUD","LTRENDIDX","M","2011-01",101.2304,
"GBR","BCI","AMPLITUD","LTRENDIDX","M","2011-02",101.426,
"GBR","BCI","AMPLITUD","LTRENDIDX","M","2011-03",101.5284,
"GBR","BCI","AMPLITUD","LTRENDIDX","M","2011-04",101.4208,
"GBR","BCI","AMPLITUD","LTRENDIDX","M","2011-05",101.2263,
"GBR","BCI","AMPLITUD","LTRENDIDX","M","2011-06",101.0045,
"GBR","BCI","AMPLITUD","LTRENDIDX","M","2011-07",100.7573,
"GBR","BCI","AMPLITUD","LTRENDIDX","M","2011-08",100.5025,
"GBR","BCI","AMPLITUD","LTRENDIDX","M","2011-09",100.122,
"GBR","BCI","AMPLITUD","LTRENDIDX","M","2011-10",99.77408,
"GBR","BCI","AMPLITUD","LTRENDIDX","M","2011-11",99.63194,
"GBR","BCI","AMPLITUD","LTRENDIDX","M","2011-12",99.74783,
"GBR","BCI","AMPLITUD","LTRENDIDX","M","2012-01",100.0899,
"GBR","BCI","AMPLITUD","LTRENDIDX","M","2012-02",100.363,
"GBR","BCI","AMPLITUD","LTRENDIDX","M","2012-03",100.4037,
"GBR","BCI","AMPLITUD","LTRENDIDX","M","2012-04",100.2745,
"GBR","BCI","AMPLITUD","LTRENDIDX","M","2012-05",99.95067,
"GBR","BCI","AMPLITUD","LTRENDIDX","M","2012-06",99.87997,
"GBR","BCI","AMPLITUD","LTRENDIDX","M","2012-07",99.96014,
"GBR","BCI","AMPLITUD","LTRENDIDX","M","2012-08",99.91458,
"GBR","BCI","AMPLITUD","LTRENDIDX","M","2012-09",100.0329,
"GBR","BCI","AMPLITUD","LTRENDIDX","M","2012-10",100.1747,
"GBR","BCI","AMPLITUD","LTRENDIDX","M","2012-11",100.1463,
"GBR","BCI","AMPLITUD","LTRENDIDX","M","2012-12",100.1472,
"GBR","BCI","AMPLITUD","LTRENDIDX","M","2013-01",100.042,
"GBR","BCI","AMPLITUD","LTRENDIDX","M","2013-02",99.96886,
"GBR","BCI","AMPLITUD","LTRENDIDX","M","2013-03",99.95061,
"GBR","BCI","AMPLITUD","LTRENDIDX","M","2013-04",99.94684,
"GBR","BCI","AMPLITUD","LTRENDIDX","M","2013-05",99.93519,
"GBR","BCI","AMPLITUD","LTRENDIDX","M","2013-06",100.0204,
"GBR","BCI","AMPLITUD","LTRENDIDX","M","2013-07",100.4038,
"GBR","BCI","AMPLITUD","LTRENDIDX","M","2013-08",100.9195,
"GBR","BCI","AMPLITUD","LTRENDIDX","M","2013-09",101.3872,
"GBR","BCI","AMPLITUD","LTRENDIDX","M","2013-10",101.5914,
"GBR","BCI","AMPLITUD","LTRENDIDX","M","2013-11",101.7918,
"GBR","BCI","AMPLITUD","LTRENDIDX","M","2013-12",101.7517,
"GBR","BCI","AMPLITUD","LTRENDIDX","M","2014-01",101.5888,
"GBR","BCI","AMPLITUD","LTRENDIDX","M","2014-02",101.469,
"GBR","BCI","AMPLITUD","LTRENDIDX","M","2014-03",101.4531,
"GBR","BCI","AMPLITUD","LTRENDIDX","M","2014-04",101.6482,
"GBR","BCI","AMPLITUD","LTRENDIDX","M","2014-05",101.8242,
"GBR","BCI","AMPLITUD","LTRENDIDX","M","2014-06",101.9019,
"GBR","BCI","AMPLITUD","LTRENDIDX","M","2014-07",101.7989,
"GBR","BCI","AMPLITUD","LTRENDIDX","M","2014-08",101.6772,
"GBR","BCI","AMPLITUD","LTRENDIDX","M","2014-09",101.5313,
"GBR","BCI","AMPLITUD","LTRENDIDX","M","2014-10",101.4988,
"GBR","BCI","AMPLITUD","LTRENDIDX","M","2014-11",101.5543,
"GBR","BCI","AMPLITUD","LTRENDIDX","M","2014-12",101.5941,
"GBR","BCI","AMPLITUD","LTRENDIDX","M","2015-01",101.5705,
"GBR","BCI","AMPLITUD","LTRENDIDX","M","2015-02",101.4725,
"GBR","BCI","AMPLITUD","LTRENDIDX","M","2015-03",101.2346,
"GBR","BCI","AMPLITUD","LTRENDIDX","M","2015-04",101.0861,
"GBR","BCI","AMPLITUD","LTRENDIDX","M","2015-05",101.022,
"GBR","BCI","AMPLITUD","LTRENDIDX","M","2015-06",100.9403,
"GBR","BCI","AMPLITUD","LTRENDIDX","M","2015-07",100.8747,
"GBR","BCI","AMPLITUD","LTRENDIDX","M","2015-08",100.7289,
"GBR","BCI","AMPLITUD","LTRENDIDX","M","2015-09",100.5635,
"GBR","BCI","AMPLITUD","LTRENDIDX","M","2015-10",100.4258,
"GBR","BCI","AMPLITUD","LTRENDIDX","M","2015-11",100.2628,
"GBR","BCI","AMPLITUD","LTRENDIDX","M","2015-12",100.1643,
"GBR","BCI","AMPLITUD","LTRENDIDX","M","2016-01",100.1469,
"GBR","BCI","AMPLITUD","LTRENDIDX","M","2016-02",100.1368,
"GBR","BCI","AMPLITUD","LTRENDIDX","M","2016-03",100.2501,
"GBR","BCI","AMPLITUD","LTRENDIDX","M","2016-04",100.3928,
"GBR","BCI","AMPLITUD","LTRENDIDX","M","2016-05",100.6104,
"GBR","BCI","AMPLITUD","LTRENDIDX","M","2016-06",100.7349,
"GBR","BCI","AMPLITUD","LTRENDIDX","M","2016-07",100.693,
"GBR","BCI","AMPLITUD","LTRENDIDX","M","2016-08",100.6659,
"GBR","BCI","AMPLITUD","LTRENDIDX","M","2016-09",100.7207,
"GBR","BCI","AMPLITUD","LTRENDIDX","M","2016-10",100.9217,
"GBR","BCI","AMPLITUD","LTRENDIDX","M","2016-11",101.2126,
"GBR","BCI","AMPLITUD","LTRENDIDX","M","2016-12",101.4255,
"GBR","BCI","AMPLITUD","LTRENDIDX","M","2017-01",101.6326,
"GBR","BCI","AMPLITUD","LTRENDIDX","M","2017-02",101.7643,
"GBR","BCI","AMPLITUD","LTRENDIDX","M","2017-03",101.781,
"GBR","BCI","AMPLITUD","LTRENDIDX","M","2017-04",101.7733,
"GBR","BCI","AMPLITUD","LTRENDIDX","M","2017-05",101.9237,
"GBR","BCI","AMPLITUD","LTRENDIDX","M","2017-06",102.1885,
"GBR","BCI","AMPLITUD","LTRENDIDX","M","2017-07",102.4947,
"PRT","BCI","AMPLITUD","LTRENDIDX","M","1987-01",102.9745,
"PRT","BCI","AMPLITUD","LTRENDIDX","M","1987-02",103.2077,
"PRT","BCI","AMPLITUD","LTRENDIDX","M","1987-03",103.3127,
"PRT","BCI","AMPLITUD","LTRENDIDX","M","1987-04",103.2633,
"PRT","BCI","AMPLITUD","LTRENDIDX","M","1987-05",103.15,
"PRT","BCI","AMPLITUD","LTRENDIDX","M","1987-06",103.0757,
"PRT","BCI","AMPLITUD","LTRENDIDX","M","1987-07",103.0111,
"PRT","BCI","AMPLITUD","LTRENDIDX","M","1987-08",102.9205,
"PRT","BCI","AMPLITUD","LTRENDIDX","M","1987-09",102.792,
"PRT","BCI","AMPLITUD","LTRENDIDX","M","1987-10",102.574,
"PRT","BCI","AMPLITUD","LTRENDIDX","M","1987-11",102.3208,
"PRT","BCI","AMPLITUD","LTRENDIDX","M","1987-12",102.1185,
"PRT","BCI","AMPLITUD","LTRENDIDX","M","1988-01",101.944,
"PRT","BCI","AMPLITUD","LTRENDIDX","M","1988-02",101.764,
"PRT","BCI","AMPLITUD","LTRENDIDX","M","1988-03",101.6411,
"PRT","BCI","AMPLITUD","LTRENDIDX","M","1988-04",101.5875,
"PRT","BCI","AMPLITUD","LTRENDIDX","M","1988-05",101.5335,
"PRT","BCI","AMPLITUD","LTRENDIDX","M","1988-06",101.4498,
"PRT","BCI","AMPLITUD","LTRENDIDX","M","1988-07",101.3159,
"PRT","BCI","AMPLITUD","LTRENDIDX","M","1988-08",101.2893,
"PRT","BCI","AMPLITUD","LTRENDIDX","M","1988-09",101.2559,
"PRT","BCI","AMPLITUD","LTRENDIDX","M","1988-10",101.3205,
"PRT","BCI","AMPLITUD","LTRENDIDX","M","1988-11",101.4447,
"PRT","BCI","AMPLITUD","LTRENDIDX","M","1988-12",101.606,
"PRT","BCI","AMPLITUD","LTRENDIDX","M","1989-01",101.7417,
"PRT","BCI","AMPLITUD","LTRENDIDX","M","1989-02",101.6568,
"PRT","BCI","AMPLITUD","LTRENDIDX","M","1989-03",101.4544,
"PRT","BCI","AMPLITUD","LTRENDIDX","M","1989-04",101.2944,
"PRT","BCI","AMPLITUD","LTRENDIDX","M","1989-05",101.2015,
"PRT","BCI","AMPLITUD","LTRENDIDX","M","1989-06",101.0702,
"PRT","BCI","AMPLITUD","LTRENDIDX","M","1989-07",101.0157,
"PRT","BCI","AMPLITUD","LTRENDIDX","M","1989-08",100.8702,
"PRT","BCI","AMPLITUD","LTRENDIDX","M","1989-09",100.7862,
"PRT","BCI","AMPLITUD","LTRENDIDX","M","1989-10",100.6957,
"PRT","BCI","AMPLITUD","LTRENDIDX","M","1989-11",100.5831,
"PRT","BCI","AMPLITUD","LTRENDIDX","M","1989-12",100.507,
"PRT","BCI","AMPLITUD","LTRENDIDX","M","1990-01",100.4896,
"PRT","BCI","AMPLITUD","LTRENDIDX","M","1990-02",100.5413,
"PRT","BCI","AMPLITUD","LTRENDIDX","M","1990-03",100.5583,
"PRT","BCI","AMPLITUD","LTRENDIDX","M","1990-04",100.5106,
"PRT","BCI","AMPLITUD","LTRENDIDX","M","1990-05",100.3914,
"PRT","BCI","AMPLITUD","LTRENDIDX","M","1990-06",100.3327,
"PRT","BCI","AMPLITUD","LTRENDIDX","M","1990-07",100.2789,
"PRT","BCI","AMPLITUD","LTRENDIDX","M","1990-08",100.2341,
"PRT","BCI","AMPLITUD","LTRENDIDX","M","1990-09",100.1783,
"PRT","BCI","AMPLITUD","LTRENDIDX","M","1990-10",100.1641,
"PRT","BCI","AMPLITUD","LTRENDIDX","M","1990-11",100.2524,
"PRT","BCI","AMPLITUD","LTRENDIDX","M","1990-12",100.2517,
"PRT","BCI","AMPLITUD","LTRENDIDX","M","1991-01",100.0934,
"PRT","BCI","AMPLITUD","LTRENDIDX","M","1991-02",99.84933,
"PRT","BCI","AMPLITUD","LTRENDIDX","M","1991-03",99.77037,
"PRT","BCI","AMPLITUD","LTRENDIDX","M","1991-04",99.74079,
"PRT","BCI","AMPLITUD","LTRENDIDX","M","1991-05",99.82072,
"PRT","BCI","AMPLITUD","LTRENDIDX","M","1991-06",99.91528,
"PRT","BCI","AMPLITUD","LTRENDIDX","M","1991-07",99.93495,
"PRT","BCI","AMPLITUD","LTRENDIDX","M","1991-08",100.027,
"PRT","BCI","AMPLITUD","LTRENDIDX","M","1991-09",100.1269,
"PRT","BCI","AMPLITUD","LTRENDIDX","M","1991-10",100.1922,
"PRT","BCI","AMPLITUD","LTRENDIDX","M","1991-11",100.1369,
"PRT","BCI","AMPLITUD","LTRENDIDX","M","1991-12",99.98965,
"PRT","BCI","AMPLITUD","LTRENDIDX","M","1992-01",99.93128,
"PRT","BCI","AMPLITUD","LTRENDIDX","M","1992-02",99.96201,
"PRT","BCI","AMPLITUD","LTRENDIDX","M","1992-03",99.9596,
"PRT","BCI","AMPLITUD","LTRENDIDX","M","1992-04",99.94051,
"PRT","BCI","AMPLITUD","LTRENDIDX","M","1992-05",99.78759,
"PRT","BCI","AMPLITUD","LTRENDIDX","M","1992-06",99.52666,
"PRT","BCI","AMPLITUD","LTRENDIDX","M","1992-07",99.29068,
"PRT","BCI","AMPLITUD","LTRENDIDX","M","1992-08",99.03147,
"PRT","BCI","AMPLITUD","LTRENDIDX","M","1992-09",98.68713,
"PRT","BCI","AMPLITUD","LTRENDIDX","M","1992-10",98.35542,
"PRT","BCI","AMPLITUD","LTRENDIDX","M","1992-11",97.95161,
"PRT","BCI","AMPLITUD","LTRENDIDX","M","1992-12",97.59184,
"PRT","BCI","AMPLITUD","LTRENDIDX","M","1993-01",97.24167,
"PRT","BCI","AMPLITUD","LTRENDIDX","M","1993-02",97.05885,
"PRT","BCI","AMPLITUD","LTRENDIDX","M","1993-03",96.81675,
"PRT","BCI","AMPLITUD","LTRENDIDX","M","1993-04",96.67065,
"PRT","BCI","AMPLITUD","LTRENDIDX","M","1993-05",96.54181,
"PRT","BCI","AMPLITUD","LTRENDIDX","M","1993-06",96.45237,
"PRT","BCI","AMPLITUD","LTRENDIDX","M","1993-07",96.4997,
"PRT","BCI","AMPLITUD","LTRENDIDX","M","1993-08",96.65416,
"PRT","BCI","AMPLITUD","LTRENDIDX","M","1993-09",96.83183,
"PRT","BCI","AMPLITUD","LTRENDIDX","M","1993-10",97.16914,
"PRT","BCI","AMPLITUD","LTRENDIDX","M","1993-11",97.60487,
"PRT","BCI","AMPLITUD","LTRENDIDX","M","1993-12",98.02339,
"PRT","BCI","AMPLITUD","LTRENDIDX","M","1994-01",98.45384,
"PRT","BCI","AMPLITUD","LTRENDIDX","M","1994-02",98.97766,
"PRT","BCI","AMPLITUD","LTRENDIDX","M","1994-03",99.45258,
"PRT","BCI","AMPLITUD","LTRENDIDX","M","1994-04",99.82966,
"PRT","BCI","AMPLITUD","LTRENDIDX","M","1994-05",100.2447,
"PRT","BCI","AMPLITUD","LTRENDIDX","M","1994-06",100.7269,
"PRT","BCI","AMPLITUD","LTRENDIDX","M","1994-07",101.0757,
"PRT","BCI","AMPLITUD","LTRENDIDX","M","1994-08",101.219,
"PRT","BCI","AMPLITUD","LTRENDIDX","M","1994-09",101.4657,
"PRT","BCI","AMPLITUD","LTRENDIDX","M","1994-10",101.744,
"PRT","BCI","AMPLITUD","LTRENDIDX","M","1994-11",101.7153,
"PRT","BCI","AMPLITUD","LTRENDIDX","M","1994-12",101.5942,
"PRT","BCI","AMPLITUD","LTRENDIDX","M","1995-01",101.5251,
"PRT","BCI","AMPLITUD","LTRENDIDX","M","1995-02",101.3087,
"PRT","BCI","AMPLITUD","LTRENDIDX","M","1995-03",100.9684,
"PRT","BCI","AMPLITUD","LTRENDIDX","M","1995-04",100.7269,
"PRT","BCI","AMPLITUD","LTRENDIDX","M","1995-05",100.7111,
"PRT","BCI","AMPLITUD","LTRENDIDX","M","1995-06",100.8336,
"PRT","BCI","AMPLITUD","LTRENDIDX","M","1995-07",100.8941,
"PRT","BCI","AMPLITUD","LTRENDIDX","M","1995-08",100.6801,
"PRT","BCI","AMPLITUD","LTRENDIDX","M","1995-09",100.3007,
"PRT","BCI","AMPLITUD","LTRENDIDX","M","1995-10",99.80064,
"PRT","BCI","AMPLITUD","LTRENDIDX","M","1995-11",99.36791,
"PRT","BCI","AMPLITUD","LTRENDIDX","M","1995-12",99.12994,
"PRT","BCI","AMPLITUD","LTRENDIDX","M","1996-01",99.03743,
"PRT","BCI","AMPLITUD","LTRENDIDX","M","1996-02",98.99931,
"PRT","BCI","AMPLITUD","LTRENDIDX","M","1996-03",99.00954,
"PRT","BCI","AMPLITUD","LTRENDIDX","M","1996-04",99.15099,
"PRT","BCI","AMPLITUD","LTRENDIDX","M","1996-05",99.39631,
"PRT","BCI","AMPLITUD","LTRENDIDX","M","1996-06",99.63823,
"PRT","BCI","AMPLITUD","LTRENDIDX","M","1996-07",99.61573,
"PRT","BCI","AMPLITUD","LTRENDIDX","M","1996-08",99.54737,
"PRT","BCI","AMPLITUD","LTRENDIDX","M","1996-09",99.57031,
"PRT","BCI","AMPLITUD","LTRENDIDX","M","1996-10",99.75716,
"PRT","BCI","AMPLITUD","LTRENDIDX","M","1996-11",100.0073,
"PRT","BCI","AMPLITUD","LTRENDIDX","M","1996-12",100.4263,
"PRT","BCI","AMPLITUD","LTRENDIDX","M","1997-01",100.8354,
"PRT","BCI","AMPLITUD","LTRENDIDX","M","1997-02",100.9878,
"PRT","BCI","AMPLITUD","LTRENDIDX","M","1997-03",101.2231,
"PRT","BCI","AMPLITUD","LTRENDIDX","M","1997-04",101.5087,
"PRT","BCI","AMPLITUD","LTRENDIDX","M","1997-05",101.5817,
"PRT","BCI","AMPLITUD","LTRENDIDX","M","1997-06",101.4358,
"PRT","BCI","AMPLITUD","LTRENDIDX","M","1997-07",101.2482,
"PRT","BCI","AMPLITUD","LTRENDIDX","M","1997-08",101.028,
"PRT","BCI","AMPLITUD","LTRENDIDX","M","1997-09",100.9407,
"PRT","BCI","AMPLITUD","LTRENDIDX","M","1997-10",100.9793,
"PRT","BCI","AMPLITUD","LTRENDIDX","M","1997-11",101.2067,
"PRT","BCI","AMPLITUD","LTRENDIDX","M","1997-12",101.5447,
"PRT","BCI","AMPLITUD","LTRENDIDX","M","1998-01",101.8557,
"PRT","BCI","AMPLITUD","LTRENDIDX","M","1998-02",102.0512,
"PRT","BCI","AMPLITUD","LTRENDIDX","M","1998-03",102.1064,
"PRT","BCI","AMPLITUD","LTRENDIDX","M","1998-04",101.9509,
"PRT","BCI","AMPLITUD","LTRENDIDX","M","1998-05",101.7223,
"PRT","BCI","AMPLITUD","LTRENDIDX","M","1998-06",101.4755,
"PRT","BCI","AMPLITUD","LTRENDIDX","M","1998-07",101.3767,
"PRT","BCI","AMPLITUD","LTRENDIDX","M","1998-08",101.367,
"PRT","BCI","AMPLITUD","LTRENDIDX","M","1998-09",101.3129,
"PRT","BCI","AMPLITUD","LTRENDIDX","M","1998-10",101.1528,
"PRT","BCI","AMPLITUD","LTRENDIDX","M","1998-11",101.0543,
"PRT","BCI","AMPLITUD","LTRENDIDX","M","1998-12",100.9222,
"PRT","BCI","AMPLITUD","LTRENDIDX","M","1999-01",100.6859,
"PRT","BCI","AMPLITUD","LTRENDIDX","M","1999-02",100.3969,
"PRT","BCI","AMPLITUD","LTRENDIDX","M","1999-03",100.1909,
"PRT","BCI","AMPLITUD","LTRENDIDX","M","1999-04",100.1301,
"PRT","BCI","AMPLITUD","LTRENDIDX","M","1999-05",100.1695,
"PRT","BCI","AMPLITUD","LTRENDIDX","M","1999-06",100.3202,
"PRT","BCI","AMPLITUD","LTRENDIDX","M","1999-07",100.4557,
"PRT","BCI","AMPLITUD","LTRENDIDX","M","1999-08",100.4876,
"PRT","BCI","AMPLITUD","LTRENDIDX","M","1999-09",100.4872,
"PRT","BCI","AMPLITUD","LTRENDIDX","M","1999-10",100.5504,
"PRT","BCI","AMPLITUD","LTRENDIDX","M","1999-11",100.6441,
"PRT","BCI","AMPLITUD","LTRENDIDX","M","1999-12",100.8004,
"PRT","BCI","AMPLITUD","LTRENDIDX","M","2000-01",101.0225,
"PRT","BCI","AMPLITUD","LTRENDIDX","M","2000-02",101.2659,
"PRT","BCI","AMPLITUD","LTRENDIDX","M","2000-03",101.3881,
"PRT","BCI","AMPLITUD","LTRENDIDX","M","2000-04",101.4711,
"PRT","BCI","AMPLITUD","LTRENDIDX","M","2000-05",101.5622,
"PRT","BCI","AMPLITUD","LTRENDIDX","M","2000-06",101.5737,
"PRT","BCI","AMPLITUD","LTRENDIDX","M","2000-07",101.604,
"PRT","BCI","AMPLITUD","LTRENDIDX","M","2000-08",101.6853,
"PRT","BCI","AMPLITUD","LTRENDIDX","M","2000-09",101.6678,
"PRT","BCI","AMPLITUD","LTRENDIDX","M","2000-10",101.6361,
"PRT","BCI","AMPLITUD","LTRENDIDX","M","2000-11",101.5662,
"PRT","BCI","AMPLITUD","LTRENDIDX","M","2000-12",101.3575,
"PRT","BCI","AMPLITUD","LTRENDIDX","M","2001-01",101.0908,
"PRT","BCI","AMPLITUD","LTRENDIDX","M","2001-02",100.7916,
"PRT","BCI","AMPLITUD","LTRENDIDX","M","2001-03",100.4905,
"PRT","BCI","AMPLITUD","LTRENDIDX","M","2001-04",100.299,
"PRT","BCI","AMPLITUD","LTRENDIDX","M","2001-05",100.1964,
"PRT","BCI","AMPLITUD","LTRENDIDX","M","2001-06",100.1868,
"PRT","BCI","AMPLITUD","LTRENDIDX","M","2001-07",100.144,
"PRT","BCI","AMPLITUD","LTRENDIDX","M","2001-08",99.99289,
"PRT","BCI","AMPLITUD","LTRENDIDX","M","2001-09",99.76949,
"PRT","BCI","AMPLITUD","LTRENDIDX","M","2001-10",99.56605,
"PRT","BCI","AMPLITUD","LTRENDIDX","M","2001-11",99.53141,
"PRT","BCI","AMPLITUD","LTRENDIDX","M","2001-12",99.50811,
"PRT","BCI","AMPLITUD","LTRENDIDX","M","2002-01",99.44457,
"PRT","BCI","AMPLITUD","LTRENDIDX","M","2002-02",99.46989,
"PRT","BCI","AMPLITUD","LTRENDIDX","M","2002-03",99.54551,
"PRT","BCI","AMPLITUD","LTRENDIDX","M","2002-04",99.49139,
"PRT","BCI","AMPLITUD","LTRENDIDX","M","2002-05",99.42519,
"PRT","BCI","AMPLITUD","LTRENDIDX","M","2002-06",99.35309,
"PRT","BCI","AMPLITUD","LTRENDIDX","M","2002-07",99.16727,
"PRT","BCI","AMPLITUD","LTRENDIDX","M","2002-08",99.02702,
"PRT","BCI","AMPLITUD","LTRENDIDX","M","2002-09",98.84086,
"PRT","BCI","AMPLITUD","LTRENDIDX","M","2002-10",98.59561,
"PRT","BCI","AMPLITUD","LTRENDIDX","M","2002-11",98.37097,
"PRT","BCI","AMPLITUD","LTRENDIDX","M","2002-12",98.31017,
"PRT","BCI","AMPLITUD","LTRENDIDX","M","2003-01",98.38129,
"PRT","BCI","AMPLITUD","LTRENDIDX","M","2003-02",98.36942,
"PRT","BCI","AMPLITUD","LTRENDIDX","M","2003-03",98.26888,
"PRT","BCI","AMPLITUD","LTRENDIDX","M","2003-04",98.27786,
"PRT","BCI","AMPLITUD","LTRENDIDX","M","2003-05",98.53872,
"PRT","BCI","AMPLITUD","LTRENDIDX","M","2003-06",98.88864,
"PRT","BCI","AMPLITUD","LTRENDIDX","M","2003-07",99.14797,
"PRT","BCI","AMPLITUD","LTRENDIDX","M","2003-08",99.26791,
"PRT","BCI","AMPLITUD","LTRENDIDX","M","2003-09",99.32864,
"PRT","BCI","AMPLITUD","LTRENDIDX","M","2003-10",99.26489,
"PRT","BCI","AMPLITUD","LTRENDIDX","M","2003-11",99.23426,
"PRT","BCI","AMPLITUD","LTRENDIDX","M","2003-12",99.38923,
"PRT","BCI","AMPLITUD","LTRENDIDX","M","2004-01",99.51308,
"PRT","BCI","AMPLITUD","LTRENDIDX","M","2004-02",99.60281,
"PRT","BCI","AMPLITUD","LTRENDIDX","M","2004-03",99.74537,
"PRT","BCI","AMPLITUD","LTRENDIDX","M","2004-04",99.9077,
"PRT","BCI","AMPLITUD","LTRENDIDX","M","2004-05",100.1203,
"PRT","BCI","AMPLITUD","LTRENDIDX","M","2004-06",100.332,
"PRT","BCI","AMPLITUD","LTRENDIDX","M","2004-07",100.472,
"PRT","BCI","AMPLITUD","LTRENDIDX","M","2004-08",100.5126,
"PRT","BCI","AMPLITUD","LTRENDIDX","M","2004-09",100.4495,
"PRT","BCI","AMPLITUD","LTRENDIDX","M","2004-10",100.364,
"PRT","BCI","AMPLITUD","LTRENDIDX","M","2004-11",100.2459,
"PRT","BCI","AMPLITUD","LTRENDIDX","M","2004-12",100.0446,
"PRT","BCI","AMPLITUD","LTRENDIDX","M","2005-01",99.92477,
"PRT","BCI","AMPLITUD","LTRENDIDX","M","2005-02",99.88399,
"PRT","BCI","AMPLITUD","LTRENDIDX","M","2005-03",99.95839,
"PRT","BCI","AMPLITUD","LTRENDIDX","M","2005-04",100.0232,
"PRT","BCI","AMPLITUD","LTRENDIDX","M","2005-05",99.78711,
"PRT","BCI","AMPLITUD","LTRENDIDX","M","2005-06",99.46503,
"PRT","BCI","AMPLITUD","LTRENDIDX","M","2005-07",99.36239,
"PRT","BCI","AMPLITUD","LTRENDIDX","M","2005-08",99.54506,
"PRT","BCI","AMPLITUD","LTRENDIDX","M","2005-09",99.89044,
"PRT","BCI","AMPLITUD","LTRENDIDX","M","2005-10",100.1966,
"PRT","BCI","AMPLITUD","LTRENDIDX","M","2005-11",100.2486,
"PRT","BCI","AMPLITUD","LTRENDIDX","M","2005-12",100.1304,
"PRT","BCI","AMPLITUD","LTRENDIDX","M","2006-01",100.0182,
"PRT","BCI","AMPLITUD","LTRENDIDX","M","2006-02",99.9723,
"PRT","BCI","AMPLITUD","LTRENDIDX","M","2006-03",99.89555,
"PRT","BCI","AMPLITUD","LTRENDIDX","M","2006-04",99.90475,
"PRT","BCI","AMPLITUD","LTRENDIDX","M","2006-05",100.0301,
"PRT","BCI","AMPLITUD","LTRENDIDX","M","2006-06",100.1716,
"PRT","BCI","AMPLITUD","LTRENDIDX","M","2006-07",100.3169,
"PRT","BCI","AMPLITUD","LTRENDIDX","M","2006-08",100.3313,
"PRT","BCI","AMPLITUD","LTRENDIDX","M","2006-09",100.3956,
"PRT","BCI","AMPLITUD","LTRENDIDX","M","2006-10",100.4945,
"PRT","BCI","AMPLITUD","LTRENDIDX","M","2006-11",100.678,
"PRT","BCI","AMPLITUD","LTRENDIDX","M","2006-12",100.7908,
"PRT","BCI","AMPLITUD","LTRENDIDX","M","2007-01",100.9929,
"PRT","BCI","AMPLITUD","LTRENDIDX","M","2007-02",101.2686,
"PRT","BCI","AMPLITUD","LTRENDIDX","M","2007-03",101.431,
"PRT","BCI","AMPLITUD","LTRENDIDX","M","2007-04",101.4807,
"PRT","BCI","AMPLITUD","LTRENDIDX","M","2007-05",101.4779,
"PRT","BCI","AMPLITUD","LTRENDIDX","M","2007-06",101.3556,
"PRT","BCI","AMPLITUD","LTRENDIDX","M","2007-07",101.2137,
"PRT","BCI","AMPLITUD","LTRENDIDX","M","2007-08",101.2015,
"PRT","BCI","AMPLITUD","LTRENDIDX","M","2007-09",101.2649,
"PRT","BCI","AMPLITUD","LTRENDIDX","M","2007-10",101.3126,
"PRT","BCI","AMPLITUD","LTRENDIDX","M","2007-11",101.4277,
"PRT","BCI","AMPLITUD","LTRENDIDX","M","2007-12",101.4764,
"PRT","BCI","AMPLITUD","LTRENDIDX","M","2008-01",101.4223,
"PRT","BCI","AMPLITUD","LTRENDIDX","M","2008-02",101.3461,
"PRT","BCI","AMPLITUD","LTRENDIDX","M","2008-03",101.1566,
"PRT","BCI","AMPLITUD","LTRENDIDX","M","2008-04",100.8383,
"PRT","BCI","AMPLITUD","LTRENDIDX","M","2008-05",100.5553,
"PRT","BCI","AMPLITUD","LTRENDIDX","M","2008-06",100.4379,
"PRT","BCI","AMPLITUD","LTRENDIDX","M","2008-07",100.4017,
"PRT","BCI","AMPLITUD","LTRENDIDX","M","2008-08",100.1108,
"PRT","BCI","AMPLITUD","LTRENDIDX","M","2008-09",99.28867,
"PRT","BCI","AMPLITUD","LTRENDIDX","M","2008-10",98.16322,
"PRT","BCI","AMPLITUD","LTRENDIDX","M","2008-11",97.13955,
"PRT","BCI","AMPLITUD","LTRENDIDX","M","2008-12",96.31206,
"PRT","BCI","AMPLITUD","LTRENDIDX","M","2009-01",95.78463,
"PRT","BCI","AMPLITUD","LTRENDIDX","M","2009-02",95.58865,
"PRT","BCI","AMPLITUD","LTRENDIDX","M","2009-03",95.66124,
"PRT","BCI","AMPLITUD","LTRENDIDX","M","2009-04",95.68093,
"PRT","BCI","AMPLITUD","LTRENDIDX","M","2009-05",95.95601,
"PRT","BCI","AMPLITUD","LTRENDIDX","M","2009-06",96.2551,
"PRT","BCI","AMPLITUD","LTRENDIDX","M","2009-07",96.6132,
"PRT","BCI","AMPLITUD","LTRENDIDX","M","2009-08",97.10117,
"PRT","BCI","AMPLITUD","LTRENDIDX","M","2009-09",97.62218,
"PRT","BCI","AMPLITUD","LTRENDIDX","M","2009-10",97.9556,
"PRT","BCI","AMPLITUD","LTRENDIDX","M","2009-11",98.19709,
"PRT","BCI","AMPLITUD","LTRENDIDX","M","2009-12",98.40791,
"PRT","BCI","AMPLITUD","LTRENDIDX","M","2010-01",98.59659,
"PRT","BCI","AMPLITUD","LTRENDIDX","M","2010-02",98.7998,
"PRT","BCI","AMPLITUD","LTRENDIDX","M","2010-03",98.97947,
"PRT","BCI","AMPLITUD","LTRENDIDX","M","2010-04",99.11136,
"PRT","BCI","AMPLITUD","LTRENDIDX","M","2010-05",99.14261,
"PRT","BCI","AMPLITUD","LTRENDIDX","M","2010-06",99.16879,
"PRT","BCI","AMPLITUD","LTRENDIDX","M","2010-07",99.26533,
"PRT","BCI","AMPLITUD","LTRENDIDX","M","2010-08",99.3927,
"PRT","BCI","AMPLITUD","LTRENDIDX","M","2010-09",99.54015,
"PRT","BCI","AMPLITUD","LTRENDIDX","M","2010-10",99.63263,
"PRT","BCI","AMPLITUD","LTRENDIDX","M","2010-11",99.76085,
"PRT","BCI","AMPLITUD","LTRENDIDX","M","2010-12",99.9001,
"PRT","BCI","AMPLITUD","LTRENDIDX","M","2011-01",100.005,
"PRT","BCI","AMPLITUD","LTRENDIDX","M","2011-02",99.9563,
"PRT","BCI","AMPLITUD","LTRENDIDX","M","2011-03",99.73012,
"PRT","BCI","AMPLITUD","LTRENDIDX","M","2011-04",99.55,
"PRT","BCI","AMPLITUD","LTRENDIDX","M","2011-05",99.28921,
"PRT","BCI","AMPLITUD","LTRENDIDX","M","2011-06",99.04561,
"PRT","BCI","AMPLITUD","LTRENDIDX","M","2011-07",98.78466,
"PRT","BCI","AMPLITUD","LTRENDIDX","M","2011-08",98.2398,
"PRT","BCI","AMPLITUD","LTRENDIDX","M","2011-09",97.82549,
"PRT","BCI","AMPLITUD","LTRENDIDX","M","2011-10",97.77494,
"PRT","BCI","AMPLITUD","LTRENDIDX","M","2011-11",97.69636,
"PRT","BCI","AMPLITUD","LTRENDIDX","M","2011-12",97.65316,
"PRT","BCI","AMPLITUD","LTRENDIDX","M","2012-01",97.67625,
"PRT","BCI","AMPLITUD","LTRENDIDX","M","2012-02",97.7214,
"PRT","BCI","AMPLITUD","LTRENDIDX","M","2012-03",97.81779,
"PRT","BCI","AMPLITUD","LTRENDIDX","M","2012-04",97.88556,
"PRT","BCI","AMPLITUD","LTRENDIDX","M","2012-05",97.8282,
"PRT","BCI","AMPLITUD","LTRENDIDX","M","2012-06",97.79082,
"PRT","BCI","AMPLITUD","LTRENDIDX","M","2012-07",97.68555,
"PRT","BCI","AMPLITUD","LTRENDIDX","M","2012-08",97.62352,
"PRT","BCI","AMPLITUD","LTRENDIDX","M","2012-09",97.48831,
"PRT","BCI","AMPLITUD","LTRENDIDX","M","2012-10",97.46119,
"PRT","BCI","AMPLITUD","LTRENDIDX","M","2012-11",97.59009,
"PRT","BCI","AMPLITUD","LTRENDIDX","M","2012-12",97.85101,
"PRT","BCI","AMPLITUD","LTRENDIDX","M","2013-01",97.98485,
"PRT","BCI","AMPLITUD","LTRENDIDX","M","2013-02",98.09445,
"PRT","BCI","AMPLITUD","LTRENDIDX","M","2013-03",98.21909,
"PRT","BCI","AMPLITUD","LTRENDIDX","M","2013-04",98.32778,
"PRT","BCI","AMPLITUD","LTRENDIDX","M","2013-05",98.45209,
"PRT","BCI","AMPLITUD","LTRENDIDX","M","2013-06",98.50877,
"PRT","BCI","AMPLITUD","LTRENDIDX","M","2013-07",98.57018,
"PRT","BCI","AMPLITUD","LTRENDIDX","M","2013-08",98.75607,
"PRT","BCI","AMPLITUD","LTRENDIDX","M","2013-09",98.96625,
"PRT","BCI","AMPLITUD","LTRENDIDX","M","2013-10",99.20956,
"PRT","BCI","AMPLITUD","LTRENDIDX","M","2013-11",99.53098,
"PRT","BCI","AMPLITUD","LTRENDIDX","M","2013-12",99.83686,
"PRT","BCI","AMPLITUD","LTRENDIDX","M","2014-01",100.0026,
"PRT","BCI","AMPLITUD","LTRENDIDX","M","2014-02",100.0645,
"PRT","BCI","AMPLITUD","LTRENDIDX","M","2014-03",100.1567,
"PRT","BCI","AMPLITUD","LTRENDIDX","M","2014-04",100.1921,
"PRT","BCI","AMPLITUD","LTRENDIDX","M","2014-05",100.1476,
"PRT","BCI","AMPLITUD","LTRENDIDX","M","2014-06",100.0633,
"PRT","BCI","AMPLITUD","LTRENDIDX","M","2014-07",100.0179,
"PRT","BCI","AMPLITUD","LTRENDIDX","M","2014-08",100.0415,
"PRT","BCI","AMPLITUD","LTRENDIDX","M","2014-09",100.1271,
"PRT","BCI","AMPLITUD","LTRENDIDX","M","2014-10",100.2237,
"PRT","BCI","AMPLITUD","LTRENDIDX","M","2014-11",100.305,
"PRT","BCI","AMPLITUD","LTRENDIDX","M","2014-12",100.3594,
"PRT","BCI","AMPLITUD","LTRENDIDX","M","2015-01",100.4108,
"PRT","BCI","AMPLITUD","LTRENDIDX","M","2015-02",100.5163,
"PRT","BCI","AMPLITUD","LTRENDIDX","M","2015-03",100.68,
"PRT","BCI","AMPLITUD","LTRENDIDX","M","2015-04",100.8508,
"PRT","BCI","AMPLITUD","LTRENDIDX","M","2015-05",100.9474,
"PRT","BCI","AMPLITUD","LTRENDIDX","M","2015-06",100.9102,
"PRT","BCI","AMPLITUD","LTRENDIDX","M","2015-07",100.7942,
"PRT","BCI","AMPLITUD","LTRENDIDX","M","2015-08",100.6341,
"PRT","BCI","AMPLITUD","LTRENDIDX","M","2015-09",100.5774,
"PRT","BCI","AMPLITUD","LTRENDIDX","M","2015-10",100.5815,
"PRT","BCI","AMPLITUD","LTRENDIDX","M","2015-11",100.6076,
"PRT","BCI","AMPLITUD","LTRENDIDX","M","2015-12",100.6678,
"PRT","BCI","AMPLITUD","LTRENDIDX","M","2016-01",100.7651,
"PRT","BCI","AMPLITUD","LTRENDIDX","M","2016-02",100.7299,
"PRT","BCI","AMPLITUD","LTRENDIDX","M","2016-03",100.6204,
"PRT","BCI","AMPLITUD","LTRENDIDX","M","2016-04",100.5865,
"PRT","BCI","AMPLITUD","LTRENDIDX","M","2016-05",100.6185,
"PRT","BCI","AMPLITUD","LTRENDIDX","M","2016-06",100.6327,
"PRT","BCI","AMPLITUD","LTRENDIDX","M","2016-07",100.5596,
"PRT","BCI","AMPLITUD","LTRENDIDX","M","2016-08",100.5185,
"PRT","BCI","AMPLITUD","LTRENDIDX","M","2016-09",100.6329,
"PRT","BCI","AMPLITUD","LTRENDIDX","M","2016-10",100.8314,
"PRT","BCI","AMPLITUD","LTRENDIDX","M","2016-11",100.9741,
"PRT","BCI","AMPLITUD","LTRENDIDX","M","2016-12",101.0478,
"PRT","BCI","AMPLITUD","LTRENDIDX","M","2017-01",101.1101,
"PRT","BCI","AMPLITUD","LTRENDIDX","M","2017-02",101.1464,
"PRT","BCI","AMPLITUD","LTRENDIDX","M","2017-03",101.1793,
"PRT","BCI","AMPLITUD","LTRENDIDX","M","2017-04",101.2326,
"PRT","BCI","AMPLITUD","LTRENDIDX","M","2017-05",101.2292,
"PRT","BCI","AMPLITUD","LTRENDIDX","M","2017-06",101.2304,
"PRT","BCI","AMPLITUD","LTRENDIDX","M","2017-07",101.1637,
"CHL","BCI","AMPLITUD","LTRENDIDX","M","2003-11",100.85,
"CHL","BCI","AMPLITUD","LTRENDIDX","M","2003-12",101.1833,
"CHL","BCI","AMPLITUD","LTRENDIDX","M","2004-01",101.678,
"CHL","BCI","AMPLITUD","LTRENDIDX","M","2004-02",101.9522,
"CHL","BCI","AMPLITUD","LTRENDIDX","M","2004-03",101.9517,
"CHL","BCI","AMPLITUD","LTRENDIDX","M","2004-04",101.6889,
"CHL","BCI","AMPLITUD","LTRENDIDX","M","2004-05",101.4074,
"CHL","BCI","AMPLITUD","LTRENDIDX","M","2004-06",101.3409,
"CHL","BCI","AMPLITUD","LTRENDIDX","M","2004-07",101.4748,
"CHL","BCI","AMPLITUD","LTRENDIDX","M","2004-08",101.5807,
"CHL","BCI","AMPLITUD","LTRENDIDX","M","2004-09",101.6095,
"CHL","BCI","AMPLITUD","LTRENDIDX","M","2004-10",101.4498,
"CHL","BCI","AMPLITUD","LTRENDIDX","M","2004-11",101.296,
"CHL","BCI","AMPLITUD","LTRENDIDX","M","2004-12",101.374,
"CHL","BCI","AMPLITUD","LTRENDIDX","M","2005-01",101.6649,
"CHL","BCI","AMPLITUD","LTRENDIDX","M","2005-02",101.7919,
"CHL","BCI","AMPLITUD","LTRENDIDX","M","2005-03",101.6605,
"CHL","BCI","AMPLITUD","LTRENDIDX","M","2005-04",101.3386,
"CHL","BCI","AMPLITUD","LTRENDIDX","M","2005-05",101.0031,
"CHL","BCI","AMPLITUD","LTRENDIDX","M","2005-06",100.9301,
"CHL","BCI","AMPLITUD","LTRENDIDX","M","2005-07",100.9903,
"CHL","BCI","AMPLITUD","LTRENDIDX","M","2005-08",101.1676,
"CHL","BCI","AMPLITUD","LTRENDIDX","M","2005-09",101.3688,
"CHL","BCI","AMPLITUD","LTRENDIDX","M","2005-10",101.3767,
"CHL","BCI","AMPLITUD","LTRENDIDX","M","2005-11",101.2862,
"CHL","BCI","AMPLITUD","LTRENDIDX","M","2005-12",101.2311,
"CHL","BCI","AMPLITUD","LTRENDIDX","M","2006-01",101.3703,
"CHL","BCI","AMPLITUD","LTRENDIDX","M","2006-02",101.6413,
"CHL","BCI","AMPLITUD","LTRENDIDX","M","2006-03",101.6615,
"CHL","BCI","AMPLITUD","LTRENDIDX","M","2006-04",101.3471,
"CHL","BCI","AMPLITUD","LTRENDIDX","M","2006-05",100.8576,
"CHL","BCI","AMPLITUD","LTRENDIDX","M","2006-06",100.421,
"CHL","BCI","AMPLITUD","LTRENDIDX","M","2006-07",100.2785,
"CHL","BCI","AMPLITUD","LTRENDIDX","M","2006-08",100.2551,
"CHL","BCI","AMPLITUD","LTRENDIDX","M","2006-09",100.4014,
"CHL","BCI","AMPLITUD","LTRENDIDX","M","2006-10",100.4858,
"CHL","BCI","AMPLITUD","LTRENDIDX","M","2006-11",100.5244,
"CHL","BCI","AMPLITUD","LTRENDIDX","M","2006-12",100.6214,
"CHL","BCI","AMPLITUD","LTRENDIDX","M","2007-01",100.9022,
"CHL","BCI","AMPLITUD","LTRENDIDX","M","2007-02",101.053,
"CHL","BCI","AMPLITUD","LTRENDIDX","M","2007-03",100.9554,
"CHL","BCI","AMPLITUD","LTRENDIDX","M","2007-04",100.7055,
"CHL","BCI","AMPLITUD","LTRENDIDX","M","2007-05",100.5763,
"CHL","BCI","AMPLITUD","LTRENDIDX","M","2007-06",100.6122,
"CHL","BCI","AMPLITUD","LTRENDIDX","M","2007-07",100.695,
"CHL","BCI","AMPLITUD","LTRENDIDX","M","2007-08",100.8667,
"CHL","BCI","AMPLITUD","LTRENDIDX","M","2007-09",101.0821,
"CHL","BCI","AMPLITUD","LTRENDIDX","M","2007-10",101.0642,
"CHL","BCI","AMPLITUD","LTRENDIDX","M","2007-11",100.8495,
"CHL","BCI","AMPLITUD","LTRENDIDX","M","2007-12",100.7218,
"CHL","BCI","AMPLITUD","LTRENDIDX","M","2008-01",100.6275,
"CHL","BCI","AMPLITUD","LTRENDIDX","M","2008-02",100.4503,
"CHL","BCI","AMPLITUD","LTRENDIDX","M","2008-03",100.0051,
"CHL","BCI","AMPLITUD","LTRENDIDX","M","2008-04",99.68995,
"CHL","BCI","AMPLITUD","LTRENDIDX","M","2008-05",99.48164,
"CHL","BCI","AMPLITUD","LTRENDIDX","M","2008-06",99.30959,
"CHL","BCI","AMPLITUD","LTRENDIDX","M","2008-07",99.21753,
"CHL","BCI","AMPLITUD","LTRENDIDX","M","2008-08",99.19337,
"CHL","BCI","AMPLITUD","LTRENDIDX","M","2008-09",98.85744,
"CHL","BCI","AMPLITUD","LTRENDIDX","M","2008-10",97.93477,
"CHL","BCI","AMPLITUD","LTRENDIDX","M","2008-11",96.96272,
"CHL","BCI","AMPLITUD","LTRENDIDX","M","2008-12",96.34022,
"CHL","BCI","AMPLITUD","LTRENDIDX","M","2009-01",95.94823,
"CHL","BCI","AMPLITUD","LTRENDIDX","M","2009-02",95.74522,
"CHL","BCI","AMPLITUD","LTRENDIDX","M","2009-03",95.72827,
"CHL","BCI","AMPLITUD","LTRENDIDX","M","2009-04",95.95885,
"CHL","BCI","AMPLITUD","LTRENDIDX","M","2009-05",96.37795,
"CHL","BCI","AMPLITUD","LTRENDIDX","M","2009-06",97.02593,
"CHL","BCI","AMPLITUD","LTRENDIDX","M","2009-07",97.88443,
"CHL","BCI","AMPLITUD","LTRENDIDX","M","2009-08",98.86108,
"CHL","BCI","AMPLITUD","LTRENDIDX","M","2009-09",99.60309,
"CHL","BCI","AMPLITUD","LTRENDIDX","M","2009-10",99.89671,
"CHL","BCI","AMPLITUD","LTRENDIDX","M","2009-11",99.99866,
"CHL","BCI","AMPLITUD","LTRENDIDX","M","2009-12",100.2489,
"CHL","BCI","AMPLITUD","LTRENDIDX","M","2010-01",100.8826,
"CHL","BCI","AMPLITUD","LTRENDIDX","M","2010-02",101.6124,
"CHL","BCI","AMPLITUD","LTRENDIDX","M","2010-03",102.3461,
"CHL","BCI","AMPLITUD","LTRENDIDX","M","2010-04",102.8955,
"CHL","BCI","AMPLITUD","LTRENDIDX","M","2010-05",102.9514,
"CHL","BCI","AMPLITUD","LTRENDIDX","M","2010-06",102.7234,
"CHL","BCI","AMPLITUD","LTRENDIDX","M","2010-07",102.4212,
"CHL","BCI","AMPLITUD","LTRENDIDX","M","2010-08",102.2729,
"CHL","BCI","AMPLITUD","LTRENDIDX","M","2010-09",102.2862,
"CHL","BCI","AMPLITUD","LTRENDIDX","M","2010-10",102.2021,
"CHL","BCI","AMPLITUD","LTRENDIDX","M","2010-11",102.0771,
"CHL","BCI","AMPLITUD","LTRENDIDX","M","2010-12",101.976,
"CHL","BCI","AMPLITUD","LTRENDIDX","M","2011-01",102.0133,
"CHL","BCI","AMPLITUD","LTRENDIDX","M","2011-02",102.0775,
"CHL","BCI","AMPLITUD","LTRENDIDX","M","2011-03",101.9317,
"CHL","BCI","AMPLITUD","LTRENDIDX","M","2011-04",101.6663,
"CHL","BCI","AMPLITUD","LTRENDIDX","M","2011-05",101.4559,
"CHL","BCI","AMPLITUD","LTRENDIDX","M","2011-06",101.426,
"CHL","BCI","AMPLITUD","LTRENDIDX","M","2011-07",101.435,
"CHL","BCI","AMPLITUD","LTRENDIDX","M","2011-08",101.2785,
"CHL","BCI","AMPLITUD","LTRENDIDX","M","2011-09",101.0034,
"CHL","BCI","AMPLITUD","LTRENDIDX","M","2011-10",100.6063,
"CHL","BCI","AMPLITUD","LTRENDIDX","M","2011-11",100.419,
"CHL","BCI","AMPLITUD","LTRENDIDX","M","2011-12",100.514,
"CHL","BCI","AMPLITUD","LTRENDIDX","M","2012-01",100.9112,
"CHL","BCI","AMPLITUD","LTRENDIDX","M","2012-02",101.3107,
"CHL","BCI","AMPLITUD","LTRENDIDX","M","2012-03",101.3847,
"CHL","BCI","AMPLITUD","LTRENDIDX","M","2012-04",101.1564,
"CHL","BCI","AMPLITUD","LTRENDIDX","M","2012-05",100.8861,
"CHL","BCI","AMPLITUD","LTRENDIDX","M","2012-06",100.6892,
"CHL","BCI","AMPLITUD","LTRENDIDX","M","2012-07",100.639,
"CHL","BCI","AMPLITUD","LTRENDIDX","M","2012-08",100.6805,
"CHL","BCI","AMPLITUD","LTRENDIDX","M","2012-09",100.8039,
"CHL","BCI","AMPLITUD","LTRENDIDX","M","2012-10",100.9486,
"CHL","BCI","AMPLITUD","LTRENDIDX","M","2012-11",101.0156,
"CHL","BCI","AMPLITUD","LTRENDIDX","M","2012-12",101.0228,
"CHL","BCI","AMPLITUD","LTRENDIDX","M","2013-01",101.1463,
"CHL","BCI","AMPLITUD","LTRENDIDX","M","2013-02",101.2409,
"CHL","BCI","AMPLITUD","LTRENDIDX","M","2013-03",101.1374,
"CHL","BCI","AMPLITUD","LTRENDIDX","M","2013-04",100.7843,
"CHL","BCI","AMPLITUD","LTRENDIDX","M","2013-05",100.3854,
"CHL","BCI","AMPLITUD","LTRENDIDX","M","2013-06",100.0743,
"CHL","BCI","AMPLITUD","LTRENDIDX","M","2013-07",100.0171,
"CHL","BCI","AMPLITUD","LTRENDIDX","M","2013-08",100.2315,
"CHL","BCI","AMPLITUD","LTRENDIDX","M","2013-09",100.3975,
"CHL","BCI","AMPLITUD","LTRENDIDX","M","2013-10",100.3082,
"CHL","BCI","AMPLITUD","LTRENDIDX","M","2013-11",100.0725,
"CHL","BCI","AMPLITUD","LTRENDIDX","M","2013-12",99.81105,
"CHL","BCI","AMPLITUD","LTRENDIDX","M","2014-01",99.8671,
"CHL","BCI","AMPLITUD","LTRENDIDX","M","2014-02",99.91083,
"CHL","BCI","AMPLITUD","LTRENDIDX","M","2014-03",99.57265,
"CHL","BCI","AMPLITUD","LTRENDIDX","M","2014-04",99.01498,
"CHL","BCI","AMPLITUD","LTRENDIDX","M","2014-05",98.50717,
"CHL","BCI","AMPLITUD","LTRENDIDX","M","2014-06",98.097,
"CHL","BCI","AMPLITUD","LTRENDIDX","M","2014-07",97.8476,
"CHL","BCI","AMPLITUD","LTRENDIDX","M","2014-08",97.7061,
"CHL","BCI","AMPLITUD","LTRENDIDX","M","2014-09",97.60526,
"CHL","BCI","AMPLITUD","LTRENDIDX","M","2014-10",97.53115,
"CHL","BCI","AMPLITUD","LTRENDIDX","M","2014-11",97.55012,
"CHL","BCI","AMPLITUD","LTRENDIDX","M","2014-12",97.83366,
"CHL","BCI","AMPLITUD","LTRENDIDX","M","2015-01",98.31943,
"CHL","BCI","AMPLITUD","LTRENDIDX","M","2015-02",98.69849,
"CHL","BCI","AMPLITUD","LTRENDIDX","M","2015-03",98.88969,
"CHL","BCI","AMPLITUD","LTRENDIDX","M","2015-04",98.75902,
"CHL","BCI","AMPLITUD","LTRENDIDX","M","2015-05",98.34694,
"CHL","BCI","AMPLITUD","LTRENDIDX","M","2015-06",97.92523,
"CHL","BCI","AMPLITUD","LTRENDIDX","M","2015-07",97.47354,
"CHL","BCI","AMPLITUD","LTRENDIDX","M","2015-08",97.27341,
"CHL","BCI","AMPLITUD","LTRENDIDX","M","2015-09",97.42453,
"CHL","BCI","AMPLITUD","LTRENDIDX","M","2015-10",97.57703,
"CHL","BCI","AMPLITUD","LTRENDIDX","M","2015-11",97.61746,
"CHL","BCI","AMPLITUD","LTRENDIDX","M","2015-12",97.68858,
"CHL","BCI","AMPLITUD","LTRENDIDX","M","2016-01",97.97662,
"CHL","BCI","AMPLITUD","LTRENDIDX","M","2016-02",98.24627,
"CHL","BCI","AMPLITUD","LTRENDIDX","M","2016-03",98.11881,
"CHL","BCI","AMPLITUD","LTRENDIDX","M","2016-04",97.7873,
"CHL","BCI","AMPLITUD","LTRENDIDX","M","2016-05",97.50384,
"CHL","BCI","AMPLITUD","LTRENDIDX","M","2016-06",97.41879,
"CHL","BCI","AMPLITUD","LTRENDIDX","M","2016-07",97.51958,
"CHL","BCI","AMPLITUD","LTRENDIDX","M","2016-08",97.8388,
"CHL","BCI","AMPLITUD","LTRENDIDX","M","2016-09",98.18112,
"CHL","BCI","AMPLITUD","LTRENDIDX","M","2016-10",98.29646,
"CHL","BCI","AMPLITUD","LTRENDIDX","M","2016-11",98.12841,
"CHL","BCI","AMPLITUD","LTRENDIDX","M","2016-12",98.11752,
"CHL","BCI","AMPLITUD","LTRENDIDX","M","2017-01",98.35995,
"CHL","BCI","AMPLITUD","LTRENDIDX","M","2017-02",98.64294,
"CHL","BCI","AMPLITUD","LTRENDIDX","M","2017-03",98.59633,
"CHL","BCI","AMPLITUD","LTRENDIDX","M","2017-04",98.39425,
"CHL","BCI","AMPLITUD","LTRENDIDX","M","2017-05",98.26018,
"CHL","BCI","AMPLITUD","LTRENDIDX","M","2017-06",98.10277,
"EST","BCI","AMPLITUD","LTRENDIDX","M","1992-04",92.26679,
"EST","BCI","AMPLITUD","LTRENDIDX","M","1992-05",91.8229,
"EST","BCI","AMPLITUD","LTRENDIDX","M","1992-06",90.9201,
"EST","BCI","AMPLITUD","LTRENDIDX","M","1992-07",89.50091,
"EST","BCI","AMPLITUD","LTRENDIDX","M","1992-08",89.1242,
"EST","BCI","AMPLITUD","LTRENDIDX","M","1992-09",90.11677,
"EST","BCI","AMPLITUD","LTRENDIDX","M","1992-10",92.22755,
"EST","BCI","AMPLITUD","LTRENDIDX","M","1992-11",93.87794,
"EST","BCI","AMPLITUD","LTRENDIDX","M","1992-12",95.11682,
"EST","BCI","AMPLITUD","LTRENDIDX","M","1993-01",96.17838,
"EST","BCI","AMPLITUD","LTRENDIDX","M","1993-02",96.41666,
"EST","BCI","AMPLITUD","LTRENDIDX","M","1993-03",95.74228,
"EST","BCI","AMPLITUD","LTRENDIDX","M","1993-04",94.52286,
"EST","BCI","AMPLITUD","LTRENDIDX","M","1993-05",94.32685,
"EST","BCI","AMPLITUD","LTRENDIDX","M","1993-06",95.49975,
"EST","BCI","AMPLITUD","LTRENDIDX","M","1993-07",97.77642,
"EST","BCI","AMPLITUD","LTRENDIDX","M","1993-08",99.35114,
"EST","BCI","AMPLITUD","LTRENDIDX","M","1993-09",100.1178,
"EST","BCI","AMPLITUD","LTRENDIDX","M","1993-10",100.3726,
"EST","BCI","AMPLITUD","LTRENDIDX","M","1993-11",100.36,
"EST","BCI","AMPLITUD","LTRENDIDX","M","1993-12",100.1218,
"EST","BCI","AMPLITUD","LTRENDIDX","M","1994-01",99.75262,
"EST","BCI","AMPLITUD","LTRENDIDX","M","1994-02",99.88113,
"EST","BCI","AMPLITUD","LTRENDIDX","M","1994-03",100.7899,
"EST","BCI","AMPLITUD","LTRENDIDX","M","1994-04",102.3912,
"EST","BCI","AMPLITUD","LTRENDIDX","M","1994-05",103.4566,
"EST","BCI","AMPLITUD","LTRENDIDX","M","1994-06",103.8329,
"EST","BCI","AMPLITUD","LTRENDIDX","M","1994-07",103.6888,
"EST","BCI","AMPLITUD","LTRENDIDX","M","1994-08",103.3464,
"EST","BCI","AMPLITUD","LTRENDIDX","M","1994-09",102.6628,
"EST","BCI","AMPLITUD","LTRENDIDX","M","1994-10",101.5798,
"EST","BCI","AMPLITUD","LTRENDIDX","M","1994-11",101.0163,
"EST","BCI","AMPLITUD","LTRENDIDX","M","1994-12",100.8976,
"EST","BCI","AMPLITUD","LTRENDIDX","M","1995-01",100.9618,
"EST","BCI","AMPLITUD","LTRENDIDX","M","1995-02",101.0869,
"EST","BCI","AMPLITUD","LTRENDIDX","M","1995-03",101.2262,
"EST","BCI","AMPLITUD","LTRENDIDX","M","1995-04",101.3879,
"EST","BCI","AMPLITUD","LTRENDIDX","M","1995-05",101.5993,
"EST","BCI","AMPLITUD","LTRENDIDX","M","1995-06",101.8844,
"EST","BCI","AMPLITUD","LTRENDIDX","M","1995-07",102.1908,
"EST","BCI","AMPLITUD","LTRENDIDX","M","1995-08",102.3481,
"EST","BCI","AMPLITUD","LTRENDIDX","M","1995-09",102.177,
"EST","BCI","AMPLITUD","LTRENDIDX","M","1995-10",101.5757,
"EST","BCI","AMPLITUD","LTRENDIDX","M","1995-11",101.1418,
"EST","BCI","AMPLITUD","LTRENDIDX","M","1995-12",100.7609,
"EST","BCI","AMPLITUD","LTRENDIDX","M","1996-01",100.1793,
"EST","BCI","AMPLITUD","LTRENDIDX","M","1996-02",99.55906,
"EST","BCI","AMPLITUD","LTRENDIDX","M","1996-03",98.60133,
"EST","BCI","AMPLITUD","LTRENDIDX","M","1996-04",97.20203,
"EST","BCI","AMPLITUD","LTRENDIDX","M","1996-05",96.47864,
"EST","BCI","AMPLITUD","LTRENDIDX","M","1996-06",96.4223,
"EST","BCI","AMPLITUD","LTRENDIDX","M","1996-07",96.79468,
"EST","BCI","AMPLITUD","LTRENDIDX","M","1996-08",97.25365,
"EST","BCI","AMPLITUD","LTRENDIDX","M","1996-09",97.81374,
"EST","BCI","AMPLITUD","LTRENDIDX","M","1996-10",98.52586,
"EST","BCI","AMPLITUD","LTRENDIDX","M","1996-11",98.98666,
"EST","BCI","AMPLITUD","LTRENDIDX","M","1996-12",99.18776,
"EST","BCI","AMPLITUD","LTRENDIDX","M","1997-01",99.22845,
"EST","BCI","AMPLITUD","LTRENDIDX","M","1997-02",99.2881,
"EST","BCI","AMPLITUD","LTRENDIDX","M","1997-03",99.41193,
"EST","BCI","AMPLITUD","LTRENDIDX","M","1997-04",99.65957,
"EST","BCI","AMPLITUD","LTRENDIDX","M","1997-05",100.0854,
"EST","BCI","AMPLITUD","LTRENDIDX","M","1997-06",100.9418,
"EST","BCI","AMPLITUD","LTRENDIDX","M","1997-07",102.2882,
"EST","BCI","AMPLITUD","LTRENDIDX","M","1997-08",103.1693,
"EST","BCI","AMPLITUD","LTRENDIDX","M","1997-09",103.4263,
"EST","BCI","AMPLITUD","LTRENDIDX","M","1997-10",103.1623,
"EST","BCI","AMPLITUD","LTRENDIDX","M","1997-11",102.937,
"EST","BCI","AMPLITUD","LTRENDIDX","M","1997-12",102.7118,
"EST","BCI","AMPLITUD","LTRENDIDX","M","1998-01",102.3524,
"EST","BCI","AMPLITUD","LTRENDIDX","M","1998-02",102.0976,
"EST","BCI","AMPLITUD","LTRENDIDX","M","1998-03",101.8771,
"EST","BCI","AMPLITUD","LTRENDIDX","M","1998-04",101.671,
"EST","BCI","AMPLITUD","LTRENDIDX","M","1998-05",101.8339,
"EST","BCI","AMPLITUD","LTRENDIDX","M","1998-06",102.6072,
"EST","BCI","AMPLITUD","LTRENDIDX","M","1998-07",103.8868,
"EST","BCI","AMPLITUD","LTRENDIDX","M","1998-08",104.3113,
"EST","BCI","AMPLITUD","LTRENDIDX","M","1998-09",103.3474,
"EST","BCI","AMPLITUD","LTRENDIDX","M","1998-10",101.0049,
"EST","BCI","AMPLITUD","LTRENDIDX","M","1998-11",98.9389,
"EST","BCI","AMPLITUD","LTRENDIDX","M","1998-12",96.82443,
"EST","BCI","AMPLITUD","LTRENDIDX","M","1999-01",94.28388,
"EST","BCI","AMPLITUD","LTRENDIDX","M","1999-02",92.82781,
"EST","BCI","AMPLITUD","LTRENDIDX","M","1999-03",92.60113,
"EST","BCI","AMPLITUD","LTRENDIDX","M","1999-04",93.35339,
"EST","BCI","AMPLITUD","LTRENDIDX","M","1999-05",94.17967,
"EST","BCI","AMPLITUD","LTRENDIDX","M","1999-06",95.30131,
"EST","BCI","AMPLITUD","LTRENDIDX","M","1999-07",96.99664,
"EST","BCI","AMPLITUD","LTRENDIDX","M","1999-08",98.2712,
"EST","BCI","AMPLITUD","LTRENDIDX","M","1999-09",99.29144,
"EST","BCI","AMPLITUD","LTRENDIDX","M","1999-10",100.2489,
"EST","BCI","AMPLITUD","LTRENDIDX","M","1999-11",100.5481,
"EST","BCI","AMPLITUD","LTRENDIDX","M","1999-12",100.0351,
"EST","BCI","AMPLITUD","LTRENDIDX","M","2000-01",98.87196,
"EST","BCI","AMPLITUD","LTRENDIDX","M","2000-02",98.18806,
"EST","BCI","AMPLITUD","LTRENDIDX","M","2000-03",98.15556,
"EST","BCI","AMPLITUD","LTRENDIDX","M","2000-04",98.63847,
"EST","BCI","AMPLITUD","LTRENDIDX","M","2000-05",99.12106,
"EST","BCI","AMPLITUD","LTRENDIDX","M","2000-06",99.6823,
"EST","BCI","AMPLITUD","LTRENDIDX","M","2000-07",100.5131,
"EST","BCI","AMPLITUD","LTRENDIDX","M","2000-08",101.286,
"EST","BCI","AMPLITUD","LTRENDIDX","M","2000-09",101.9547,
"EST","BCI","AMPLITUD","LTRENDIDX","M","2000-10",102.5714,
"EST","BCI","AMPLITUD","LTRENDIDX","M","2000-11",103.1382,
"EST","BCI","AMPLITUD","LTRENDIDX","M","2000-12",103.8929,
"EST","BCI","AMPLITUD","LTRENDIDX","M","2001-01",104.8807,
"EST","BCI","AMPLITUD","LTRENDIDX","M","2001-02",105.2693,
"EST","BCI","AMPLITUD","LTRENDIDX","M","2001-03",104.8241,
"EST","BCI","AMPLITUD","LTRENDIDX","M","2001-04",103.6587,
"EST","BCI","AMPLITUD","LTRENDIDX","M","2001-05",102.8187,
"EST","BCI","AMPLITUD","LTRENDIDX","M","2001-06",102.4635,
"EST","BCI","AMPLITUD","LTRENDIDX","M","2001-07",102.1854,
"EST","BCI","AMPLITUD","LTRENDIDX","M","2001-08",101.8163,
"EST","BCI","AMPLITUD","LTRENDIDX","M","2001-09",101.1154,
"EST","BCI","AMPLITUD","LTRENDIDX","M","2001-10",100.2429,
"EST","BCI","AMPLITUD","LTRENDIDX","M","2001-11",99.80102,
"EST","BCI","AMPLITUD","LTRENDIDX","M","2001-12",99.9725,
"EST","BCI","AMPLITUD","LTRENDIDX","M","2002-01",101.17,
"EST","BCI","AMPLITUD","LTRENDIDX","M","2002-02",102.7893,
"EST","BCI","AMPLITUD","LTRENDIDX","M","2002-03",104.0936,
"EST","BCI","AMPLITUD","LTRENDIDX","M","2002-04",104.4676,
"EST","BCI","AMPLITUD","LTRENDIDX","M","2002-05",104.4384,
"EST","BCI","AMPLITUD","LTRENDIDX","M","2002-06",104.3296,
"EST","BCI","AMPLITUD","LTRENDIDX","M","2002-07",104.3603,
"EST","BCI","AMPLITUD","LTRENDIDX","M","2002-08",104.545,
"EST","BCI","AMPLITUD","LTRENDIDX","M","2002-09",104.6986,
"EST","BCI","AMPLITUD","LTRENDIDX","M","2002-10",104.3894,
"EST","BCI","AMPLITUD","LTRENDIDX","M","2002-11",103.6886,
"EST","BCI","AMPLITUD","LTRENDIDX","M","2002-12",103.4441,
"EST","BCI","AMPLITUD","LTRENDIDX","M","2003-01",104.1776,
"EST","BCI","AMPLITUD","LTRENDIDX","M","2003-02",104.6282,
"EST","BCI","AMPLITUD","LTRENDIDX","M","2003-03",104.2118,
"EST","BCI","AMPLITUD","LTRENDIDX","M","2003-04",103.0908,
"EST","BCI","AMPLITUD","LTRENDIDX","M","2003-05",102.1736,
"EST","BCI","AMPLITUD","LTRENDIDX","M","2003-06",102.0503,
"EST","BCI","AMPLITUD","LTRENDIDX","M","2003-07",102.5216,
"EST","BCI","AMPLITUD","LTRENDIDX","M","2003-08",102.8956,
"EST","BCI","AMPLITUD","LTRENDIDX","M","2003-09",103.0089,
"EST","BCI","AMPLITUD","LTRENDIDX","M","2003-10",102.7479,
"EST","BCI","AMPLITUD","LTRENDIDX","M","2003-11",102.1098,
"EST","BCI","AMPLITUD","LTRENDIDX","M","2003-12",101.7404,
"EST","BCI","AMPLITUD","LTRENDIDX","M","2004-01",102.2538,
"EST","BCI","AMPLITUD","LTRENDIDX","M","2004-02",103.041,
"EST","BCI","AMPLITUD","LTRENDIDX","M","2004-03",103.7336,
"EST","BCI","AMPLITUD","LTRENDIDX","M","2004-04",104.2843,
"EST","BCI","AMPLITUD","LTRENDIDX","M","2004-05",104.6561,
"EST","BCI","AMPLITUD","LTRENDIDX","M","2004-06",104.3061,
"EST","BCI","AMPLITUD","LTRENDIDX","M","2004-07",103.4449,
"EST","BCI","AMPLITUD","LTRENDIDX","M","2004-08",102.8305,
"EST","BCI","AMPLITUD","LTRENDIDX","M","2004-09",102.3406,
"EST","BCI","AMPLITUD","LTRENDIDX","M","2004-10",101.6209,
"EST","BCI","AMPLITUD","LTRENDIDX","M","2004-11",101.3038,
"EST","BCI","AMPLITUD","LTRENDIDX","M","2004-12",101.8203,
"EST","BCI","AMPLITUD","LTRENDIDX","M","2005-01",102.9527,
"EST","BCI","AMPLITUD","LTRENDIDX","M","2005-02",103.9437,
"EST","BCI","AMPLITUD","LTRENDIDX","M","2005-03",104.4106,
"EST","BCI","AMPLITUD","LTRENDIDX","M","2005-04",104.1873,
"EST","BCI","AMPLITUD","LTRENDIDX","M","2005-05",103.8283,
"EST","BCI","AMPLITUD","LTRENDIDX","M","2005-06",103.4452,
"EST","BCI","AMPLITUD","LTRENDIDX","M","2005-07",103.4461,
"EST","BCI","AMPLITUD","LTRENDIDX","M","2005-08",103.8095,
"EST","BCI","AMPLITUD","LTRENDIDX","M","2005-09",104.291,
"EST","BCI","AMPLITUD","LTRENDIDX","M","2005-10",104.9621,
"EST","BCI","AMPLITUD","LTRENDIDX","M","2005-11",105.2084,
"EST","BCI","AMPLITUD","LTRENDIDX","M","2005-12",105.1401,
"EST","BCI","AMPLITUD","LTRENDIDX","M","2006-01",104.5481,
"EST","BCI","AMPLITUD","LTRENDIDX","M","2006-02",104.3597,
"EST","BCI","AMPLITUD","LTRENDIDX","M","2006-03",104.767,
"EST","BCI","AMPLITUD","LTRENDIDX","M","2006-04",105.1037,
"EST","BCI","AMPLITUD","LTRENDIDX","M","2006-05",105.3802,
"EST","BCI","AMPLITUD","LTRENDIDX","M","2006-06",105.947,
"EST","BCI","AMPLITUD","LTRENDIDX","M","2006-07",106.4552,
"EST","BCI","AMPLITUD","LTRENDIDX","M","2006-08",106.712,
"EST","BCI","AMPLITUD","LTRENDIDX","M","2006-09",106.7975,
"EST","BCI","AMPLITUD","LTRENDIDX","M","2006-10",107.154,
"EST","BCI","AMPLITUD","LTRENDIDX","M","2006-11",107.7381,
"EST","BCI","AMPLITUD","LTRENDIDX","M","2006-12",108.0799,
"EST","BCI","AMPLITUD","LTRENDIDX","M","2007-01",107.8789,
"EST","BCI","AMPLITUD","LTRENDIDX","M","2007-02",107.7379,
"EST","BCI","AMPLITUD","LTRENDIDX","M","2007-03",107.386,
"EST","BCI","AMPLITUD","LTRENDIDX","M","2007-04",106.8954,
"EST","BCI","AMPLITUD","LTRENDIDX","M","2007-05",106.3044,
"EST","BCI","AMPLITUD","LTRENDIDX","M","2007-06",105.5532,
"EST","BCI","AMPLITUD","LTRENDIDX","M","2007-07",104.3112,
"EST","BCI","AMPLITUD","LTRENDIDX","M","2007-08",102.9367,
"EST","BCI","AMPLITUD","LTRENDIDX","M","2007-09",101.9145,
"EST","BCI","AMPLITUD","LTRENDIDX","M","2007-10",101.1834,
"EST","BCI","AMPLITUD","LTRENDIDX","M","2007-11",100.6376,
"EST","BCI","AMPLITUD","LTRENDIDX","M","2007-12",100.1989,
"EST","BCI","AMPLITUD","LTRENDIDX","M","2008-01",100.0502,
"EST","BCI","AMPLITUD","LTRENDIDX","M","2008-02",99.65141,
"EST","BCI","AMPLITUD","LTRENDIDX","M","2008-03",98.89431,
"EST","BCI","AMPLITUD","LTRENDIDX","M","2008-04",97.94644,
"EST","BCI","AMPLITUD","LTRENDIDX","M","2008-05",97.03657,
"EST","BCI","AMPLITUD","LTRENDIDX","M","2008-06",96.18813,
"EST","BCI","AMPLITUD","LTRENDIDX","M","2008-07",95.574,
"EST","BCI","AMPLITUD","LTRENDIDX","M","2008-08",94.56062,
"EST","BCI","AMPLITUD","LTRENDIDX","M","2008-09",93.01609,
"EST","BCI","AMPLITUD","LTRENDIDX","M","2008-10",91.38676,
"EST","BCI","AMPLITUD","LTRENDIDX","M","2008-11",89.9864,
"EST","BCI","AMPLITUD","LTRENDIDX","M","2008-12",88.85593,
"EST","BCI","AMPLITUD","LTRENDIDX","M","2009-01",88.01884,
"EST","BCI","AMPLITUD","LTRENDIDX","M","2009-02",86.94617,
"EST","BCI","AMPLITUD","LTRENDIDX","M","2009-03",86.36513,
"EST","BCI","AMPLITUD","LTRENDIDX","M","2009-04",86.66001,
"EST","BCI","AMPLITUD","LTRENDIDX","M","2009-05",87.37771,
"EST","BCI","AMPLITUD","LTRENDIDX","M","2009-06",88.18189,
"EST","BCI","AMPLITUD","LTRENDIDX","M","2009-07",89.2803,
"EST","BCI","AMPLITUD","LTRENDIDX","M","2009-08",90.23895,
"EST","BCI","AMPLITUD","LTRENDIDX","M","2009-09",90.89606,
"EST","BCI","AMPLITUD","LTRENDIDX","M","2009-10",91.58328,
"EST","BCI","AMPLITUD","LTRENDIDX","M","2009-11",92.5378,
"EST","BCI","AMPLITUD","LTRENDIDX","M","2009-12",93.701,
"EST","BCI","AMPLITUD","LTRENDIDX","M","2010-01",94.70069,
"EST","BCI","AMPLITUD","LTRENDIDX","M","2010-02",95.63103,
"EST","BCI","AMPLITUD","LTRENDIDX","M","2010-03",96.71204,
"EST","BCI","AMPLITUD","LTRENDIDX","M","2010-04",97.87974,
"EST","BCI","AMPLITUD","LTRENDIDX","M","2010-05",98.67666,
"EST","BCI","AMPLITUD","LTRENDIDX","M","2010-06",99.02719,
"EST","BCI","AMPLITUD","LTRENDIDX","M","2010-07",99.58566,
"EST","BCI","AMPLITUD","LTRENDIDX","M","2010-08",100.2755,
"EST","BCI","AMPLITUD","LTRENDIDX","M","2010-09",101.0146,
"EST","BCI","AMPLITUD","LTRENDIDX","M","2010-10",102.0316,
"EST","BCI","AMPLITUD","LTRENDIDX","M","2010-11",102.5719,
"EST","BCI","AMPLITUD","LTRENDIDX","M","2010-12",103.0031,
"EST","BCI","AMPLITUD","LTRENDIDX","M","2011-01",103.095,
"EST","BCI","AMPLITUD","LTRENDIDX","M","2011-02",103.0806,
"EST","BCI","AMPLITUD","LTRENDIDX","M","2011-03",102.9745,
"EST","BCI","AMPLITUD","LTRENDIDX","M","2011-04",102.7254,
"EST","BCI","AMPLITUD","LTRENDIDX","M","2011-05",102.4617,
"EST","BCI","AMPLITUD","LTRENDIDX","M","2011-06",102.1503,
"EST","BCI","AMPLITUD","LTRENDIDX","M","2011-07",101.5137,
"EST","BCI","AMPLITUD","LTRENDIDX","M","2011-08",100.8961,
"EST","BCI","AMPLITUD","LTRENDIDX","M","2011-09",100.3391,
"EST","BCI","AMPLITUD","LTRENDIDX","M","2011-10",99.71316,
"EST","BCI","AMPLITUD","LTRENDIDX","M","2011-11",99.48314,
"EST","BCI","AMPLITUD","LTRENDIDX","M","2011-12",99.28678,
"EST","BCI","AMPLITUD","LTRENDIDX","M","2012-01",99.20576,
"EST","BCI","AMPLITUD","LTRENDIDX","M","2012-02",99.40691,
"EST","BCI","AMPLITUD","LTRENDIDX","M","2012-03",99.52925,
"EST","BCI","AMPLITUD","LTRENDIDX","M","2012-04",99.24618,
"EST","BCI","AMPLITUD","LTRENDIDX","M","2012-05",99.14939,
"EST","BCI","AMPLITUD","LTRENDIDX","M","2012-06",99.40113,
"EST","BCI","AMPLITUD","LTRENDIDX","M","2012-07",99.27588,
"EST","BCI","AMPLITUD","LTRENDIDX","M","2012-08",99.0598,
"EST","BCI","AMPLITUD","LTRENDIDX","M","2012-09",98.40643,
"EST","BCI","AMPLITUD","LTRENDIDX","M","2012-10",97.69784,
"EST","BCI","AMPLITUD","LTRENDIDX","M","2012-11",97.24059,
"EST","BCI","AMPLITUD","LTRENDIDX","M","2012-12",97.31519,
"EST","BCI","AMPLITUD","LTRENDIDX","M","2013-01",97.97404,
"EST","BCI","AMPLITUD","LTRENDIDX","M","2013-02",98.6546,
"EST","BCI","AMPLITUD","LTRENDIDX","M","2013-03",98.73486,
"EST","BCI","AMPLITUD","LTRENDIDX","M","2013-04",98.41425,
"EST","BCI","AMPLITUD","LTRENDIDX","M","2013-05",98.32107,
"EST","BCI","AMPLITUD","LTRENDIDX","M","2013-06",98.13287,
"EST","BCI","AMPLITUD","LTRENDIDX","M","2013-07",98.12705,
"EST","BCI","AMPLITUD","LTRENDIDX","M","2013-08",98.5362,
"EST","BCI","AMPLITUD","LTRENDIDX","M","2013-09",98.99883,
"EST","BCI","AMPLITUD","LTRENDIDX","M","2013-10",99.15643,
"EST","BCI","AMPLITUD","LTRENDIDX","M","2013-11",99.05822,
"EST","BCI","AMPLITUD","LTRENDIDX","M","2013-12",99.03836,
"EST","BCI","AMPLITUD","LTRENDIDX","M","2014-01",99.39768,
"EST","BCI","AMPLITUD","LTRENDIDX","M","2014-02",99.2786,
"EST","BCI","AMPLITUD","LTRENDIDX","M","2014-03",98.83868,
"EST","BCI","AMPLITUD","LTRENDIDX","M","2014-04",98.53698,
"EST","BCI","AMPLITUD","LTRENDIDX","M","2014-05",98.29017,
"EST","BCI","AMPLITUD","LTRENDIDX","M","2014-06",98.15589,
"EST","BCI","AMPLITUD","LTRENDIDX","M","2014-07",98.30201,
"EST","BCI","AMPLITUD","LTRENDIDX","M","2014-08",98.48165,
"EST","BCI","AMPLITUD","LTRENDIDX","M","2014-09",98.54629,
"EST","BCI","AMPLITUD","LTRENDIDX","M","2014-10",98.78661,
"EST","BCI","AMPLITUD","LTRENDIDX","M","2014-11",98.93103,
"EST","BCI","AMPLITUD","LTRENDIDX","M","2014-12",98.80752,
"EST","BCI","AMPLITUD","LTRENDIDX","M","2015-01",98.5808,
"EST","BCI","AMPLITUD","LTRENDIDX","M","2015-02",98.28609,
"EST","BCI","AMPLITUD","LTRENDIDX","M","2015-03",98.02104,
"EST","BCI","AMPLITUD","LTRENDIDX","M","2015-04",97.96291,
"EST","BCI","AMPLITUD","LTRENDIDX","M","2015-05",97.93964,
"EST","BCI","AMPLITUD","LTRENDIDX","M","2015-06",97.83499,
"EST","BCI","AMPLITUD","LTRENDIDX","M","2015-07",97.85469,
"EST","BCI","AMPLITUD","LTRENDIDX","M","2015-08",97.76361,
"EST","BCI","AMPLITUD","LTRENDIDX","M","2015-09",97.87235,
"EST","BCI","AMPLITUD","LTRENDIDX","M","2015-10",98.26083,
"EST","BCI","AMPLITUD","LTRENDIDX","M","2015-11",98.63487,
"EST","BCI","AMPLITUD","LTRENDIDX","M","2015-12",98.97867,
"EST","BCI","AMPLITUD","LTRENDIDX","M","2016-01",99.18069,
"EST","BCI","AMPLITUD","LTRENDIDX","M","2016-02",99.1757,
"EST","BCI","AMPLITUD","LTRENDIDX","M","2016-03",99.08965,
"EST","BCI","AMPLITUD","LTRENDIDX","M","2016-04",98.89778,
"EST","BCI","AMPLITUD","LTRENDIDX","M","2016-05",98.78815,
"EST","BCI","AMPLITUD","LTRENDIDX","M","2016-06",99.0066,
"EST","BCI","AMPLITUD","LTRENDIDX","M","2016-07",99.44591,
"EST","BCI","AMPLITUD","LTRENDIDX","M","2016-08",99.9478,
"EST","BCI","AMPLITUD","LTRENDIDX","M","2016-09",100.3147,
"EST","BCI","AMPLITUD","LTRENDIDX","M","2016-10",100.3283,
"EST","BCI","AMPLITUD","LTRENDIDX","M","2016-11",100.2848,
"EST","BCI","AMPLITUD","LTRENDIDX","M","2016-12",100.4955,
"EST","BCI","AMPLITUD","LTRENDIDX","M","2017-01",100.8446,
"EST","BCI","AMPLITUD","LTRENDIDX","M","2017-02",101.3765,
"EST","BCI","AMPLITUD","LTRENDIDX","M","2017-03",101.7041,
"EST","BCI","AMPLITUD","LTRENDIDX","M","2017-04",102.0377,
"EST","BCI","AMPLITUD","LTRENDIDX","M","2017-05",102.0945,
"EST","BCI","AMPLITUD","LTRENDIDX","M","2017-06",102.4302,
"EST","BCI","AMPLITUD","LTRENDIDX","M","2017-07",102.8905,
"IDN","BCI","AMPLITUD","LTRENDIDX","M","2002-03",99.86054,
"IDN","BCI","AMPLITUD","LTRENDIDX","M","2002-04",99.71419,
"IDN","BCI","AMPLITUD","LTRENDIDX","M","2002-05",99.57977,
"IDN","BCI","AMPLITUD","LTRENDIDX","M","2002-06",99.48049,
"IDN","BCI","AMPLITUD","LTRENDIDX","M","2002-07",99.43825,
"IDN","BCI","AMPLITUD","LTRENDIDX","M","2002-08",99.42583,
"IDN","BCI","AMPLITUD","LTRENDIDX","M","2002-09",99.41355,
"IDN","BCI","AMPLITUD","LTRENDIDX","M","2002-10",99.3859,
"IDN","BCI","AMPLITUD","LTRENDIDX","M","2002-11",99.35822,
"IDN","BCI","AMPLITUD","LTRENDIDX","M","2002-12",99.35936,
"IDN","BCI","AMPLITUD","LTRENDIDX","M","2003-01",99.41437,
"IDN","BCI","AMPLITUD","LTRENDIDX","M","2003-02",99.49848,
"IDN","BCI","AMPLITUD","LTRENDIDX","M","2003-03",99.58039,
"IDN","BCI","AMPLITUD","LTRENDIDX","M","2003-04",99.63658,
"IDN","BCI","AMPLITUD","LTRENDIDX","M","2003-05",99.66769,
"IDN","BCI","AMPLITUD","LTRENDIDX","M","2003-06",99.6727,
"IDN","BCI","AMPLITUD","LTRENDIDX","M","2003-07",99.64812,
"IDN","BCI","AMPLITUD","LTRENDIDX","M","2003-08",99.61329,
"IDN","BCI","AMPLITUD","LTRENDIDX","M","2003-09",99.59098,
"IDN","BCI","AMPLITUD","LTRENDIDX","M","2003-10",99.59839,
"IDN","BCI","AMPLITUD","LTRENDIDX","M","2003-11",99.62542,
"IDN","BCI","AMPLITUD","LTRENDIDX","M","2003-12",99.66254,
"IDN","BCI","AMPLITUD","LTRENDIDX","M","2004-01",99.7089,
"IDN","BCI","AMPLITUD","LTRENDIDX","M","2004-02",99.77041,
"IDN","BCI","AMPLITUD","LTRENDIDX","M","2004-03",99.86172,
"IDN","BCI","AMPLITUD","LTRENDIDX","M","2004-04",99.99309,
"IDN","BCI","AMPLITUD","LTRENDIDX","M","2004-05",100.1273,
"IDN","BCI","AMPLITUD","LTRENDIDX","M","2004-06",100.2103,
"IDN","BCI","AMPLITUD","LTRENDIDX","M","2004-07",100.1984,
"IDN","BCI","AMPLITUD","LTRENDIDX","M","2004-08",100.1371,
"IDN","BCI","AMPLITUD","LTRENDIDX","M","2004-09",100.082,
"IDN","BCI","AMPLITUD","LTRENDIDX","M","2004-10",100.0695,
"IDN","BCI","AMPLITUD","LTRENDIDX","M","2004-11",100.0798,
"IDN","BCI","AMPLITUD","LTRENDIDX","M","2004-12",100.0821,
"IDN","BCI","AMPLITUD","LTRENDIDX","M","2005-01",100.0552,
"IDN","BCI","AMPLITUD","LTRENDIDX","M","2005-02",100.0169,
"IDN","BCI","AMPLITUD","LTRENDIDX","M","2005-03",99.99471,
"IDN","BCI","AMPLITUD","LTRENDIDX","M","2005-04",100.0072,
"IDN","BCI","AMPLITUD","LTRENDIDX","M","2005-05",100.0299,
"IDN","BCI","AMPLITUD","LTRENDIDX","M","2005-06",100.0251,
"IDN","BCI","AMPLITUD","LTRENDIDX","M","2005-07",99.96238,
"IDN","BCI","AMPLITUD","LTRENDIDX","M","2005-08",99.86619,
"IDN","BCI","AMPLITUD","LTRENDIDX","M","2005-09",99.76701,
"IDN","BCI","AMPLITUD","LTRENDIDX","M","2005-10",99.68652,
"IDN","BCI","AMPLITUD","LTRENDIDX","M","2005-11",99.62546,
"IDN","BCI","AMPLITUD","LTRENDIDX","M","2005-12",99.58798,
"IDN","BCI","AMPLITUD","LTRENDIDX","M","2006-01",99.58661,
"IDN","BCI","AMPLITUD","LTRENDIDX","M","2006-02",99.6235,
"IDN","BCI","AMPLITUD","LTRENDIDX","M","2006-03",99.71594,
"IDN","BCI","AMPLITUD","LTRENDIDX","M","2006-04",99.88351,
"IDN","BCI","AMPLITUD","LTRENDIDX","M","2006-05",100.0797,
"IDN","BCI","AMPLITUD","LTRENDIDX","M","2006-06",100.2454,
"IDN","BCI","AMPLITUD","LTRENDIDX","M","2006-07",100.3336,
"IDN","BCI","AMPLITUD","LTRENDIDX","M","2006-08",100.365,
"IDN","BCI","AMPLITUD","LTRENDIDX","M","2006-09",100.3595,
"IDN","BCI","AMPLITUD","LTRENDIDX","M","2006-10",100.3243,
"IDN","BCI","AMPLITUD","LTRENDIDX","M","2006-11",100.2798,
"IDN","BCI","AMPLITUD","LTRENDIDX","M","2006-12",100.2467,
"IDN","BCI","AMPLITUD","LTRENDIDX","M","2007-01",100.2435,
"IDN","BCI","AMPLITUD","LTRENDIDX","M","2007-02",100.2724,
"IDN","BCI","AMPLITUD","LTRENDIDX","M","2007-03",100.3427,
"IDN","BCI","AMPLITUD","LTRENDIDX","M","2007-04",100.4634,
"IDN","BCI","AMPLITUD","LTRENDIDX","M","2007-05",100.5927,
"IDN","BCI","AMPLITUD","LTRENDIDX","M","2007-06",100.6736,
"IDN","BCI","AMPLITUD","LTRENDIDX","M","2007-07",100.6595,
"IDN","BCI","AMPLITUD","LTRENDIDX","M","2007-08",100.5886,
"IDN","BCI","AMPLITUD","LTRENDIDX","M","2007-09",100.5059,
"IDN","BCI","AMPLITUD","LTRENDIDX","M","2007-10",100.4407,
"IDN","BCI","AMPLITUD","LTRENDIDX","M","2007-11",100.3972,
"IDN","BCI","AMPLITUD","LTRENDIDX","M","2007-12",100.3796,
"IDN","BCI","AMPLITUD","LTRENDIDX","M","2008-01",100.3952,
"IDN","BCI","AMPLITUD","LTRENDIDX","M","2008-02",100.4317,
"IDN","BCI","AMPLITUD","LTRENDIDX","M","2008-03",100.4805,
"IDN","BCI","AMPLITUD","LTRENDIDX","M","2008-04",100.5376,
"IDN","BCI","AMPLITUD","LTRENDIDX","M","2008-05",100.5936,
"IDN","BCI","AMPLITUD","LTRENDIDX","M","2008-06",100.6322,
"IDN","BCI","AMPLITUD","LTRENDIDX","M","2008-07",100.6305,
"IDN","BCI","AMPLITUD","LTRENDIDX","M","2008-08",100.5757,
"IDN","BCI","AMPLITUD","LTRENDIDX","M","2008-09",100.4356,
"IDN","BCI","AMPLITUD","LTRENDIDX","M","2008-10",100.1801,
"IDN","BCI","AMPLITUD","LTRENDIDX","M","2008-11",99.88985,
"IDN","BCI","AMPLITUD","LTRENDIDX","M","2008-12",99.67416,
"IDN","BCI","AMPLITUD","LTRENDIDX","M","2009-01",99.62393,
"IDN","BCI","AMPLITUD","LTRENDIDX","M","2009-02",99.69012,
"IDN","BCI","AMPLITUD","LTRENDIDX","M","2009-03",99.82487,
"IDN","BCI","AMPLITUD","LTRENDIDX","M","2009-04",100.0062,
"IDN","BCI","AMPLITUD","LTRENDIDX","M","2009-05",100.1942,
"IDN","BCI","AMPLITUD","LTRENDIDX","M","2009-06",100.3474,
"IDN","BCI","AMPLITUD","LTRENDIDX","M","2009-07",100.432,
"IDN","BCI","AMPLITUD","LTRENDIDX","M","2009-08",100.4667,
"IDN","BCI","AMPLITUD","LTRENDIDX","M","2009-09",100.4651,
"IDN","BCI","AMPLITUD","LTRENDIDX","M","2009-10",100.4278,
"IDN","BCI","AMPLITUD","LTRENDIDX","M","2009-11",100.3711,
"IDN","BCI","AMPLITUD","LTRENDIDX","M","2009-12",100.3074,
"IDN","BCI","AMPLITUD","LTRENDIDX","M","2010-01",100.2452,
"IDN","BCI","AMPLITUD","LTRENDIDX","M","2010-02",100.1954,
"IDN","BCI","AMPLITUD","LTRENDIDX","M","2010-03",100.1744,
"IDN","BCI","AMPLITUD","LTRENDIDX","M","2010-04",100.1944,
"IDN","BCI","AMPLITUD","LTRENDIDX","M","2010-05",100.2242,
"IDN","BCI","AMPLITUD","LTRENDIDX","M","2010-06",100.2224,
"IDN","BCI","AMPLITUD","LTRENDIDX","M","2010-07",100.1585,
"IDN","BCI","AMPLITUD","LTRENDIDX","M","2010-08",100.068,
"IDN","BCI","AMPLITUD","LTRENDIDX","M","2010-09",99.99916,
"IDN","BCI","AMPLITUD","LTRENDIDX","M","2010-10",99.9878,
"IDN","BCI","AMPLITUD","LTRENDIDX","M","2010-11",100.0096,
"IDN","BCI","AMPLITUD","LTRENDIDX","M","2010-12",100.0326,
"IDN","BCI","AMPLITUD","LTRENDIDX","M","2011-01",100.0373,
"IDN","BCI","AMPLITUD","LTRENDIDX","M","2011-02",100.034,
"IDN","BCI","AMPLITUD","LTRENDIDX","M","2011-03",100.0418,
"IDN","BCI","AMPLITUD","LTRENDIDX","M","2011-04",100.0742,
"IDN","BCI","AMPLITUD","LTRENDIDX","M","2011-05",100.1143,
"IDN","BCI","AMPLITUD","LTRENDIDX","M","2011-06",100.1362,
"IDN","BCI","AMPLITUD","LTRENDIDX","M","2011-07",100.1192,
"IDN","BCI","AMPLITUD","LTRENDIDX","M","2011-08",100.0793,
"IDN","BCI","AMPLITUD","LTRENDIDX","M","2011-09",100.0376,
"IDN","BCI","AMPLITUD","LTRENDIDX","M","2011-10",100.0116,
"IDN","BCI","AMPLITUD","LTRENDIDX","M","2011-11",100.0085,
"IDN","BCI","AMPLITUD","LTRENDIDX","M","2011-12",100.0401,
"IDN","BCI","AMPLITUD","LTRENDIDX","M","2012-01",100.1163,
"IDN","BCI","AMPLITUD","LTRENDIDX","M","2012-02",100.2027,
"IDN","BCI","AMPLITUD","LTRENDIDX","M","2012-03",100.2534,
"IDN","BCI","AMPLITUD","LTRENDIDX","M","2012-04",100.2333,
"IDN","BCI","AMPLITUD","LTRENDIDX","M","2012-05",100.1755,
"IDN","BCI","AMPLITUD","LTRENDIDX","M","2012-06",100.1217,
"IDN","BCI","AMPLITUD","LTRENDIDX","M","2012-07",100.0986,
"IDN","BCI","AMPLITUD","LTRENDIDX","M","2012-08",100.0914,
"IDN","BCI","AMPLITUD","LTRENDIDX","M","2012-09",100.0772,
"IDN","BCI","AMPLITUD","LTRENDIDX","M","2012-10",100.0427,
"IDN","BCI","AMPLITUD","LTRENDIDX","M","2012-11",100.0091,
"IDN","BCI","AMPLITUD","LTRENDIDX","M","2012-12",100.0098,
"IDN","BCI","AMPLITUD","LTRENDIDX","M","2013-01",100.0672,
"IDN","BCI","AMPLITUD","LTRENDIDX","M","2013-02",100.1364,
"IDN","BCI","AMPLITUD","LTRENDIDX","M","2013-03",100.1531,
"IDN","BCI","AMPLITUD","LTRENDIDX","M","2013-04",100.0712,
"IDN","BCI","AMPLITUD","LTRENDIDX","M","2013-05",99.95187,
"IDN","BCI","AMPLITUD","LTRENDIDX","M","2013-06",99.88095,
"IDN","BCI","AMPLITUD","LTRENDIDX","M","2013-07",99.92329,
"IDN","BCI","AMPLITUD","LTRENDIDX","M","2013-08",100.0288,
"IDN","BCI","AMPLITUD","LTRENDIDX","M","2013-09",100.1306,
"IDN","BCI","AMPLITUD","LTRENDIDX","M","2013-10",100.1804,
"IDN","BCI","AMPLITUD","LTRENDIDX","M","2013-11",100.1869,
"IDN","BCI","AMPLITUD","LTRENDIDX","M","2013-12",100.1628,
"IDN","BCI","AMPLITUD","LTRENDIDX","M","2014-01",100.1149,
"IDN","BCI","AMPLITUD","LTRENDIDX","M","2014-02",100.065,
"IDN","BCI","AMPLITUD","LTRENDIDX","M","2014-03",100.0381,
"IDN","BCI","AMPLITUD","LTRENDIDX","M","2014-04",100.0528,
"IDN","BCI","AMPLITUD","LTRENDIDX","M","2014-05",100.0888,
"IDN","BCI","AMPLITUD","LTRENDIDX","M","2014-06",100.1191,
"IDN","BCI","AMPLITUD","LTRENDIDX","M","2014-07",100.1218,
"IDN","BCI","AMPLITUD","LTRENDIDX","M","2014-08",100.0972,
"IDN","BCI","AMPLITUD","LTRENDIDX","M","2014-09",100.0418,
"IDN","BCI","AMPLITUD","LTRENDIDX","M","2014-10",99.95055,
"IDN","BCI","AMPLITUD","LTRENDIDX","M","2014-11",99.84909,
"IDN","BCI","AMPLITUD","LTRENDIDX","M","2014-12",99.76988,
"IDN","BCI","AMPLITUD","LTRENDIDX","M","2015-01",99.73822,
"IDN","BCI","AMPLITUD","LTRENDIDX","M","2015-02",99.7361,
"IDN","BCI","AMPLITUD","LTRENDIDX","M","2015-03",99.74161,
"IDN","BCI","AMPLITUD","LTRENDIDX","M","2015-04",99.73867,
"IDN","BCI","AMPLITUD","LTRENDIDX","M","2015-05",99.71923,
"IDN","BCI","AMPLITUD","LTRENDIDX","M","2015-06",99.67251,
"IDN","BCI","AMPLITUD","LTRENDIDX","M","2015-07",99.59075,
"IDN","BCI","AMPLITUD","LTRENDIDX","M","2015-08",99.50227,
"IDN","BCI","AMPLITUD","LTRENDIDX","M","2015-09",99.44744,
"IDN","BCI","AMPLITUD","LTRENDIDX","M","2015-10",99.46143,
"IDN","BCI","AMPLITUD","LTRENDIDX","M","2015-11",99.52325,
"IDN","BCI","AMPLITUD","LTRENDIDX","M","2015-12",99.61333,
"IDN","BCI","AMPLITUD","LTRENDIDX","M","2016-01",99.72317,
"IDN","BCI","AMPLITUD","LTRENDIDX","M","2016-02",99.83675,
"IDN","BCI","AMPLITUD","LTRENDIDX","M","2016-03",99.92988,
"IDN","BCI","AMPLITUD","LTRENDIDX","M","2016-04",99.96574,
"IDN","BCI","AMPLITUD","LTRENDIDX","M","2016-05",99.91087,
"IDN","BCI","AMPLITUD","LTRENDIDX","M","2016-06",99.69878,
"IDN","BCI","AMPLITUD","LTRENDIDX","M","2016-07",99.28414,
"IDN","BCI","AMPLITUD","LTRENDIDX","M","2016-08",98.85444,
"IDN","BCI","AMPLITUD","LTRENDIDX","M","2016-09",98.67998,
"IDN","BCI","AMPLITUD","LTRENDIDX","M","2016-10",98.97904,
"IDN","BCI","AMPLITUD","LTRENDIDX","M","2016-11",99.52779,
"IDN","BCI","AMPLITUD","LTRENDIDX","M","2016-12",100.0481,
"IDN","BCI","AMPLITUD","LTRENDIDX","M","2017-01",100.3455,
"IDN","BCI","AMPLITUD","LTRENDIDX","M","2017-02",100.4762,
"IDN","BCI","AMPLITUD","LTRENDIDX","M","2017-03",100.519,
"IDN","BCI","AMPLITUD","LTRENDIDX","M","2017-04",100.5155,
"IDN","BCI","AMPLITUD","LTRENDIDX","M","2017-05",100.497,
"IDN","BCI","AMPLITUD","LTRENDIDX","M","2017-06",100.4765,
"GRC","BCI","AMPLITUD","LTRENDIDX","M","1985-01",100.354,
"GRC","BCI","AMPLITUD","LTRENDIDX","M","1985-02",99.88338,
"GRC","BCI","AMPLITUD","LTRENDIDX","M","1985-03",99.43475,
"GRC","BCI","AMPLITUD","LTRENDIDX","M","1985-04",99.3605,
"GRC","BCI","AMPLITUD","LTRENDIDX","M","1985-05",99.71627,
"GRC","BCI","AMPLITUD","LTRENDIDX","M","1985-06",100.2541,
"GRC","BCI","AMPLITUD","LTRENDIDX","M","1985-07",100.4321,
"GRC","BCI","AMPLITUD","LTRENDIDX","M","1985-08",100.236,
"GRC","BCI","AMPLITUD","LTRENDIDX","M","1985-09",100.0826,
"GRC","BCI","AMPLITUD","LTRENDIDX","M","1985-10",100.2852,
"GRC","BCI","AMPLITUD","LTRENDIDX","M","1985-11",100.5575,
"GRC","BCI","AMPLITUD","LTRENDIDX","M","1985-12",100.8465,
"GRC","BCI","AMPLITUD","LTRENDIDX","M","1986-01",101.1404,
"GRC","BCI","AMPLITUD","LTRENDIDX","M","1986-02",101.2418,
"GRC","BCI","AMPLITUD","LTRENDIDX","M","1986-03",100.9391,
"GRC","BCI","AMPLITUD","LTRENDIDX","M","1986-04",100.7994,
"GRC","BCI","AMPLITUD","LTRENDIDX","M","1986-05",100.8467,
"GRC","BCI","AMPLITUD","LTRENDIDX","M","1986-06",100.6209,
"GRC","BCI","AMPLITUD","LTRENDIDX","M","1986-07",100.2265,
"GRC","BCI","AMPLITUD","LTRENDIDX","M","1986-08",99.94908,
"GRC","BCI","AMPLITUD","LTRENDIDX","M","1986-09",99.71644,
"GRC","BCI","AMPLITUD","LTRENDIDX","M","1986-10",99.37601,
"GRC","BCI","AMPLITUD","LTRENDIDX","M","1986-11",99.02892,
"GRC","BCI","AMPLITUD","LTRENDIDX","M","1986-12",98.90369,
"GRC","BCI","AMPLITUD","LTRENDIDX","M","1987-01",98.99297,
"GRC","BCI","AMPLITUD","LTRENDIDX","M","1987-02",99.19908,
"GRC","BCI","AMPLITUD","LTRENDIDX","M","1987-03",99.42743,
"GRC","BCI","AMPLITUD","LTRENDIDX","M","1987-04",99.46149,
"GRC","BCI","AMPLITUD","LTRENDIDX","M","1987-05",99.36366,
"GRC","BCI","AMPLITUD","LTRENDIDX","M","1987-06",99.56293,
"GRC","BCI","AMPLITUD","LTRENDIDX","M","1987-07",99.938,
"GRC","BCI","AMPLITUD","LTRENDIDX","M","1987-08",100.2674,
"GRC","BCI","AMPLITUD","LTRENDIDX","M","1987-09",100.3822,
"GRC","BCI","AMPLITUD","LTRENDIDX","M","1987-10",100.1408,
"GRC","BCI","AMPLITUD","LTRENDIDX","M","1987-11",99.76089,
"GRC","BCI","AMPLITUD","LTRENDIDX","M","1987-12",99.51257,
"GRC","BCI","AMPLITUD","LTRENDIDX","M","1988-01",99.63179,
"GRC","BCI","AMPLITUD","LTRENDIDX","M","1988-02",99.79733,
"GRC","BCI","AMPLITUD","LTRENDIDX","M","1988-03",99.82337,
"GRC","BCI","AMPLITUD","LTRENDIDX","M","1988-04",100.0014,
"GRC","BCI","AMPLITUD","LTRENDIDX","M","1988-05",100.3637,
"GRC","BCI","AMPLITUD","LTRENDIDX","M","1988-06",100.8303,
"GRC","BCI","AMPLITUD","LTRENDIDX","M","1988-07",101.0898,
"GRC","BCI","AMPLITUD","LTRENDIDX","M","1988-08",101.1277,
"GRC","BCI","AMPLITUD","LTRENDIDX","M","1988-09",101.1898,
"GRC","BCI","AMPLITUD","LTRENDIDX","M","1988-10",101.3587,
"GRC","BCI","AMPLITUD","LTRENDIDX","M","1988-11",101.1673,
"GRC","BCI","AMPLITUD","LTRENDIDX","M","1988-12",100.8501,
"GRC","BCI","AMPLITUD","LTRENDIDX","M","1989-01",100.8244,
"GRC","BCI","AMPLITUD","LTRENDIDX","M","1989-02",100.7494,
"GRC","BCI","AMPLITUD","LTRENDIDX","M","1989-03",100.7492,
"GRC","BCI","AMPLITUD","LTRENDIDX","M","1989-04",100.7572,
"GRC","BCI","AMPLITUD","LTRENDIDX","M","1989-05",100.8004,
"GRC","BCI","AMPLITUD","LTRENDIDX","M","1989-06",101.0117,
"GRC","BCI","AMPLITUD","LTRENDIDX","M","1989-07",101.0995,
"GRC","BCI","AMPLITUD","LTRENDIDX","M","1989-08",101.0297,
"GRC","BCI","AMPLITUD","LTRENDIDX","M","1989-09",100.7958,
"GRC","BCI","AMPLITUD","LTRENDIDX","M","1989-10",100.5085,
"GRC","BCI","AMPLITUD","LTRENDIDX","M","1989-11",100.5896,
"GRC","BCI","AMPLITUD","LTRENDIDX","M","1989-12",101.0035,
"GRC","BCI","AMPLITUD","LTRENDIDX","M","1990-01",101.3185,
"GRC","BCI","AMPLITUD","LTRENDIDX","M","1990-02",101.2668,
"GRC","BCI","AMPLITUD","LTRENDIDX","M","1990-03",101.1197,
"GRC","BCI","AMPLITUD","LTRENDIDX","M","1990-04",101.0288,
"GRC","BCI","AMPLITUD","LTRENDIDX","M","1990-05",100.93,
"GRC","BCI","AMPLITUD","LTRENDIDX","M","1990-06",100.5527,
"GRC","BCI","AMPLITUD","LTRENDIDX","M","1990-07",100.0466,
"GRC","BCI","AMPLITUD","LTRENDIDX","M","1990-08",99.56749,
"GRC","BCI","AMPLITUD","LTRENDIDX","M","1990-09",99.45844,
"GRC","BCI","AMPLITUD","LTRENDIDX","M","1990-10",99.93759,
"GRC","BCI","AMPLITUD","LTRENDIDX","M","1990-11",100.2938,
"GRC","BCI","AMPLITUD","LTRENDIDX","M","1990-12",100.1531,
"GRC","BCI","AMPLITUD","LTRENDIDX","M","1991-01",99.54819,
"GRC","BCI","AMPLITUD","LTRENDIDX","M","1991-02",99.01896,
"GRC","BCI","AMPLITUD","LTRENDIDX","M","1991-03",98.79663,
"GRC","BCI","AMPLITUD","LTRENDIDX","M","1991-04",98.82566,
"GRC","BCI","AMPLITUD","LTRENDIDX","M","1991-05",99.02662,
"GRC","BCI","AMPLITUD","LTRENDIDX","M","1991-06",99.28752,
"GRC","BCI","AMPLITUD","LTRENDIDX","M","1991-07",99.38457,
"GRC","BCI","AMPLITUD","LTRENDIDX","M","1991-08",99.4925,
"GRC","BCI","AMPLITUD","LTRENDIDX","M","1991-09",99.80338,
"GRC","BCI","AMPLITUD","LTRENDIDX","M","1991-10",100.3781,
"GRC","BCI","AMPLITUD","LTRENDIDX","M","1991-11",100.7543,
"GRC","BCI","AMPLITUD","LTRENDIDX","M","1991-12",100.8532,
"GRC","BCI","AMPLITUD","LTRENDIDX","M","1992-01",100.7657,
"GRC","BCI","AMPLITUD","LTRENDIDX","M","1992-02",100.6942,
"GRC","BCI","AMPLITUD","LTRENDIDX","M","1992-03",100.4717,
"GRC","BCI","AMPLITUD","LTRENDIDX","M","1992-04",100.1205,
"GRC","BCI","AMPLITUD","LTRENDIDX","M","1992-05",99.9323,
"GRC","BCI","AMPLITUD","LTRENDIDX","M","1992-06",100.0284,
"GRC","BCI","AMPLITUD","LTRENDIDX","M","1992-07",100.2025,
"GRC","BCI","AMPLITUD","LTRENDIDX","M","1992-08",100.2715,
"GRC","BCI","AMPLITUD","LTRENDIDX","M","1992-09",100.2254,
"GRC","BCI","AMPLITUD","LTRENDIDX","M","1992-10",100.0575,
"GRC","BCI","AMPLITUD","LTRENDIDX","M","1992-11",99.72937,
"GRC","BCI","AMPLITUD","LTRENDIDX","M","1992-12",99.52071,
"GRC","BCI","AMPLITUD","LTRENDIDX","M","1993-01",99.42452,
"GRC","BCI","AMPLITUD","LTRENDIDX","M","1993-02",99.51795,
"GRC","BCI","AMPLITUD","LTRENDIDX","M","1993-03",99.73373,
"GRC","BCI","AMPLITUD","LTRENDIDX","M","1993-04",99.82769,
"GRC","BCI","AMPLITUD","LTRENDIDX","M","1993-05",99.79204,
"GRC","BCI","AMPLITUD","LTRENDIDX","M","1993-06",99.84267,
"GRC","BCI","AMPLITUD","LTRENDIDX","M","1993-07",99.96767,
"GRC","BCI","AMPLITUD","LTRENDIDX","M","1993-08",100.0594,
"GRC","BCI","AMPLITUD","LTRENDIDX","M","1993-09",100.0128,
"GRC","BCI","AMPLITUD","LTRENDIDX","M","1993-10",99.75501,
"GRC","BCI","AMPLITUD","LTRENDIDX","M","1993-11",99.39412,
"GRC","BCI","AMPLITUD","LTRENDIDX","M","1993-12",99.41557,
"GRC","BCI","AMPLITUD","LTRENDIDX","M","1994-01",99.78493,
"GRC","BCI","AMPLITUD","LTRENDIDX","M","1994-02",100.2512,
"GRC","BCI","AMPLITUD","LTRENDIDX","M","1994-03",100.5659,
"GRC","BCI","AMPLITUD","LTRENDIDX","M","1994-04",100.8287,
"GRC","BCI","AMPLITUD","LTRENDIDX","M","1994-05",101.0509,
"GRC","BCI","AMPLITUD","LTRENDIDX","M","1994-06",101.2374,
"GRC","BCI","AMPLITUD","LTRENDIDX","M","1994-07",101.429,
"GRC","BCI","AMPLITUD","LTRENDIDX","M","1994-08",101.454,
"GRC","BCI","AMPLITUD","LTRENDIDX","M","1994-09",101.2044,
"GRC","BCI","AMPLITUD","LTRENDIDX","M","1994-10",100.7117,
"GRC","BCI","AMPLITUD","LTRENDIDX","M","1994-11",100.5592,
"GRC","BCI","AMPLITUD","LTRENDIDX","M","1994-12",100.7508,
"GRC","BCI","AMPLITUD","LTRENDIDX","M","1995-01",100.9856,
"GRC","BCI","AMPLITUD","LTRENDIDX","M","1995-02",101.2375,
"GRC","BCI","AMPLITUD","LTRENDIDX","M","1995-03",101.3982,
"GRC","BCI","AMPLITUD","LTRENDIDX","M","1995-04",101.3708,
"GRC","BCI","AMPLITUD","LTRENDIDX","M","1995-05",101.3959,
"GRC","BCI","AMPLITUD","LTRENDIDX","M","1995-06",101.5314,
"GRC","BCI","AMPLITUD","LTRENDIDX","M","1995-07",101.6673,
"GRC","BCI","AMPLITUD","LTRENDIDX","M","1995-08",101.9592,
"GRC","BCI","AMPLITUD","LTRENDIDX","M","1995-09",102.2658,
"GRC","BCI","AMPLITUD","LTRENDIDX","M","1995-10",102.3645,
"GRC","BCI","AMPLITUD","LTRENDIDX","M","1995-11",102.1319,
"GRC","BCI","AMPLITUD","LTRENDIDX","M","1995-12",101.5261,
"GRC","BCI","AMPLITUD","LTRENDIDX","M","1996-01",100.86,
"GRC","BCI","AMPLITUD","LTRENDIDX","M","1996-02",100.433,
"GRC","BCI","AMPLITUD","LTRENDIDX","M","1996-03",100.2027,
"GRC","BCI","AMPLITUD","LTRENDIDX","M","1996-04",100.0695,
"GRC","BCI","AMPLITUD","LTRENDIDX","M","1996-05",99.96517,
"GRC","BCI","AMPLITUD","LTRENDIDX","M","1996-06",99.94553,
"GRC","BCI","AMPLITUD","LTRENDIDX","M","1996-07",100.1524,
"GRC","BCI","AMPLITUD","LTRENDIDX","M","1996-08",100.3668,
"GRC","BCI","AMPLITUD","LTRENDIDX","M","1996-09",100.5728,
"GRC","BCI","AMPLITUD","LTRENDIDX","M","1996-10",100.7641,
"GRC","BCI","AMPLITUD","LTRENDIDX","M","1996-11",100.8592,
"GRC","BCI","AMPLITUD","LTRENDIDX","M","1996-12",100.8146,
"GRC","BCI","AMPLITUD","LTRENDIDX","M","1997-01",100.9156,
"GRC","BCI","AMPLITUD","LTRENDIDX","M","1997-02",101.0696,
"GRC","BCI","AMPLITUD","LTRENDIDX","M","1997-03",101.3347,
"GRC","BCI","AMPLITUD","LTRENDIDX","M","1997-04",101.6434,
"GRC","BCI","AMPLITUD","LTRENDIDX","M","1997-05",101.8018,
"GRC","BCI","AMPLITUD","LTRENDIDX","M","1997-06",101.6677,
"GRC","BCI","AMPLITUD","LTRENDIDX","M","1997-07",101.4793,
"GRC","BCI","AMPLITUD","LTRENDIDX","M","1997-08",101.462,
"GRC","BCI","AMPLITUD","LTRENDIDX","M","1997-09",101.59,
"GRC","BCI","AMPLITUD","LTRENDIDX","M","1997-10",101.8273,
"GRC","BCI","AMPLITUD","LTRENDIDX","M","1997-11",102.1418,
"GRC","BCI","AMPLITUD","LTRENDIDX","M","1997-12",102.227,
"GRC","BCI","AMPLITUD","LTRENDIDX","M","1998-01",102.0809,
"GRC","BCI","AMPLITUD","LTRENDIDX","M","1998-02",102.0626,
"GRC","BCI","AMPLITUD","LTRENDIDX","M","1998-03",102.2468,
"GRC","BCI","AMPLITUD","LTRENDIDX","M","1998-04",102.5033,
"GRC","BCI","AMPLITUD","LTRENDIDX","M","1998-05",102.5358,
"GRC","BCI","AMPLITUD","LTRENDIDX","M","1998-06",102.2749,
"GRC","BCI","AMPLITUD","LTRENDIDX","M","1998-07",102.0893,
"GRC","BCI","AMPLITUD","LTRENDIDX","M","1998-08",101.8694,
"GRC","BCI","AMPLITUD","LTRENDIDX","M","1998-09",101.5174,
"GRC","BCI","AMPLITUD","LTRENDIDX","M","1998-10",101.0455,
"GRC","BCI","AMPLITUD","LTRENDIDX","M","1998-11",100.9076,
"GRC","BCI","AMPLITUD","LTRENDIDX","M","1998-12",100.9286,
"GRC","BCI","AMPLITUD","LTRENDIDX","M","1999-01",100.9299,
"GRC","BCI","AMPLITUD","LTRENDIDX","M","1999-02",100.9917,
"GRC","BCI","AMPLITUD","LTRENDIDX","M","1999-03",101.1276,
"GRC","BCI","AMPLITUD","LTRENDIDX","M","1999-04",101.2631,
"GRC","BCI","AMPLITUD","LTRENDIDX","M","1999-05",101.1813,
"GRC","BCI","AMPLITUD","LTRENDIDX","M","1999-06",100.9753,
"GRC","BCI","AMPLITUD","LTRENDIDX","M","1999-07",100.7855,
"GRC","BCI","AMPLITUD","LTRENDIDX","M","1999-08",100.7821,
"GRC","BCI","AMPLITUD","LTRENDIDX","M","1999-09",100.9898,
"GRC","BCI","AMPLITUD","LTRENDIDX","M","1999-10",101.352,
"GRC","BCI","AMPLITUD","LTRENDIDX","M","1999-11",101.6446,
"GRC","BCI","AMPLITUD","LTRENDIDX","M","1999-12",101.9463,
"GRC","BCI","AMPLITUD","LTRENDIDX","M","2000-01",102.3861,
"GRC","BCI","AMPLITUD","LTRENDIDX","M","2000-02",102.903,
"GRC","BCI","AMPLITUD","LTRENDIDX","M","2000-03",103.151,
"GRC","BCI","AMPLITUD","LTRENDIDX","M","2000-04",103.078,
"GRC","BCI","AMPLITUD","LTRENDIDX","M","2000-05",103.0633,
"GRC","BCI","AMPLITUD","LTRENDIDX","M","2000-06",103.1388,
"GRC","BCI","AMPLITUD","LTRENDIDX","M","2000-07",103.0841,
"GRC","BCI","AMPLITUD","LTRENDIDX","M","2000-08",102.8792,
"GRC","BCI","AMPLITUD","LTRENDIDX","M","2000-09",102.5157,
"GRC","BCI","AMPLITUD","LTRENDIDX","M","2000-10",102.0998,
"GRC","BCI","AMPLITUD","LTRENDIDX","M","2000-11",102.0538,
"GRC","BCI","AMPLITUD","LTRENDIDX","M","2000-12",102.2331,
"GRC","BCI","AMPLITUD","LTRENDIDX","M","2001-01",102.3575,
"GRC","BCI","AMPLITUD","LTRENDIDX","M","2001-02",102.3805,
"GRC","BCI","AMPLITUD","LTRENDIDX","M","2001-03",102.2424,
"GRC","BCI","AMPLITUD","LTRENDIDX","M","2001-04",102.01,
"GRC","BCI","AMPLITUD","LTRENDIDX","M","2001-05",101.8323,
"GRC","BCI","AMPLITUD","LTRENDIDX","M","2001-06",101.7056,
"GRC","BCI","AMPLITUD","LTRENDIDX","M","2001-07",101.6515,
"GRC","BCI","AMPLITUD","LTRENDIDX","M","2001-08",101.5799,
"GRC","BCI","AMPLITUD","LTRENDIDX","M","2001-09",101.4644,
"GRC","BCI","AMPLITUD","LTRENDIDX","M","2001-10",101.2928,
"GRC","BCI","AMPLITUD","LTRENDIDX","M","2001-11",101.06,
"GRC","BCI","AMPLITUD","LTRENDIDX","M","2001-12",101.0014,
"GRC","BCI","AMPLITUD","LTRENDIDX","M","2002-01",101.1553,
"GRC","BCI","AMPLITUD","LTRENDIDX","M","2002-02",101.2998,
"GRC","BCI","AMPLITUD","LTRENDIDX","M","2002-03",101.3674,
"GRC","BCI","AMPLITUD","LTRENDIDX","M","2002-04",101.483,
"GRC","BCI","AMPLITUD","LTRENDIDX","M","2002-05",101.7138,
"GRC","BCI","AMPLITUD","LTRENDIDX","M","2002-06",101.8522,
"GRC","BCI","AMPLITUD","LTRENDIDX","M","2002-07",101.7528,
"GRC","BCI","AMPLITUD","LTRENDIDX","M","2002-08",101.5398,
"GRC","BCI","AMPLITUD","LTRENDIDX","M","2002-09",101.4013,
"GRC","BCI","AMPLITUD","LTRENDIDX","M","2002-10",101.4373,
"GRC","BCI","AMPLITUD","LTRENDIDX","M","2002-11",101.4329,
"GRC","BCI","AMPLITUD","LTRENDIDX","M","2002-12",101.1671,
"GRC","BCI","AMPLITUD","LTRENDIDX","M","2003-01",100.803,
"GRC","BCI","AMPLITUD","LTRENDIDX","M","2003-02",100.4839,
"GRC","BCI","AMPLITUD","LTRENDIDX","M","2003-03",100.1698,
"GRC","BCI","AMPLITUD","LTRENDIDX","M","2003-04",99.93583,
"GRC","BCI","AMPLITUD","LTRENDIDX","M","2003-05",100.0839,
"GRC","BCI","AMPLITUD","LTRENDIDX","M","2003-06",100.4429,
"GRC","BCI","AMPLITUD","LTRENDIDX","M","2003-07",100.7278,
"GRC","BCI","AMPLITUD","LTRENDIDX","M","2003-08",100.8708,
"GRC","BCI","AMPLITUD","LTRENDIDX","M","2003-09",101.0208,
"GRC","BCI","AMPLITUD","LTRENDIDX","M","2003-10",101.319,
"GRC","BCI","AMPLITUD","LTRENDIDX","M","2003-11",101.6676,
"GRC","BCI","AMPLITUD","LTRENDIDX","M","2003-12",101.9798,
"GRC","BCI","AMPLITUD","LTRENDIDX","M","2004-01",102.095,
"GRC","BCI","AMPLITUD","LTRENDIDX","M","2004-02",102.0549,
"GRC","BCI","AMPLITUD","LTRENDIDX","M","2004-03",102.1711,
"GRC","BCI","AMPLITUD","LTRENDIDX","M","2004-04",102.3146,
"GRC","BCI","AMPLITUD","LTRENDIDX","M","2004-05",102.1439,
"GRC","BCI","AMPLITUD","LTRENDIDX","M","2004-06",101.6928,
"GRC","BCI","AMPLITUD","LTRENDIDX","M","2004-07",101.1552,
"GRC","BCI","AMPLITUD","LTRENDIDX","M","2004-08",100.7071,
"GRC","BCI","AMPLITUD","LTRENDIDX","M","2004-09",100.3949,
"GRC","BCI","AMPLITUD","LTRENDIDX","M","2004-10",100.2381,
"GRC","BCI","AMPLITUD","LTRENDIDX","M","2004-11",100.1972,
"GRC","BCI","AMPLITUD","LTRENDIDX","M","2004-12",100.228,
"GRC","BCI","AMPLITUD","LTRENDIDX","M","2005-01",100.2221,
"GRC","BCI","AMPLITUD","LTRENDIDX","M","2005-02",100.0769,
"GRC","BCI","AMPLITUD","LTRENDIDX","M","2005-03",99.82355,
"GRC","BCI","AMPLITUD","LTRENDIDX","M","2005-04",99.5894,
"GRC","BCI","AMPLITUD","LTRENDIDX","M","2005-05",99.22221,
"GRC","BCI","AMPLITUD","LTRENDIDX","M","2005-06",99.01138,
"GRC","BCI","AMPLITUD","LTRENDIDX","M","2005-07",99.04044,
"GRC","BCI","AMPLITUD","LTRENDIDX","M","2005-08",99.25574,
"GRC","BCI","AMPLITUD","LTRENDIDX","M","2005-09",99.49836,
"GRC","BCI","AMPLITUD","LTRENDIDX","M","2005-10",99.67433,
"GRC","BCI","AMPLITUD","LTRENDIDX","M","2005-11",99.89765,
"GRC","BCI","AMPLITUD","LTRENDIDX","M","2005-12",100.2534,
"GRC","BCI","AMPLITUD","LTRENDIDX","M","2006-01",100.5949,
"GRC","BCI","AMPLITUD","LTRENDIDX","M","2006-02",100.9384,
"GRC","BCI","AMPLITUD","LTRENDIDX","M","2006-03",101.3048,
"GRC","BCI","AMPLITUD","LTRENDIDX","M","2006-04",101.5785,
"GRC","BCI","AMPLITUD","LTRENDIDX","M","2006-05",101.791,
"GRC","BCI","AMPLITUD","LTRENDIDX","M","2006-06",101.9281,
"GRC","BCI","AMPLITUD","LTRENDIDX","M","2006-07",101.9608,
"GRC","BCI","AMPLITUD","LTRENDIDX","M","2006-08",101.9721,
"GRC","BCI","AMPLITUD","LTRENDIDX","M","2006-09",101.9828,
"GRC","BCI","AMPLITUD","LTRENDIDX","M","2006-10",101.8379,
"GRC","BCI","AMPLITUD","LTRENDIDX","M","2006-11",101.6832,
"GRC","BCI","AMPLITUD","LTRENDIDX","M","2006-12",101.644,
"GRC","BCI","AMPLITUD","LTRENDIDX","M","2007-01",101.695,
"GRC","BCI","AMPLITUD","LTRENDIDX","M","2007-02",101.7604,
"GRC","BCI","AMPLITUD","LTRENDIDX","M","2007-03",102.0085,
"GRC","BCI","AMPLITUD","LTRENDIDX","M","2007-04",102.2582,
"GRC","BCI","AMPLITUD","LTRENDIDX","M","2007-05",102.2381,
"GRC","BCI","AMPLITUD","LTRENDIDX","M","2007-06",102.1489,
"GRC","BCI","AMPLITUD","LTRENDIDX","M","2007-07",102.1358,
"GRC","BCI","AMPLITUD","LTRENDIDX","M","2007-08",102.1131,
"GRC","BCI","AMPLITUD","LTRENDIDX","M","2007-09",102.0214,
"GRC","BCI","AMPLITUD","LTRENDIDX","M","2007-10",101.8098,
"GRC","BCI","AMPLITUD","LTRENDIDX","M","2007-11",101.6488,
"GRC","BCI","AMPLITUD","LTRENDIDX","M","2007-12",101.4118,
"GRC","BCI","AMPLITUD","LTRENDIDX","M","2008-01",101.1812,
"GRC","BCI","AMPLITUD","LTRENDIDX","M","2008-02",100.9166,
"GRC","BCI","AMPLITUD","LTRENDIDX","M","2008-03",100.7466,
"GRC","BCI","AMPLITUD","LTRENDIDX","M","2008-04",100.6653,
"GRC","BCI","AMPLITUD","LTRENDIDX","M","2008-05",100.5801,
"GRC","BCI","AMPLITUD","LTRENDIDX","M","2008-06",100.4951,
"GRC","BCI","AMPLITUD","LTRENDIDX","M","2008-07",100.3725,
"GRC","BCI","AMPLITUD","LTRENDIDX","M","2008-08",100.0554,
"GRC","BCI","AMPLITUD","LTRENDIDX","M","2008-09",99.3904,
"GRC","BCI","AMPLITUD","LTRENDIDX","M","2008-10",98.40289,
"GRC","BCI","AMPLITUD","LTRENDIDX","M","2008-11",97.25139,
"GRC","BCI","AMPLITUD","LTRENDIDX","M","2008-12",96.05843,
"GRC","BCI","AMPLITUD","LTRENDIDX","M","2009-01",95.00676,
"GRC","BCI","AMPLITUD","LTRENDIDX","M","2009-02",94.1319,
"GRC","BCI","AMPLITUD","LTRENDIDX","M","2009-03",93.70412,
"GRC","BCI","AMPLITUD","LTRENDIDX","M","2009-04",93.80451,
"GRC","BCI","AMPLITUD","LTRENDIDX","M","2009-05",94.26558,
"GRC","BCI","AMPLITUD","LTRENDIDX","M","2009-06",94.87537,
"GRC","BCI","AMPLITUD","LTRENDIDX","M","2009-07",95.30195,
"GRC","BCI","AMPLITUD","LTRENDIDX","M","2009-08",95.64042,
"GRC","BCI","AMPLITUD","LTRENDIDX","M","2009-09",95.98634,
"GRC","BCI","AMPLITUD","LTRENDIDX","M","2009-10",96.23931,
"GRC","BCI","AMPLITUD","LTRENDIDX","M","2009-11",96.28471,
"GRC","BCI","AMPLITUD","LTRENDIDX","M","2009-12",96.28869,
"GRC","BCI","AMPLITUD","LTRENDIDX","M","2010-01",96.36866,
"GRC","BCI","AMPLITUD","LTRENDIDX","M","2010-02",96.36602,
"GRC","BCI","AMPLITUD","LTRENDIDX","M","2010-03",96.33451,
"GRC","BCI","AMPLITUD","LTRENDIDX","M","2010-04",96.23836,
"GRC","BCI","AMPLITUD","LTRENDIDX","M","2010-05",96.00414,
"GRC","BCI","AMPLITUD","LTRENDIDX","M","2010-06",95.9416,
"GRC","BCI","AMPLITUD","LTRENDIDX","M","2010-07",96.04436,
"GRC","BCI","AMPLITUD","LTRENDIDX","M","2010-08",96.15391,
"GRC","BCI","AMPLITUD","LTRENDIDX","M","2010-09",96.28302,
"GRC","BCI","AMPLITUD","LTRENDIDX","M","2010-10",96.50623,
"GRC","BCI","AMPLITUD","LTRENDIDX","M","2010-11",96.68864,
"GRC","BCI","AMPLITUD","LTRENDIDX","M","2010-12",96.93245,
"GRC","BCI","AMPLITUD","LTRENDIDX","M","2011-01",97.31334,
"GRC","BCI","AMPLITUD","LTRENDIDX","M","2011-02",97.61642,
"GRC","BCI","AMPLITUD","LTRENDIDX","M","2011-03",97.46263,
"GRC","BCI","AMPLITUD","LTRENDIDX","M","2011-04",97.02046,
"GRC","BCI","AMPLITUD","LTRENDIDX","M","2011-05",96.71323,
"GRC","BCI","AMPLITUD","LTRENDIDX","M","2011-06",96.54504,
"GRC","BCI","AMPLITUD","LTRENDIDX","M","2011-07",96.55008,
"GRC","BCI","AMPLITUD","LTRENDIDX","M","2011-08",96.49402,
"GRC","BCI","AMPLITUD","LTRENDIDX","M","2011-09",96.21401,
"GRC","BCI","AMPLITUD","LTRENDIDX","M","2011-10",96.01976,
"GRC","BCI","AMPLITUD","LTRENDIDX","M","2011-11",96.03995,
"GRC","BCI","AMPLITUD","LTRENDIDX","M","2011-12",96.11211,
"GRC","BCI","AMPLITUD","LTRENDIDX","M","2012-01",96.12769,
"GRC","BCI","AMPLITUD","LTRENDIDX","M","2012-02",96.2644,
"GRC","BCI","AMPLITUD","LTRENDIDX","M","2012-03",96.48342,
"GRC","BCI","AMPLITUD","LTRENDIDX","M","2012-04",96.57549,
"GRC","BCI","AMPLITUD","LTRENDIDX","M","2012-05",96.34766,
"GRC","BCI","AMPLITUD","LTRENDIDX","M","2012-06",95.99812,
"GRC","BCI","AMPLITUD","LTRENDIDX","M","2012-07",95.81623,
"GRC","BCI","AMPLITUD","LTRENDIDX","M","2012-08",95.92332,
"GRC","BCI","AMPLITUD","LTRENDIDX","M","2012-09",96.33278,
"GRC","BCI","AMPLITUD","LTRENDIDX","M","2012-10",96.86325,
"GRC","BCI","AMPLITUD","LTRENDIDX","M","2012-11",97.45979,
"GRC","BCI","AMPLITUD","LTRENDIDX","M","2012-12",98.00842,
"GRC","BCI","AMPLITUD","LTRENDIDX","M","2013-01",98.24693,
"GRC","BCI","AMPLITUD","LTRENDIDX","M","2013-02",98.41364,
"GRC","BCI","AMPLITUD","LTRENDIDX","M","2013-03",98.60298,
"GRC","BCI","AMPLITUD","LTRENDIDX","M","2013-04",98.84232,
"GRC","BCI","AMPLITUD","LTRENDIDX","M","2013-05",99.0853,
"GRC","BCI","AMPLITUD","LTRENDIDX","M","2013-06",99.07396,
"GRC","BCI","AMPLITUD","LTRENDIDX","M","2013-07",98.98868,
"GRC","BCI","AMPLITUD","LTRENDIDX","M","2013-08",99.03337,
"GRC","BCI","AMPLITUD","LTRENDIDX","M","2013-09",99.15548,
"GRC","BCI","AMPLITUD","LTRENDIDX","M","2013-10",98.98096,
"GRC","BCI","AMPLITUD","LTRENDIDX","M","2013-11",98.78807,
"GRC","BCI","AMPLITUD","LTRENDIDX","M","2013-12",98.74838,
"GRC","BCI","AMPLITUD","LTRENDIDX","M","2014-01",98.89639,
"GRC","BCI","AMPLITUD","LTRENDIDX","M","2014-02",99.25037,
"GRC","BCI","AMPLITUD","LTRENDIDX","M","2014-03",99.54268,
"GRC","BCI","AMPLITUD","LTRENDIDX","M","2014-04",99.69774,
"GRC","BCI","AMPLITUD","LTRENDIDX","M","2014-05",100.1487,
"GRC","BCI","AMPLITUD","LTRENDIDX","M","2014-06",100.708,
"GRC","BCI","AMPLITUD","LTRENDIDX","M","2014-07",100.9286,
"GRC","BCI","AMPLITUD","LTRENDIDX","M","2014-08",100.8027,
"GRC","BCI","AMPLITUD","LTRENDIDX","M","2014-09",100.5816,
"GRC","BCI","AMPLITUD","LTRENDIDX","M","2014-10",100.658,
"GRC","BCI","AMPLITUD","LTRENDIDX","M","2014-11",100.6309,
"GRC","BCI","AMPLITUD","LTRENDIDX","M","2014-12",100.2026,
"GRC","BCI","AMPLITUD","LTRENDIDX","M","2015-01",99.59209,
"GRC","BCI","AMPLITUD","LTRENDIDX","M","2015-02",99.09016,
"GRC","BCI","AMPLITUD","LTRENDIDX","M","2015-03",98.6757,
"GRC","BCI","AMPLITUD","LTRENDIDX","M","2015-04",98.25375,
"GRC","BCI","AMPLITUD","LTRENDIDX","M","2015-05",97.86704,
"GRC","BCI","AMPLITUD","LTRENDIDX","M","2015-06",97.14375,
"GRC","BCI","AMPLITUD","LTRENDIDX","M","2015-07",96.09012,
"GRC","BCI","AMPLITUD","LTRENDIDX","M","2015-08",95.59055,
"GRC","BCI","AMPLITUD","LTRENDIDX","M","2015-09",95.96493,
"GRC","BCI","AMPLITUD","LTRENDIDX","M","2015-10",96.69707,
"GRC","BCI","AMPLITUD","LTRENDIDX","M","2015-11",97.46063,
"GRC","BCI","AMPLITUD","LTRENDIDX","M","2015-12",98.13788,
"GRC","BCI","AMPLITUD","LTRENDIDX","M","2016-01",98.66496,
"GRC","BCI","AMPLITUD","LTRENDIDX","M","2016-02",98.96347,
"GRC","BCI","AMPLITUD","LTRENDIDX","M","2016-03",99.12375,
"GRC","BCI","AMPLITUD","LTRENDIDX","M","2016-04",99.08599,
"GRC","BCI","AMPLITUD","LTRENDIDX","M","2016-05",98.96709,
"GRC","BCI","AMPLITUD","LTRENDIDX","M","2016-06",99.09839,
"GRC","BCI","AMPLITUD","LTRENDIDX","M","2016-07",99.37337,
"GRC","BCI","AMPLITUD","LTRENDIDX","M","2016-08",99.62373,
"GRC","BCI","AMPLITUD","LTRENDIDX","M","2016-09",99.70973,
"GRC","BCI","AMPLITUD","LTRENDIDX","M","2016-10",99.71626,
"GRC","BCI","AMPLITUD","LTRENDIDX","M","2016-11",99.64364,
"GRC","BCI","AMPLITUD","LTRENDIDX","M","2016-12",99.70547,
"GRC","BCI","AMPLITUD","LTRENDIDX","M","2017-01",99.77216,
"GRC","BCI","AMPLITUD","LTRENDIDX","M","2017-02",99.73531,
"GRC","BCI","AMPLITUD","LTRENDIDX","M","2017-03",99.58295,
"GRC","BCI","AMPLITUD","LTRENDIDX","M","2017-04",99.41629,
"GRC","BCI","AMPLITUD","LTRENDIDX","M","2017-05",99.27719,
"GRC","BCI","AMPLITUD","LTRENDIDX","M","2017-06",99.53816,
"GRC","BCI","AMPLITUD","LTRENDIDX","M","2017-07",100.0673,
"AUT","BCI","AMPLITUD","LTRENDIDX","M","1985-01",99.9332,
"AUT","BCI","AMPLITUD","LTRENDIDX","M","1985-02",99.9118,
"AUT","BCI","AMPLITUD","LTRENDIDX","M","1985-03",99.8965,
"AUT","BCI","AMPLITUD","LTRENDIDX","M","1985-04",99.87791,
"AUT","BCI","AMPLITUD","LTRENDIDX","M","1985-05",99.85731,
"AUT","BCI","AMPLITUD","LTRENDIDX","M","1985-06",99.81149,
"AUT","BCI","AMPLITUD","LTRENDIDX","M","1985-07",99.7349,
"AUT","BCI","AMPLITUD","LTRENDIDX","M","1985-08",99.70685,
"AUT","BCI","AMPLITUD","LTRENDIDX","M","1985-09",99.7322,
"AUT","BCI","AMPLITUD","LTRENDIDX","M","1985-10",99.79086,
"AUT","BCI","AMPLITUD","LTRENDIDX","M","1985-11",99.8446,
"AUT","BCI","AMPLITUD","LTRENDIDX","M","1985-12",99.87489,
"AUT","BCI","AMPLITUD","LTRENDIDX","M","1986-01",99.87212,
"AUT","BCI","AMPLITUD","LTRENDIDX","M","1986-02",99.8481,
"AUT","BCI","AMPLITUD","LTRENDIDX","M","1986-03",99.8175,
"AUT","BCI","AMPLITUD","LTRENDIDX","M","1986-04",99.77892,
"AUT","BCI","AMPLITUD","LTRENDIDX","M","1986-05",99.75619,
"AUT","BCI","AMPLITUD","LTRENDIDX","M","1986-06",99.72971,
"AUT","BCI","AMPLITUD","LTRENDIDX","M","1986-07",99.68071,
"AUT","BCI","AMPLITUD","LTRENDIDX","M","1986-08",99.62833,
"AUT","BCI","AMPLITUD","LTRENDIDX","M","1986-09",99.5393,
"AUT","BCI","AMPLITUD","LTRENDIDX","M","1986-10",99.40174,
"AUT","BCI","AMPLITUD","LTRENDIDX","M","1986-11",99.33564,
"AUT","BCI","AMPLITUD","LTRENDIDX","M","1986-12",99.32288,
"AUT","BCI","AMPLITUD","LTRENDIDX","M","1987-01",99.31625,
"AUT","BCI","AMPLITUD","LTRENDIDX","M","1987-02",99.29507,
"AUT","BCI","AMPLITUD","LTRENDIDX","M","1987-03",99.26114,
"AUT","BCI","AMPLITUD","LTRENDIDX","M","1987-04",99.21696,
"AUT","BCI","AMPLITUD","LTRENDIDX","M","1987-05",99.22118,
"AUT","BCI","AMPLITUD","LTRENDIDX","M","1987-06",99.29333,
"AUT","BCI","AMPLITUD","LTRENDIDX","M","1987-07",99.43108,
"AUT","BCI","AMPLITUD","LTRENDIDX","M","1987-08",99.54875,
"AUT","BCI","AMPLITUD","LTRENDIDX","M","1987-09",99.66138,
"AUT","BCI","AMPLITUD","LTRENDIDX","M","1987-10",99.7884,
"AUT","BCI","AMPLITUD","LTRENDIDX","M","1987-11",99.884,
"AUT","BCI","AMPLITUD","LTRENDIDX","M","1987-12",99.96745,
"AUT","BCI","AMPLITUD","LTRENDIDX","M","1988-01",100.0596,
"AUT","BCI","AMPLITUD","LTRENDIDX","M","1988-02",100.1426,
"AUT","BCI","AMPLITUD","LTRENDIDX","M","1988-03",100.271,
"AUT","BCI","AMPLITUD","LTRENDIDX","M","1988-04",100.4678,
"AUT","BCI","AMPLITUD","LTRENDIDX","M","1988-05",100.6172,
"AUT","BCI","AMPLITUD","LTRENDIDX","M","1988-06",100.74,
"AUT","BCI","AMPLITUD","LTRENDIDX","M","1988-07",100.876,
"AUT","BCI","AMPLITUD","LTRENDIDX","M","1988-08",100.9937,
"AUT","BCI","AMPLITUD","LTRENDIDX","M","1988-09",101.1221,
"AUT","BCI","AMPLITUD","LTRENDIDX","M","1988-10",101.2761,
"AUT","BCI","AMPLITUD","LTRENDIDX","M","1988-11",101.3818,
"AUT","BCI","AMPLITUD","LTRENDIDX","M","1988-12",101.4439,
"AUT","BCI","AMPLITUD","LTRENDIDX","M","1989-01",101.4832,
"AUT","BCI","AMPLITUD","LTRENDIDX","M","1989-02",101.528,
"AUT","BCI","AMPLITUD","LTRENDIDX","M","1989-03",101.618,
"AUT","BCI","AMPLITUD","LTRENDIDX","M","1989-04",101.7588,
"AUT","BCI","AMPLITUD","LTRENDIDX","M","1989-05",101.854,
"AUT","BCI","AMPLITUD","LTRENDIDX","M","1989-06",101.8965,
"AUT","BCI","AMPLITUD","LTRENDIDX","M","1989-07",101.9054,
"AUT","BCI","AMPLITUD","LTRENDIDX","M","1989-08",101.9162,
"AUT","BCI","AMPLITUD","LTRENDIDX","M","1989-09",101.9281,
"AUT","BCI","AMPLITUD","LTRENDIDX","M","1989-10",101.9373,
"AUT","BCI","AMPLITUD","LTRENDIDX","M","1989-11",101.956,
"AUT","BCI","AMPLITUD","LTRENDIDX","M","1989-12",101.9721,
"AUT","BCI","AMPLITUD","LTRENDIDX","M","1990-01",101.9729,
"AUT","BCI","AMPLITUD","LTRENDIDX","M","1990-02",101.9716,
"AUT","BCI","AMPLITUD","LTRENDIDX","M","1990-03",101.9537,
"AUT","BCI","AMPLITUD","LTRENDIDX","M","1990-04",101.9096,
"AUT","BCI","AMPLITUD","LTRENDIDX","M","1990-05",101.8746,
"AUT","BCI","AMPLITUD","LTRENDIDX","M","1990-06",101.8226,
"AUT","BCI","AMPLITUD","LTRENDIDX","M","1990-07",101.7225,
"AUT","BCI","AMPLITUD","LTRENDIDX","M","1990-08",101.6223,
"AUT","BCI","AMPLITUD","LTRENDIDX","M","1990-09",101.4709,
"AUT","BCI","AMPLITUD","LTRENDIDX","M","1990-10",101.2388,
"AUT","BCI","AMPLITUD","LTRENDIDX","M","1990-11",101.092,
"AUT","BCI","AMPLITUD","LTRENDIDX","M","1990-12",101.012,
"AUT","BCI","AMPLITUD","LTRENDIDX","M","1991-01",100.943,
"AUT","BCI","AMPLITUD","LTRENDIDX","M","1991-02",100.8824,
"AUT","BCI","AMPLITUD","LTRENDIDX","M","1991-03",100.7785,
"AUT","BCI","AMPLITUD","LTRENDIDX","M","1991-04",100.6015,
"AUT","BCI","AMPLITUD","LTRENDIDX","M","1991-05",100.4584,
"AUT","BCI","AMPLITUD","LTRENDIDX","M","1991-06",100.3086,
"AUT","BCI","AMPLITUD","LTRENDIDX","M","1991-07",100.1071,
"AUT","BCI","AMPLITUD","LTRENDIDX","M","1991-08",99.95435,
"AUT","BCI","AMPLITUD","LTRENDIDX","M","1991-09",99.81533,
"AUT","BCI","AMPLITUD","LTRENDIDX","M","1991-10",99.65055,
"AUT","BCI","AMPLITUD","LTRENDIDX","M","1991-11",99.55521,
"AUT","BCI","AMPLITUD","LTRENDIDX","M","1991-12",99.52717,
"AUT","BCI","AMPLITUD","LTRENDIDX","M","1992-01",99.54082,
"AUT","BCI","AMPLITUD","LTRENDIDX","M","1992-02",99.5537,
"AUT","BCI","AMPLITUD","LTRENDIDX","M","1992-03",99.55716,
"AUT","BCI","AMPLITUD","LTRENDIDX","M","1992-04",99.55277,
"AUT","BCI","AMPLITUD","LTRENDIDX","M","1992-05",99.5489,
"AUT","BCI","AMPLITUD","LTRENDIDX","M","1992-06",99.54356,
"AUT","BCI","AMPLITUD","LTRENDIDX","M","1992-07",99.51768,
"AUT","BCI","AMPLITUD","LTRENDIDX","M","1992-08",99.44033,
"AUT","BCI","AMPLITUD","LTRENDIDX","M","1992-09",99.25178,
"AUT","BCI","AMPLITUD","LTRENDIDX","M","1992-10",98.93006,
"AUT","BCI","AMPLITUD","LTRENDIDX","M","1992-11",98.6796,
"AUT","BCI","AMPLITUD","LTRENDIDX","M","1992-12",98.4914,
"AUT","BCI","AMPLITUD","LTRENDIDX","M","1993-01",98.31854,
"AUT","BCI","AMPLITUD","LTRENDIDX","M","1993-02",98.19997,
"AUT","BCI","AMPLITUD","LTRENDIDX","M","1993-03",98.12234,
"AUT","BCI","AMPLITUD","LTRENDIDX","M","1993-04",98.06358,
"AUT","BCI","AMPLITUD","LTRENDIDX","M","1993-05",98.02757,
"AUT","BCI","AMPLITUD","LTRENDIDX","M","1993-06",98.04926,
"AUT","BCI","AMPLITUD","LTRENDIDX","M","1993-07",98.12351,
"AUT","BCI","AMPLITUD","LTRENDIDX","M","1993-08",98.20477,
"AUT","BCI","AMPLITUD","LTRENDIDX","M","1993-09",98.34737,
"AUT","BCI","AMPLITUD","LTRENDIDX","M","1993-10",98.59206,
"AUT","BCI","AMPLITUD","LTRENDIDX","M","1993-11",98.81273,
"AUT","BCI","AMPLITUD","LTRENDIDX","M","1993-12",99.0722,
"AUT","BCI","AMPLITUD","LTRENDIDX","M","1994-01",99.4231,
"AUT","BCI","AMPLITUD","LTRENDIDX","M","1994-02",99.71267,
"AUT","BCI","AMPLITUD","LTRENDIDX","M","1994-03",99.9933,
"AUT","BCI","AMPLITUD","LTRENDIDX","M","1994-04",100.2759,
"AUT","BCI","AMPLITUD","LTRENDIDX","M","1994-05",100.4959,
"AUT","BCI","AMPLITUD","LTRENDIDX","M","1994-06",100.6704,
"AUT","BCI","AMPLITUD","LTRENDIDX","M","1994-07",100.8281,
"AUT","BCI","AMPLITUD","LTRENDIDX","M","1994-08",100.9638,
"AUT","BCI","AMPLITUD","LTRENDIDX","M","1994-09",101.1164,
"AUT","BCI","AMPLITUD","LTRENDIDX","M","1994-10",101.2979,
"AUT","BCI","AMPLITUD","LTRENDIDX","M","1994-11",101.4045,
"AUT","BCI","AMPLITUD","LTRENDIDX","M","1994-12",101.4432,
"AUT","BCI","AMPLITUD","LTRENDIDX","M","1995-01",101.4251,
"AUT","BCI","AMPLITUD","LTRENDIDX","M","1995-02",101.2942,
"AUT","BCI","AMPLITUD","LTRENDIDX","M","1995-03",101.0425,
"AUT","BCI","AMPLITUD","LTRENDIDX","M","1995-04",100.7009,
"AUT","BCI","AMPLITUD","LTRENDIDX","M","1995-05",100.3771,
"AUT","BCI","AMPLITUD","LTRENDIDX","M","1995-06",100.0498,
"AUT","BCI","AMPLITUD","LTRENDIDX","M","1995-07",99.6993,
"AUT","BCI","AMPLITUD","LTRENDIDX","M","1995-08",99.39947,
"AUT","BCI","AMPLITUD","LTRENDIDX","M","1995-09",99.16372,
"AUT","BCI","AMPLITUD","LTRENDIDX","M","1995-10",98.98762,
"AUT","BCI","AMPLITUD","LTRENDIDX","M","1995-11",98.8058,
"AUT","BCI","AMPLITUD","LTRENDIDX","M","1995-12",98.62515,
"AUT","BCI","AMPLITUD","LTRENDIDX","M","1996-01",98.45996,
"AUT","BCI","AMPLITUD","LTRENDIDX","M","1996-02",98.39462,
"AUT","BCI","AMPLITUD","LTRENDIDX","M","1996-03",98.25548,
"AUT","BCI","AMPLITUD","LTRENDIDX","M","1996-04",98.05157,
"AUT","BCI","AMPLITUD","LTRENDIDX","M","1996-05",97.98503,
"AUT","BCI","AMPLITUD","LTRENDIDX","M","1996-06",98.12949,
"AUT","BCI","AMPLITUD","LTRENDIDX","M","1996-07",98.34652,
"AUT","BCI","AMPLITUD","LTRENDIDX","M","1996-08",98.613,
"AUT","BCI","AMPLITUD","LTRENDIDX","M","1996-09",98.7505,
"AUT","BCI","AMPLITUD","LTRENDIDX","M","1996-10",98.86662,
"AUT","BCI","AMPLITUD","LTRENDIDX","M","1996-11",98.92788,
"AUT","BCI","AMPLITUD","LTRENDIDX","M","1996-12",98.96537,
"AUT","BCI","AMPLITUD","LTRENDIDX","M","1997-01",99.15291,
"AUT","BCI","AMPLITUD","LTRENDIDX","M","1997-02",99.38348,
"AUT","BCI","AMPLITUD","LTRENDIDX","M","1997-03",99.62859,
"AUT","BCI","AMPLITUD","LTRENDIDX","M","1997-04",99.85789,
"AUT","BCI","AMPLITUD","LTRENDIDX","M","1997-05",100.0407,
"AUT","BCI","AMPLITUD","LTRENDIDX","M","1997-06",100.1742,
"AUT","BCI","AMPLITUD","LTRENDIDX","M","1997-07",100.3149,
"AUT","BCI","AMPLITUD","LTRENDIDX","M","1997-08",100.4772,
"AUT","BCI","AMPLITUD","LTRENDIDX","M","1997-09",100.6005,
"AUT","BCI","AMPLITUD","LTRENDIDX","M","1997-10",100.6438,
"AUT","BCI","AMPLITUD","LTRENDIDX","M","1997-11",100.6019,
"AUT","BCI","AMPLITUD","LTRENDIDX","M","1997-12",100.6554,
"AUT","BCI","AMPLITUD","LTRENDIDX","M","1998-01",100.7405,
"AUT","BCI","AMPLITUD","LTRENDIDX","M","1998-02",100.8276,
"AUT","BCI","AMPLITUD","LTRENDIDX","M","1998-03",100.9552,
"AUT","BCI","AMPLITUD","LTRENDIDX","M","1998-04",101.0556,
"AUT","BCI","AMPLITUD","LTRENDIDX","M","1998-05",101.0111,
"AUT","BCI","AMPLITUD","LTRENDIDX","M","1998-06",100.917,
"AUT","BCI","AMPLITUD","LTRENDIDX","M","1998-07",100.6977,
"AUT","BCI","AMPLITUD","LTRENDIDX","M","1998-08",100.3831,
"AUT","BCI","AMPLITUD","LTRENDIDX","M","1998-09",99.98459,
"AUT","BCI","AMPLITUD","LTRENDIDX","M","1998-10",99.63803,
"AUT","BCI","AMPLITUD","LTRENDIDX","M","1998-11",99.38043,
"AUT","BCI","AMPLITUD","LTRENDIDX","M","1998-12",99.29263,
"AUT","BCI","AMPLITUD","LTRENDIDX","M","1999-01",99.24213,
"AUT","BCI","AMPLITUD","LTRENDIDX","M","1999-02",99.16402,
"AUT","BCI","AMPLITUD","LTRENDIDX","M","1999-03",99.05772,
"AUT","BCI","AMPLITUD","LTRENDIDX","M","1999-04",98.93653,
"AUT","BCI","AMPLITUD","LTRENDIDX","M","1999-05",98.85877,
"AUT","BCI","AMPLITUD","LTRENDIDX","M","1999-06",98.97394,
"AUT","BCI","AMPLITUD","LTRENDIDX","M","1999-07",99.38598,
"AUT","BCI","AMPLITUD","LTRENDIDX","M","1999-08",99.6842,
"AUT","BCI","AMPLITUD","LTRENDIDX","M","1999-09",99.94688,
"AUT","BCI","AMPLITUD","LTRENDIDX","M","1999-10",100.1105,
"AUT","BCI","AMPLITUD","LTRENDIDX","M","1999-11",100.2649,
"AUT","BCI","AMPLITUD","LTRENDIDX","M","1999-12",100.5432,
"AUT","BCI","AMPLITUD","LTRENDIDX","M","2000-01",100.8061,
"AUT","BCI","AMPLITUD","LTRENDIDX","M","2000-02",101.0617,
"AUT","BCI","AMPLITUD","LTRENDIDX","M","2000-03",101.298,
"AUT","BCI","AMPLITUD","LTRENDIDX","M","2000-04",101.4639,
"AUT","BCI","AMPLITUD","LTRENDIDX","M","2000-05",101.5867,
"AUT","BCI","AMPLITUD","LTRENDIDX","M","2000-06",101.5523,
"AUT","BCI","AMPLITUD","LTRENDIDX","M","2000-07",101.4654,
"AUT","BCI","AMPLITUD","LTRENDIDX","M","2000-08",101.4583,
"AUT","BCI","AMPLITUD","LTRENDIDX","M","2000-09",101.5746,
"AUT","BCI","AMPLITUD","LTRENDIDX","M","2000-10",101.6576,
"AUT","BCI","AMPLITUD","LTRENDIDX","M","2000-11",101.7281,
"AUT","BCI","AMPLITUD","LTRENDIDX","M","2000-12",101.6324,
"AUT","BCI","AMPLITUD","LTRENDIDX","M","2001-01",101.4447,
"AUT","BCI","AMPLITUD","LTRENDIDX","M","2001-02",101.24,
"AUT","BCI","AMPLITUD","LTRENDIDX","M","2001-03",100.8859,
"AUT","BCI","AMPLITUD","LTRENDIDX","M","2001-04",100.4504,
"AUT","BCI","AMPLITUD","LTRENDIDX","M","2001-05",100.1061,
"AUT","BCI","AMPLITUD","LTRENDIDX","M","2001-06",99.80377,
"AUT","BCI","AMPLITUD","LTRENDIDX","M","2001-07",99.49928,
"AUT","BCI","AMPLITUD","LTRENDIDX","M","2001-08",99.25165,
"AUT","BCI","AMPLITUD","LTRENDIDX","M","2001-09",98.91645,
"AUT","BCI","AMPLITUD","LTRENDIDX","M","2001-10",98.75809,
"AUT","BCI","AMPLITUD","LTRENDIDX","M","2001-11",98.83044,
"AUT","BCI","AMPLITUD","LTRENDIDX","M","2001-12",98.81359,
"AUT","BCI","AMPLITUD","LTRENDIDX","M","2002-01",98.7886,
"AUT","BCI","AMPLITUD","LTRENDIDX","M","2002-02",98.804,
"AUT","BCI","AMPLITUD","LTRENDIDX","M","2002-03",98.83642,
"AUT","BCI","AMPLITUD","LTRENDIDX","M","2002-04",98.96822,
"AUT","BCI","AMPLITUD","LTRENDIDX","M","2002-05",99.0548,
"AUT","BCI","AMPLITUD","LTRENDIDX","M","2002-06",99.05395,
"AUT","BCI","AMPLITUD","LTRENDIDX","M","2002-07",99.00357,
"AUT","BCI","AMPLITUD","LTRENDIDX","M","2002-08",98.95825,
"AUT","BCI","AMPLITUD","LTRENDIDX","M","2002-09",99.01815,
"AUT","BCI","AMPLITUD","LTRENDIDX","M","2002-10",99.13839,
"AUT","BCI","AMPLITUD","LTRENDIDX","M","2002-11",99.2193,
"AUT","BCI","AMPLITUD","LTRENDIDX","M","2002-12",99.36155,
"AUT","BCI","AMPLITUD","LTRENDIDX","M","2003-01",99.48492,
"AUT","BCI","AMPLITUD","LTRENDIDX","M","2003-02",99.47562,
"AUT","BCI","AMPLITUD","LTRENDIDX","M","2003-03",99.40611,
"AUT","BCI","AMPLITUD","LTRENDIDX","M","2003-04",99.35136,
"AUT","BCI","AMPLITUD","LTRENDIDX","M","2003-05",99.29751,
"AUT","BCI","AMPLITUD","LTRENDIDX","M","2003-06",99.40037,
"AUT","BCI","AMPLITUD","LTRENDIDX","M","2003-07",99.52448,
"AUT","BCI","AMPLITUD","LTRENDIDX","M","2003-08",99.77299,
"AUT","BCI","AMPLITUD","LTRENDIDX","M","2003-09",100.0526,
"AUT","BCI","AMPLITUD","LTRENDIDX","M","2003-10",100.1789,
"AUT","BCI","AMPLITUD","LTRENDIDX","M","2003-11",100.208,
"AUT","BCI","AMPLITUD","LTRENDIDX","M","2003-12",100.1388,
"AUT","BCI","AMPLITUD","LTRENDIDX","M","2004-01",100.0765,
"AUT","BCI","AMPLITUD","LTRENDIDX","M","2004-02",100.1095,
"AUT","BCI","AMPLITUD","LTRENDIDX","M","2004-03",100.2637,
"AUT","BCI","AMPLITUD","LTRENDIDX","M","2004-04",100.5023,
"AUT","BCI","AMPLITUD","LTRENDIDX","M","2004-05",100.807,
"AUT","BCI","AMPLITUD","LTRENDIDX","M","2004-06",100.9075,
"AUT","BCI","AMPLITUD","LTRENDIDX","M","2004-07",100.8348,
"AUT","BCI","AMPLITUD","LTRENDIDX","M","2004-08",100.7668,
"AUT","BCI","AMPLITUD","LTRENDIDX","M","2004-09",100.8121,
"AUT","BCI","AMPLITUD","LTRENDIDX","M","2004-10",100.7982,
"AUT","BCI","AMPLITUD","LTRENDIDX","M","2004-11",100.6883,
"AUT","BCI","AMPLITUD","LTRENDIDX","M","2004-12",100.5089,
"AUT","BCI","AMPLITUD","LTRENDIDX","M","2005-01",100.32,
"AUT","BCI","AMPLITUD","LTRENDIDX","M","2005-02",100.1701,
"AUT","BCI","AMPLITUD","LTRENDIDX","M","2005-03",100.0804,
"AUT","BCI","AMPLITUD","LTRENDIDX","M","2005-04",100.0134,
"AUT","BCI","AMPLITUD","LTRENDIDX","M","2005-05",99.92944,
"AUT","BCI","AMPLITUD","LTRENDIDX","M","2005-06",99.8116,
"AUT","BCI","AMPLITUD","LTRENDIDX","M","2005-07",99.74918,
"AUT","BCI","AMPLITUD","LTRENDIDX","M","2005-08",99.80905,
"AUT","BCI","AMPLITUD","LTRENDIDX","M","2005-09",99.96931,
"AUT","BCI","AMPLITUD","LTRENDIDX","M","2005-10",100.0273,
"AUT","BCI","AMPLITUD","LTRENDIDX","M","2005-11",100.0506,
"AUT","BCI","AMPLITUD","LTRENDIDX","M","2005-12",100.0832,
"AUT","BCI","AMPLITUD","LTRENDIDX","M","2006-01",100.3148,
"AUT","BCI","AMPLITUD","LTRENDIDX","M","2006-02",100.5343,
"AUT","BCI","AMPLITUD","LTRENDIDX","M","2006-03",100.7446,
"AUT","BCI","AMPLITUD","LTRENDIDX","M","2006-04",100.9756,
"AUT","BCI","AMPLITUD","LTRENDIDX","M","2006-05",101.1166,
"AUT","BCI","AMPLITUD","LTRENDIDX","M","2006-06",101.2114,
"AUT","BCI","AMPLITUD","LTRENDIDX","M","2006-07",101.4131,
"AUT","BCI","AMPLITUD","LTRENDIDX","M","2006-08",101.5465,
"AUT","BCI","AMPLITUD","LTRENDIDX","M","2006-09",101.5818,
"AUT","BCI","AMPLITUD","LTRENDIDX","M","2006-10",101.6196,
"AUT","BCI","AMPLITUD","LTRENDIDX","M","2006-11",101.7051,
"AUT","BCI","AMPLITUD","LTRENDIDX","M","2006-12",101.7793,
"AUT","BCI","AMPLITUD","LTRENDIDX","M","2007-01",101.7981,
"AUT","BCI","AMPLITUD","LTRENDIDX","M","2007-02",101.8718,
"AUT","BCI","AMPLITUD","LTRENDIDX","M","2007-03",101.8392,
"AUT","BCI","AMPLITUD","LTRENDIDX","M","2007-04",101.7728,
"AUT","BCI","AMPLITUD","LTRENDIDX","M","2007-05",101.7755,
"AUT","BCI","AMPLITUD","LTRENDIDX","M","2007-06",101.7256,
"AUT","BCI","AMPLITUD","LTRENDIDX","M","2007-07",101.6168,
"AUT","BCI","AMPLITUD","LTRENDIDX","M","2007-08",101.5333,
"AUT","BCI","AMPLITUD","LTRENDIDX","M","2007-09",101.4264,
"AUT","BCI","AMPLITUD","LTRENDIDX","M","2007-10",101.3152,
"AUT","BCI","AMPLITUD","LTRENDIDX","M","2007-11",101.169,
"AUT","BCI","AMPLITUD","LTRENDIDX","M","2007-12",100.9753,
"AUT","BCI","AMPLITUD","LTRENDIDX","M","2008-01",100.7894,
"AUT","BCI","AMPLITUD","LTRENDIDX","M","2008-02",100.6603,
"AUT","BCI","AMPLITUD","LTRENDIDX","M","2008-03",100.6447,
"AUT","BCI","AMPLITUD","LTRENDIDX","M","2008-04",100.5718,
"AUT","BCI","AMPLITUD","LTRENDIDX","M","2008-05",100.4124,
"AUT","BCI","AMPLITUD","LTRENDIDX","M","2008-06",100.2448,
"AUT","BCI","AMPLITUD","LTRENDIDX","M","2008-07",100.0387,
"AUT","BCI","AMPLITUD","LTRENDIDX","M","2008-08",99.74801,
"AUT","BCI","AMPLITUD","LTRENDIDX","M","2008-09",99.34494,
"AUT","BCI","AMPLITUD","LTRENDIDX","M","2008-10",98.78934,
"AUT","BCI","AMPLITUD","LTRENDIDX","M","2008-11",98.10986,
"AUT","BCI","AMPLITUD","LTRENDIDX","M","2008-12",97.56281,
"AUT","BCI","AMPLITUD","LTRENDIDX","M","2009-01",97.18554,
"AUT","BCI","AMPLITUD","LTRENDIDX","M","2009-02",96.80728,
"AUT","BCI","AMPLITUD","LTRENDIDX","M","2009-03",96.60874,
"AUT","BCI","AMPLITUD","LTRENDIDX","M","2009-04",96.63169,
"AUT","BCI","AMPLITUD","LTRENDIDX","M","2009-05",96.73086,
"AUT","BCI","AMPLITUD","LTRENDIDX","M","2009-06",96.99065,
"AUT","BCI","AMPLITUD","LTRENDIDX","M","2009-07",97.31496,
"AUT","BCI","AMPLITUD","LTRENDIDX","M","2009-08",97.60714,
"AUT","BCI","AMPLITUD","LTRENDIDX","M","2009-09",97.86391,
"AUT","BCI","AMPLITUD","LTRENDIDX","M","2009-10",98.12982,
"AUT","BCI","AMPLITUD","LTRENDIDX","M","2009-11",98.33704,
"AUT","BCI","AMPLITUD","LTRENDIDX","M","2009-12",98.52199,
"AUT","BCI","AMPLITUD","LTRENDIDX","M","2010-01",98.7683,
"AUT","BCI","AMPLITUD","LTRENDIDX","M","2010-02",99.03257,
"AUT","BCI","AMPLITUD","LTRENDIDX","M","2010-03",99.2949,
"AUT","BCI","AMPLITUD","LTRENDIDX","M","2010-04",99.56267,
"AUT","BCI","AMPLITUD","LTRENDIDX","M","2010-05",99.81201,
"AUT","BCI","AMPLITUD","LTRENDIDX","M","2010-06",100.031,
"AUT","BCI","AMPLITUD","LTRENDIDX","M","2010-07",100.0885,
"AUT","BCI","AMPLITUD","LTRENDIDX","M","2010-08",100.1044,
"AUT","BCI","AMPLITUD","LTRENDIDX","M","2010-09",100.1571,
"AUT","BCI","AMPLITUD","LTRENDIDX","M","2010-10",100.331,
"AUT","BCI","AMPLITUD","LTRENDIDX","M","2010-11",100.5575,
"AUT","BCI","AMPLITUD","LTRENDIDX","M","2010-12",100.8048,
"AUT","BCI","AMPLITUD","LTRENDIDX","M","2011-01",100.981,
"AUT","BCI","AMPLITUD","LTRENDIDX","M","2011-02",101.0506,
"AUT","BCI","AMPLITUD","LTRENDIDX","M","2011-03",101.0306,
"AUT","BCI","AMPLITUD","LTRENDIDX","M","2011-04",100.9094,
"AUT","BCI","AMPLITUD","LTRENDIDX","M","2011-05",100.6461,
"AUT","BCI","AMPLITUD","LTRENDIDX","M","2011-06",100.4093,
"AUT","BCI","AMPLITUD","LTRENDIDX","M","2011-07",100.1755,
"AUT","BCI","AMPLITUD","LTRENDIDX","M","2011-08",99.89066,
"AUT","BCI","AMPLITUD","LTRENDIDX","M","2011-09",99.62941,
"AUT","BCI","AMPLITUD","LTRENDIDX","M","2011-10",99.47199,
"AUT","BCI","AMPLITUD","LTRENDIDX","M","2011-11",99.52969,
"AUT","BCI","AMPLITUD","LTRENDIDX","M","2011-12",99.78053,
"AUT","BCI","AMPLITUD","LTRENDIDX","M","2012-01",99.96863,
"AUT","BCI","AMPLITUD","LTRENDIDX","M","2012-02",100.1041,
"AUT","BCI","AMPLITUD","LTRENDIDX","M","2012-03",100.0926,
"AUT","BCI","AMPLITUD","LTRENDIDX","M","2012-04",99.98602,
"AUT","BCI","AMPLITUD","LTRENDIDX","M","2012-05",99.8867,
"AUT","BCI","AMPLITUD","LTRENDIDX","M","2012-06",99.68938,
"AUT","BCI","AMPLITUD","LTRENDIDX","M","2012-07",99.5022,
"AUT","BCI","AMPLITUD","LTRENDIDX","M","2012-08",99.3722,
"AUT","BCI","AMPLITUD","LTRENDIDX","M","2012-09",99.24731,
"AUT","BCI","AMPLITUD","LTRENDIDX","M","2012-10",99.11698,
"AUT","BCI","AMPLITUD","LTRENDIDX","M","2012-11",99.07285,
"AUT","BCI","AMPLITUD","LTRENDIDX","M","2012-12",99.17087,
"AUT","BCI","AMPLITUD","LTRENDIDX","M","2013-01",99.33604,
"AUT","BCI","AMPLITUD","LTRENDIDX","M","2013-02",99.46817,
"AUT","BCI","AMPLITUD","LTRENDIDX","M","2013-03",99.4483,
"AUT","BCI","AMPLITUD","LTRENDIDX","M","2013-04",99.31754,
"AUT","BCI","AMPLITUD","LTRENDIDX","M","2013-05",99.22192,
"AUT","BCI","AMPLITUD","LTRENDIDX","M","2013-06",99.24287,
"AUT","BCI","AMPLITUD","LTRENDIDX","M","2013-07",99.38554,
"AUT","BCI","AMPLITUD","LTRENDIDX","M","2013-08",99.55787,
"AUT","BCI","AMPLITUD","LTRENDIDX","M","2013-09",99.72826,
"AUT","BCI","AMPLITUD","LTRENDIDX","M","2013-10",99.89259,
"AUT","BCI","AMPLITUD","LTRENDIDX","M","2013-11",100.0325,
"AUT","BCI","AMPLITUD","LTRENDIDX","M","2013-12",100.0585,
"AUT","BCI","AMPLITUD","LTRENDIDX","M","2014-01",100.0449,
"AUT","BCI","AMPLITUD","LTRENDIDX","M","2014-02",100.0974,
"AUT","BCI","AMPLITUD","LTRENDIDX","M","2014-03",100.13,
"AUT","BCI","AMPLITUD","LTRENDIDX","M","2014-04",100.1238,
"AUT","BCI","AMPLITUD","LTRENDIDX","M","2014-05",100.1051,
"AUT","BCI","AMPLITUD","LTRENDIDX","M","2014-06",99.98027,
"AUT","BCI","AMPLITUD","LTRENDIDX","M","2014-07",99.85421,
"AUT","BCI","AMPLITUD","LTRENDIDX","M","2014-08",99.85528,
"AUT","BCI","AMPLITUD","LTRENDIDX","M","2014-09",99.81081,
"AUT","BCI","AMPLITUD","LTRENDIDX","M","2014-10",99.7823,
"AUT","BCI","AMPLITUD","LTRENDIDX","M","2014-11",99.73446,
"AUT","BCI","AMPLITUD","LTRENDIDX","M","2014-12",99.66029,
"AUT","BCI","AMPLITUD","LTRENDIDX","M","2015-01",99.56459,
"AUT","BCI","AMPLITUD","LTRENDIDX","M","2015-02",99.45229,
"AUT","BCI","AMPLITUD","LTRENDIDX","M","2015-03",99.45633,
"AUT","BCI","AMPLITUD","LTRENDIDX","M","2015-04",99.51031,
"AUT","BCI","AMPLITUD","LTRENDIDX","M","2015-05",99.59106,
"AUT","BCI","AMPLITUD","LTRENDIDX","M","2015-06",99.67538,
"AUT","BCI","AMPLITUD","LTRENDIDX","M","2015-07",99.79877,
"AUT","BCI","AMPLITUD","LTRENDIDX","M","2015-08",99.84235,
"AUT","BCI","AMPLITUD","LTRENDIDX","M","2015-09",99.87061,
"AUT","BCI","AMPLITUD","LTRENDIDX","M","2015-10",99.91631,
"AUT","BCI","AMPLITUD","LTRENDIDX","M","2015-11",99.98434,
"AUT","BCI","AMPLITUD","LTRENDIDX","M","2015-12",100.0168,
"AUT","BCI","AMPLITUD","LTRENDIDX","M","2016-01",99.8785,
"AUT","BCI","AMPLITUD","LTRENDIDX","M","2016-02",99.63561,
"AUT","BCI","AMPLITUD","LTRENDIDX","M","2016-03",99.53304,
"AUT","BCI","AMPLITUD","LTRENDIDX","M","2016-04",99.54021,
"AUT","BCI","AMPLITUD","LTRENDIDX","M","2016-05",99.60384,
"AUT","BCI","AMPLITUD","LTRENDIDX","M","2016-06",99.69435,
"AUT","BCI","AMPLITUD","LTRENDIDX","M","2016-07",99.78514,
"AUT","BCI","AMPLITUD","LTRENDIDX","M","2016-08",99.91222,
"AUT","BCI","AMPLITUD","LTRENDIDX","M","2016-09",100.0834,
"AUT","BCI","AMPLITUD","LTRENDIDX","M","2016-10",100.2478,
"AUT","BCI","AMPLITUD","LTRENDIDX","M","2016-11",100.382,
"AUT","BCI","AMPLITUD","LTRENDIDX","M","2016-12",100.4434,
"AUT","BCI","AMPLITUD","LTRENDIDX","M","2017-01",100.5368,
"AUT","BCI","AMPLITUD","LTRENDIDX","M","2017-02",100.6057,
"AUT","BCI","AMPLITUD","LTRENDIDX","M","2017-03",100.6614,
"AUT","BCI","AMPLITUD","LTRENDIDX","M","2017-04",100.7026,
"AUT","BCI","AMPLITUD","LTRENDIDX","M","2017-05",100.7997,
"AUT","BCI","AMPLITUD","LTRENDIDX","M","2017-06",100.9997,
"AUT","BCI","AMPLITUD","LTRENDIDX","M","2017-07",101.2398,
"SVN","BCI","AMPLITUD","LTRENDIDX","M","1995-04",99.83682,
"SVN","BCI","AMPLITUD","LTRENDIDX","M","1995-05",99.6668,
"SVN","BCI","AMPLITUD","LTRENDIDX","M","1995-06",99.20561,
"SVN","BCI","AMPLITUD","LTRENDIDX","M","1995-07",98.66411,
"SVN","BCI","AMPLITUD","LTRENDIDX","M","1995-08",98.2816,
"SVN","BCI","AMPLITUD","LTRENDIDX","M","1995-09",98.1404,
"SVN","BCI","AMPLITUD","LTRENDIDX","M","1995-10",97.90438,
"SVN","BCI","AMPLITUD","LTRENDIDX","M","1995-11",97.64566,
"SVN","BCI","AMPLITUD","LTRENDIDX","M","1995-12",97.43668,
"SVN","BCI","AMPLITUD","LTRENDIDX","M","1996-01",97.42203,
"SVN","BCI","AMPLITUD","LTRENDIDX","M","1996-02",97.40419,
"SVN","BCI","AMPLITUD","LTRENDIDX","M","1996-03",97.3568,
"SVN","BCI","AMPLITUD","LTRENDIDX","M","1996-04",97.27629,
"SVN","BCI","AMPLITUD","LTRENDIDX","M","1996-05",97.37462,
"SVN","BCI","AMPLITUD","LTRENDIDX","M","1996-06",97.45361,
"SVN","BCI","AMPLITUD","LTRENDIDX","M","1996-07",97.409,
"SVN","BCI","AMPLITUD","LTRENDIDX","M","1996-08",97.64991,
"SVN","BCI","AMPLITUD","LTRENDIDX","M","1996-09",98.18804,
"SVN","BCI","AMPLITUD","LTRENDIDX","M","1996-10",98.72905,
"SVN","BCI","AMPLITUD","LTRENDIDX","M","1996-11",99.06913,
"SVN","BCI","AMPLITUD","LTRENDIDX","M","1996-12",99.23952,
"SVN","BCI","AMPLITUD","LTRENDIDX","M","1997-01",99.5195,
"SVN","BCI","AMPLITUD","LTRENDIDX","M","1997-02",99.93363,
"SVN","BCI","AMPLITUD","LTRENDIDX","M","1997-03",100.138,
"SVN","BCI","AMPLITUD","LTRENDIDX","M","1997-04",100.1692,
"SVN","BCI","AMPLITUD","LTRENDIDX","M","1997-05",100.0533,
"SVN","BCI","AMPLITUD","LTRENDIDX","M","1997-06",100.0233,
"SVN","BCI","AMPLITUD","LTRENDIDX","M","1997-07",100.0958,
"SVN","BCI","AMPLITUD","LTRENDIDX","M","1997-08",100.2041,
"SVN","BCI","AMPLITUD","LTRENDIDX","M","1997-09",100.3545,
"SVN","BCI","AMPLITUD","LTRENDIDX","M","1997-10",100.6845,
"SVN","BCI","AMPLITUD","LTRENDIDX","M","1997-11",100.9793,
"SVN","BCI","AMPLITUD","LTRENDIDX","M","1997-12",101.1112,
"SVN","BCI","AMPLITUD","LTRENDIDX","M","1998-01",100.8063,
"SVN","BCI","AMPLITUD","LTRENDIDX","M","1998-02",100.3857,
"SVN","BCI","AMPLITUD","LTRENDIDX","M","1998-03",100.0311,
"SVN","BCI","AMPLITUD","LTRENDIDX","M","1998-04",99.83234,
"SVN","BCI","AMPLITUD","LTRENDIDX","M","1998-05",99.93365,
"SVN","BCI","AMPLITUD","LTRENDIDX","M","1998-06",100.2342,
"SVN","BCI","AMPLITUD","LTRENDIDX","M","1998-07",100.6813,
"SVN","BCI","AMPLITUD","LTRENDIDX","M","1998-08",100.4716,
"SVN","BCI","AMPLITUD","LTRENDIDX","M","1998-09",99.43135,
"SVN","BCI","AMPLITUD","LTRENDIDX","M","1998-10",98.2476,
"SVN","BCI","AMPLITUD","LTRENDIDX","M","1998-11",97.47227,
"SVN","BCI","AMPLITUD","LTRENDIDX","M","1998-12",97.10668,
"SVN","BCI","AMPLITUD","LTRENDIDX","M","1999-01",96.94074,
"SVN","BCI","AMPLITUD","LTRENDIDX","M","1999-02",96.56533,
"SVN","BCI","AMPLITUD","LTRENDIDX","M","1999-03",96.47299,
"SVN","BCI","AMPLITUD","LTRENDIDX","M","1999-04",96.8755,
"SVN","BCI","AMPLITUD","LTRENDIDX","M","1999-05",97.48457,
"SVN","BCI","AMPLITUD","LTRENDIDX","M","1999-06",98.5219,
"SVN","BCI","AMPLITUD","LTRENDIDX","M","1999-07",99.46606,
"SVN","BCI","AMPLITUD","LTRENDIDX","M","1999-08",99.86395,
"SVN","BCI","AMPLITUD","LTRENDIDX","M","1999-09",99.8821,
"SVN","BCI","AMPLITUD","LTRENDIDX","M","1999-10",99.80495,
"SVN","BCI","AMPLITUD","LTRENDIDX","M","1999-11",99.76746,
"SVN","BCI","AMPLITUD","LTRENDIDX","M","1999-12",99.95688,
"SVN","BCI","AMPLITUD","LTRENDIDX","M","2000-01",100.214,
"SVN","BCI","AMPLITUD","LTRENDIDX","M","2000-02",100.7994,
"SVN","BCI","AMPLITUD","LTRENDIDX","M","2000-03",101.6167,
"SVN","BCI","AMPLITUD","LTRENDIDX","M","2000-04",102.292,
"SVN","BCI","AMPLITUD","LTRENDIDX","M","2000-05",102.8108,
"SVN","BCI","AMPLITUD","LTRENDIDX","M","2000-06",103.0918,
"SVN","BCI","AMPLITUD","LTRENDIDX","M","2000-07",102.6548,
"SVN","BCI","AMPLITUD","LTRENDIDX","M","2000-08",102.0226,
"SVN","BCI","AMPLITUD","LTRENDIDX","M","2000-09",101.6416,
"SVN","BCI","AMPLITUD","LTRENDIDX","M","2000-10",101.4334,
"SVN","BCI","AMPLITUD","LTRENDIDX","M","2000-11",101.3426,
"SVN","BCI","AMPLITUD","LTRENDIDX","M","2000-12",101.5034,
"SVN","BCI","AMPLITUD","LTRENDIDX","M","2001-01",101.6237,
"SVN","BCI","AMPLITUD","LTRENDIDX","M","2001-02",101.5932,
"SVN","BCI","AMPLITUD","LTRENDIDX","M","2001-03",101.2798,
"SVN","BCI","AMPLITUD","LTRENDIDX","M","2001-04",100.7057,
"SVN","BCI","AMPLITUD","LTRENDIDX","M","2001-05",100.1531,
"SVN","BCI","AMPLITUD","LTRENDIDX","M","2001-06",99.82417,
"SVN","BCI","AMPLITUD","LTRENDIDX","M","2001-07",99.47973,
"SVN","BCI","AMPLITUD","LTRENDIDX","M","2001-08",99.12149,
"SVN","BCI","AMPLITUD","LTRENDIDX","M","2001-09",98.79627,
"SVN","BCI","AMPLITUD","LTRENDIDX","M","2001-10",98.47656,
"SVN","BCI","AMPLITUD","LTRENDIDX","M","2001-11",98.44804,
"SVN","BCI","AMPLITUD","LTRENDIDX","M","2001-12",98.54913,
"SVN","BCI","AMPLITUD","LTRENDIDX","M","2002-01",98.82276,
"SVN","BCI","AMPLITUD","LTRENDIDX","M","2002-02",99.12439,
"SVN","BCI","AMPLITUD","LTRENDIDX","M","2002-03",99.18076,
"SVN","BCI","AMPLITUD","LTRENDIDX","M","2002-04",99.1814,
"SVN","BCI","AMPLITUD","LTRENDIDX","M","2002-05",99.24459,
"SVN","BCI","AMPLITUD","LTRENDIDX","M","2002-06",99.14659,
"SVN","BCI","AMPLITUD","LTRENDIDX","M","2002-07",98.98553,
"SVN","BCI","AMPLITUD","LTRENDIDX","M","2002-08",99.09244,
"SVN","BCI","AMPLITUD","LTRENDIDX","M","2002-09",99.36144,
"SVN","BCI","AMPLITUD","LTRENDIDX","M","2002-10",99.72447,
"SVN","BCI","AMPLITUD","LTRENDIDX","M","2002-11",100.0484,
"SVN","BCI","AMPLITUD","LTRENDIDX","M","2002-12",100.1459,
"SVN","BCI","AMPLITUD","LTRENDIDX","M","2003-01",100.0748,
"SVN","BCI","AMPLITUD","LTRENDIDX","M","2003-02",99.74947,
"SVN","BCI","AMPLITUD","LTRENDIDX","M","2003-03",99.116,
"SVN","BCI","AMPLITUD","LTRENDIDX","M","2003-04",98.51908,
"SVN","BCI","AMPLITUD","LTRENDIDX","M","2003-05",98.31761,
"SVN","BCI","AMPLITUD","LTRENDIDX","M","2003-06",98.40151,
"SVN","BCI","AMPLITUD","LTRENDIDX","M","2003-07",98.78789,
"SVN","BCI","AMPLITUD","LTRENDIDX","M","2003-08",99.3086,
"SVN","BCI","AMPLITUD","LTRENDIDX","M","2003-09",99.8263,
"SVN","BCI","AMPLITUD","LTRENDIDX","M","2003-10",100.046,
"SVN","BCI","AMPLITUD","LTRENDIDX","M","2003-11",100.1192,
"SVN","BCI","AMPLITUD","LTRENDIDX","M","2003-12",99.98759,
"SVN","BCI","AMPLITUD","LTRENDIDX","M","2004-01",99.91278,
"SVN","BCI","AMPLITUD","LTRENDIDX","M","2004-02",100.0051,
"SVN","BCI","AMPLITUD","LTRENDIDX","M","2004-03",100.361,
"SVN","BCI","AMPLITUD","LTRENDIDX","M","2004-04",100.8044,
"SVN","BCI","AMPLITUD","LTRENDIDX","M","2004-05",100.9252,
"SVN","BCI","AMPLITUD","LTRENDIDX","M","2004-06",100.9658,
"SVN","BCI","AMPLITUD","LTRENDIDX","M","2004-07",101.1394,
"SVN","BCI","AMPLITUD","LTRENDIDX","M","2004-08",101.3603,
"SVN","BCI","AMPLITUD","LTRENDIDX","M","2004-09",101.4657,
"SVN","BCI","AMPLITUD","LTRENDIDX","M","2004-10",101.3682,
"SVN","BCI","AMPLITUD","LTRENDIDX","M","2004-11",101.0335,
"SVN","BCI","AMPLITUD","LTRENDIDX","M","2004-12",100.6408,
"SVN","BCI","AMPLITUD","LTRENDIDX","M","2005-01",100.335,
"SVN","BCI","AMPLITUD","LTRENDIDX","M","2005-02",100.1216,
"SVN","BCI","AMPLITUD","LTRENDIDX","M","2005-03",100.0474,
"SVN","BCI","AMPLITUD","LTRENDIDX","M","2005-04",99.91591,
"SVN","BCI","AMPLITUD","LTRENDIDX","M","2005-05",99.88015,
"SVN","BCI","AMPLITUD","LTRENDIDX","M","2005-06",99.91004,
"SVN","BCI","AMPLITUD","LTRENDIDX","M","2005-07",99.95256,
"SVN","BCI","AMPLITUD","LTRENDIDX","M","2005-08",100.068,
"SVN","BCI","AMPLITUD","LTRENDIDX","M","2005-09",100.2214,
"SVN","BCI","AMPLITUD","LTRENDIDX","M","2005-10",100.4162,
"SVN","BCI","AMPLITUD","LTRENDIDX","M","2005-11",100.6657,
"SVN","BCI","AMPLITUD","LTRENDIDX","M","2005-12",101.1093,
"SVN","BCI","AMPLITUD","LTRENDIDX","M","2006-01",101.5561,
"SVN","BCI","AMPLITUD","LTRENDIDX","M","2006-02",101.7886,
"SVN","BCI","AMPLITUD","LTRENDIDX","M","2006-03",102.0503,
"SVN","BCI","AMPLITUD","LTRENDIDX","M","2006-04",102.2739,
"SVN","BCI","AMPLITUD","LTRENDIDX","M","2006-05",102.4423,
"SVN","BCI","AMPLITUD","LTRENDIDX","M","2006-06",102.8842,
"SVN","BCI","AMPLITUD","LTRENDIDX","M","2006-07",103.0258,
"SVN","BCI","AMPLITUD","LTRENDIDX","M","2006-08",103.0052,
"SVN","BCI","AMPLITUD","LTRENDIDX","M","2006-09",103.0322,
"SVN","BCI","AMPLITUD","LTRENDIDX","M","2006-10",102.9731,
"SVN","BCI","AMPLITUD","LTRENDIDX","M","2006-11",103.0085,
"SVN","BCI","AMPLITUD","LTRENDIDX","M","2006-12",103.0906,
"SVN","BCI","AMPLITUD","LTRENDIDX","M","2007-01",103.1775,
"SVN","BCI","AMPLITUD","LTRENDIDX","M","2007-02",103.3797,
"SVN","BCI","AMPLITUD","LTRENDIDX","M","2007-03",103.4994,
"SVN","BCI","AMPLITUD","LTRENDIDX","M","2007-04",103.6382,
"SVN","BCI","AMPLITUD","LTRENDIDX","M","2007-05",103.7243,
"SVN","BCI","AMPLITUD","LTRENDIDX","M","2007-06",103.6025,
"SVN","BCI","AMPLITUD","LTRENDIDX","M","2007-07",103.3423,
"SVN","BCI","AMPLITUD","LTRENDIDX","M","2007-08",102.8202,
"SVN","BCI","AMPLITUD","LTRENDIDX","M","2007-09",102.3115,
"SVN","BCI","AMPLITUD","LTRENDIDX","M","2007-10",102.0368,
"SVN","BCI","AMPLITUD","LTRENDIDX","M","2007-11",102.0055,
"SVN","BCI","AMPLITUD","LTRENDIDX","M","2007-12",102.0001,
"SVN","BCI","AMPLITUD","LTRENDIDX","M","2008-01",101.8564,
"SVN","BCI","AMPLITUD","LTRENDIDX","M","2008-02",101.6978,
"SVN","BCI","AMPLITUD","LTRENDIDX","M","2008-03",101.5383,
"SVN","BCI","AMPLITUD","LTRENDIDX","M","2008-04",101.3174,
"SVN","BCI","AMPLITUD","LTRENDIDX","M","2008-05",100.9342,
"SVN","BCI","AMPLITUD","LTRENDIDX","M","2008-06",100.4895,
"SVN","BCI","AMPLITUD","LTRENDIDX","M","2008-07",100.1285,
"SVN","BCI","AMPLITUD","LTRENDIDX","M","2008-08",99.48912,
"SVN","BCI","AMPLITUD","LTRENDIDX","M","2008-09",98.3324,
"SVN","BCI","AMPLITUD","LTRENDIDX","M","2008-10",96.64221,
"SVN","BCI","AMPLITUD","LTRENDIDX","M","2008-11",94.93021,
"SVN","BCI","AMPLITUD","LTRENDIDX","M","2008-12",93.59961,
"SVN","BCI","AMPLITUD","LTRENDIDX","M","2009-01",92.8709,
"SVN","BCI","AMPLITUD","LTRENDIDX","M","2009-02",92.7207,
"SVN","BCI","AMPLITUD","LTRENDIDX","M","2009-03",92.75887,
"SVN","BCI","AMPLITUD","LTRENDIDX","M","2009-04",93.08495,
"SVN","BCI","AMPLITUD","LTRENDIDX","M","2009-05",93.6683,
"SVN","BCI","AMPLITUD","LTRENDIDX","M","2009-06",94.20912,
"SVN","BCI","AMPLITUD","LTRENDIDX","M","2009-07",94.71814,
"SVN","BCI","AMPLITUD","LTRENDIDX","M","2009-08",95.41211,
"SVN","BCI","AMPLITUD","LTRENDIDX","M","2009-09",96.24628,
"SVN","BCI","AMPLITUD","LTRENDIDX","M","2009-10",97.03053,
"SVN","BCI","AMPLITUD","LTRENDIDX","M","2009-11",97.77917,
"SVN","BCI","AMPLITUD","LTRENDIDX","M","2009-12",98.38367,
"SVN","BCI","AMPLITUD","LTRENDIDX","M","2010-01",98.94415,
"SVN","BCI","AMPLITUD","LTRENDIDX","M","2010-02",99.37257,
"SVN","BCI","AMPLITUD","LTRENDIDX","M","2010-03",99.87081,
"SVN","BCI","AMPLITUD","LTRENDIDX","M","2010-04",100.3361,
"SVN","BCI","AMPLITUD","LTRENDIDX","M","2010-05",100.5899,
"SVN","BCI","AMPLITUD","LTRENDIDX","M","2010-06",100.6808,
"SVN","BCI","AMPLITUD","LTRENDIDX","M","2010-07",100.7972,
"SVN","BCI","AMPLITUD","LTRENDIDX","M","2010-08",100.8441,
"SVN","BCI","AMPLITUD","LTRENDIDX","M","2010-09",101.0535,
"SVN","BCI","AMPLITUD","LTRENDIDX","M","2010-10",101.3973,
"SVN","BCI","AMPLITUD","LTRENDIDX","M","2010-11",101.5238,
"SVN","BCI","AMPLITUD","LTRENDIDX","M","2010-12",101.7015,
"SVN","BCI","AMPLITUD","LTRENDIDX","M","2011-01",101.9444,
"SVN","BCI","AMPLITUD","LTRENDIDX","M","2011-02",101.9805,
"SVN","BCI","AMPLITUD","LTRENDIDX","M","2011-03",101.8599,
"SVN","BCI","AMPLITUD","LTRENDIDX","M","2011-04",101.6697,
"SVN","BCI","AMPLITUD","LTRENDIDX","M","2011-05",101.3223,
"SVN","BCI","AMPLITUD","LTRENDIDX","M","2011-06",100.8286,
"SVN","BCI","AMPLITUD","LTRENDIDX","M","2011-07",100.3543,
"SVN","BCI","AMPLITUD","LTRENDIDX","M","2011-08",99.94574,
"SVN","BCI","AMPLITUD","LTRENDIDX","M","2011-09",99.62978,
"SVN","BCI","AMPLITUD","LTRENDIDX","M","2011-10",99.44864,
"SVN","BCI","AMPLITUD","LTRENDIDX","M","2011-11",99.56816,
"SVN","BCI","AMPLITUD","LTRENDIDX","M","2011-12",99.815,
"SVN","BCI","AMPLITUD","LTRENDIDX","M","2012-01",99.8687,
"SVN","BCI","AMPLITUD","LTRENDIDX","M","2012-02",99.53409,
"SVN","BCI","AMPLITUD","LTRENDIDX","M","2012-03",98.97845,
"SVN","BCI","AMPLITUD","LTRENDIDX","M","2012-04",98.40142,
"SVN","BCI","AMPLITUD","LTRENDIDX","M","2012-05",97.94668,
"SVN","BCI","AMPLITUD","LTRENDIDX","M","2012-06",97.55201,
"SVN","BCI","AMPLITUD","LTRENDIDX","M","2012-07",97.23787,
"SVN","BCI","AMPLITUD","LTRENDIDX","M","2012-08",96.98277,
"SVN","BCI","AMPLITUD","LTRENDIDX","M","2012-09",96.87122,
"SVN","BCI","AMPLITUD","LTRENDIDX","M","2012-10",97.05807,
"SVN","BCI","AMPLITUD","LTRENDIDX","M","2012-11",97.48534,
"SVN","BCI","AMPLITUD","LTRENDIDX","M","2012-12",97.90317,
"SVN","BCI","AMPLITUD","LTRENDIDX","M","2013-01",98.08638,
"SVN","BCI","AMPLITUD","LTRENDIDX","M","2013-02",98.28909,
"SVN","BCI","AMPLITUD","LTRENDIDX","M","2013-03",98.39681,
"SVN","BCI","AMPLITUD","LTRENDIDX","M","2013-04",98.47154,
"SVN","BCI","AMPLITUD","LTRENDIDX","M","2013-05",98.78936,
"SVN","BCI","AMPLITUD","LTRENDIDX","M","2013-06",99.1011,
"SVN","BCI","AMPLITUD","LTRENDIDX","M","2013-07",99.24921,
"SVN","BCI","AMPLITUD","LTRENDIDX","M","2013-08",99.43759,
"SVN","BCI","AMPLITUD","LTRENDIDX","M","2013-09",99.58501,
"SVN","BCI","AMPLITUD","LTRENDIDX","M","2013-10",99.75983,
"SVN","BCI","AMPLITUD","LTRENDIDX","M","2013-11",100.0118,
"SVN","BCI","AMPLITUD","LTRENDIDX","M","2013-12",100.1352,
"SVN","BCI","AMPLITUD","LTRENDIDX","M","2014-01",100.1847,
"SVN","BCI","AMPLITUD","LTRENDIDX","M","2014-02",100.3528,
"SVN","BCI","AMPLITUD","LTRENDIDX","M","2014-03",100.5876,
"SVN","BCI","AMPLITUD","LTRENDIDX","M","2014-04",100.8402,
"SVN","BCI","AMPLITUD","LTRENDIDX","M","2014-05",101.1828,
"SVN","BCI","AMPLITUD","LTRENDIDX","M","2014-06",101.5148,
"SVN","BCI","AMPLITUD","LTRENDIDX","M","2014-07",101.6149,
"SVN","BCI","AMPLITUD","LTRENDIDX","M","2014-08",101.4526,
"SVN","BCI","AMPLITUD","LTRENDIDX","M","2014-09",101.2755,
"SVN","BCI","AMPLITUD","LTRENDIDX","M","2014-10",101.273,
"SVN","BCI","AMPLITUD","LTRENDIDX","M","2014-11",101.2549,
"SVN","BCI","AMPLITUD","LTRENDIDX","M","2014-12",101.2558,
"SVN","BCI","AMPLITUD","LTRENDIDX","M","2015-01",101.3463,
"SVN","BCI","AMPLITUD","LTRENDIDX","M","2015-02",101.4861,
"SVN","BCI","AMPLITUD","LTRENDIDX","M","2015-03",101.6414,
"SVN","BCI","AMPLITUD","LTRENDIDX","M","2015-04",101.5827,
"SVN","BCI","AMPLITUD","LTRENDIDX","M","2015-05",101.519,
"SVN","BCI","AMPLITUD","LTRENDIDX","M","2015-06",101.5123,
"SVN","BCI","AMPLITUD","LTRENDIDX","M","2015-07",101.6454,
"SVN","BCI","AMPLITUD","LTRENDIDX","M","2015-08",101.8206,
"SVN","BCI","AMPLITUD","LTRENDIDX","M","2015-09",101.8555,
"SVN","BCI","AMPLITUD","LTRENDIDX","M","2015-10",101.9309,
"SVN","BCI","AMPLITUD","LTRENDIDX","M","2015-11",101.8492,
"SVN","BCI","AMPLITUD","LTRENDIDX","M","2015-12",101.6658,
"SVN","BCI","AMPLITUD","LTRENDIDX","M","2016-01",101.4381,
"SVN","BCI","AMPLITUD","LTRENDIDX","M","2016-02",101.3258,
"SVN","BCI","AMPLITUD","LTRENDIDX","M","2016-03",101.3619,
"SVN","BCI","AMPLITUD","LTRENDIDX","M","2016-04",101.4609,
"SVN","BCI","AMPLITUD","LTRENDIDX","M","2016-05",101.3617,
"SVN","BCI","AMPLITUD","LTRENDIDX","M","2016-06",101.2979,
"SVN","BCI","AMPLITUD","LTRENDIDX","M","2016-07",101.3485,
"SVN","BCI","AMPLITUD","LTRENDIDX","M","2016-08",101.4605,
"SVN","BCI","AMPLITUD","LTRENDIDX","M","2016-09",101.5436,
"SVN","BCI","AMPLITUD","LTRENDIDX","M","2016-10",101.6698,
"SVN","BCI","AMPLITUD","LTRENDIDX","M","2016-11",101.7616,
"SVN","BCI","AMPLITUD","LTRENDIDX","M","2016-12",101.9025,
"SVN","BCI","AMPLITUD","LTRENDIDX","M","2017-01",102.0993,
"SVN","BCI","AMPLITUD","LTRENDIDX","M","2017-02",102.3077,
"SVN","BCI","AMPLITUD","LTRENDIDX","M","2017-03",102.3809,
"SVN","BCI","AMPLITUD","LTRENDIDX","M","2017-04",102.235,
"SVN","BCI","AMPLITUD","LTRENDIDX","M","2017-05",102.025,
"SVN","BCI","AMPLITUD","LTRENDIDX","M","2017-06",101.9999,
"SVN","BCI","AMPLITUD","LTRENDIDX","M","2017-07",101.9857,
"NZL","BCI","AMPLITUD","LTRENDIDX","M","1961-06",97.02351,
"NZL","BCI","AMPLITUD","LTRENDIDX","M","1961-07",96.93357,
"NZL","BCI","AMPLITUD","LTRENDIDX","M","1961-08",96.85348,
"NZL","BCI","AMPLITUD","LTRENDIDX","M","1961-09",96.80994,
"NZL","BCI","AMPLITUD","LTRENDIDX","M","1961-10",96.8438,
"NZL","BCI","AMPLITUD","LTRENDIDX","M","1961-11",96.97062,
"NZL","BCI","AMPLITUD","LTRENDIDX","M","1961-12",97.24201,
"NZL","BCI","AMPLITUD","LTRENDIDX","M","1962-01",97.71398,
"NZL","BCI","AMPLITUD","LTRENDIDX","M","1962-02",98.27062,
"NZL","BCI","AMPLITUD","LTRENDIDX","M","1962-03",98.77065,
"NZL","BCI","AMPLITUD","LTRENDIDX","M","1962-04",99.10921,
"NZL","BCI","AMPLITUD","LTRENDIDX","M","1962-05",99.33633,
"NZL","BCI","AMPLITUD","LTRENDIDX","M","1962-06",99.51663,
"NZL","BCI","AMPLITUD","LTRENDIDX","M","1962-07",99.70055,
"NZL","BCI","AMPLITUD","LTRENDIDX","M","1962-08",99.94238,
"NZL","BCI","AMPLITUD","LTRENDIDX","M","1962-09",100.321,
"NZL","BCI","AMPLITUD","LTRENDIDX","M","1962-10",100.9027,
"NZL","BCI","AMPLITUD","LTRENDIDX","M","1962-11",101.5675,
"NZL","BCI","AMPLITUD","LTRENDIDX","M","1962-12",102.1617,
"NZL","BCI","AMPLITUD","LTRENDIDX","M","1963-01",102.5685,
"NZL","BCI","AMPLITUD","LTRENDIDX","M","1963-02",102.8478,
"NZL","BCI","AMPLITUD","LTRENDIDX","M","1963-03",103.0628,
"NZL","BCI","AMPLITUD","LTRENDIDX","M","1963-04",103.2337,
"NZL","BCI","AMPLITUD","LTRENDIDX","M","1963-05",103.3548,
"NZL","BCI","AMPLITUD","LTRENDIDX","M","1963-06",103.3801,
"NZL","BCI","AMPLITUD","LTRENDIDX","M","1963-07",103.2569,
"NZL","BCI","AMPLITUD","LTRENDIDX","M","1963-08",103.0559,
"NZL","BCI","AMPLITUD","LTRENDIDX","M","1963-09",102.8558,
"NZL","BCI","AMPLITUD","LTRENDIDX","M","1963-10",102.705,
"NZL","BCI","AMPLITUD","LTRENDIDX","M","1963-11",102.5818,
"NZL","BCI","AMPLITUD","LTRENDIDX","M","1963-12",102.4508,
"NZL","BCI","AMPLITUD","LTRENDIDX","M","1964-01",102.29,
"NZL","BCI","AMPLITUD","LTRENDIDX","M","1964-02",102.1269,
"NZL","BCI","AMPLITUD","LTRENDIDX","M","1964-03",102.0108,
"NZL","BCI","AMPLITUD","LTRENDIDX","M","1964-04",101.987,
"NZL","BCI","AMPLITUD","LTRENDIDX","M","1964-05",102.025,
"NZL","BCI","AMPLITUD","LTRENDIDX","M","1964-06",102.0923,
"NZL","BCI","AMPLITUD","LTRENDIDX","M","1964-07",102.1667,
"NZL","BCI","AMPLITUD","LTRENDIDX","M","1964-08",102.2196,
"NZL","BCI","AMPLITUD","LTRENDIDX","M","1964-09",102.211,
"NZL","BCI","AMPLITUD","LTRENDIDX","M","1964-10",102.106,
"NZL","BCI","AMPLITUD","LTRENDIDX","M","1964-11",101.9528,
"NZL","BCI","AMPLITUD","LTRENDIDX","M","1964-12",101.8058,
"NZL","BCI","AMPLITUD","LTRENDIDX","M","1965-01",101.6954,
"NZL","BCI","AMPLITUD","LTRENDIDX","M","1965-02",101.5927,
"NZL","BCI","AMPLITUD","LTRENDIDX","M","1965-03",101.4444,
"NZL","BCI","AMPLITUD","LTRENDIDX","M","1965-04",101.1995,
"NZL","BCI","AMPLITUD","LTRENDIDX","M","1965-05",100.8821,
"NZL","BCI","AMPLITUD","LTRENDIDX","M","1965-06",100.5115,
"NZL","BCI","AMPLITUD","LTRENDIDX","M","1965-07",100.095,
"NZL","BCI","AMPLITUD","LTRENDIDX","M","1965-08",99.67378,
"NZL","BCI","AMPLITUD","LTRENDIDX","M","1965-09",99.30467,
"NZL","BCI","AMPLITUD","LTRENDIDX","M","1965-10",99.04619,
"NZL","BCI","AMPLITUD","LTRENDIDX","M","1965-11",98.89275,
"NZL","BCI","AMPLITUD","LTRENDIDX","M","1965-12",98.86196,
"NZL","BCI","AMPLITUD","LTRENDIDX","M","1966-01",98.97693,
"NZL","BCI","AMPLITUD","LTRENDIDX","M","1966-02",99.12582,
"NZL","BCI","AMPLITUD","LTRENDIDX","M","1966-03",99.16428,
"NZL","BCI","AMPLITUD","LTRENDIDX","M","1966-04",98.98384,
"NZL","BCI","AMPLITUD","LTRENDIDX","M","1966-05",98.69084,
"NZL","BCI","AMPLITUD","LTRENDIDX","M","1966-06",98.42133,
"NZL","BCI","AMPLITUD","LTRENDIDX","M","1966-07",98.26849,
"NZL","BCI","AMPLITUD","LTRENDIDX","M","1966-08",98.18661,
"NZL","BCI","AMPLITUD","LTRENDIDX","M","1966-09",98.10349,
"NZL","BCI","AMPLITUD","LTRENDIDX","M","1966-10",97.96194,
"NZL","BCI","AMPLITUD","LTRENDIDX","M","1966-11",97.76254,
"NZL","BCI","AMPLITUD","LTRENDIDX","M","1966-12",97.50546,
"NZL","BCI","AMPLITUD","LTRENDIDX","M","1967-01",97.19028,
"NZL","BCI","AMPLITUD","LTRENDIDX","M","1967-02",96.87346,
"NZL","BCI","AMPLITUD","LTRENDIDX","M","1967-03",96.63578,
"NZL","BCI","AMPLITUD","LTRENDIDX","M","1967-04",96.55143,
"NZL","BCI","AMPLITUD","LTRENDIDX","M","1967-05",96.57794,
"NZL","BCI","AMPLITUD","LTRENDIDX","M","1967-06",96.68154,
"NZL","BCI","AMPLITUD","LTRENDIDX","M","1967-07",96.85158,
"NZL","BCI","AMPLITUD","LTRENDIDX","M","1967-08",97.03783,
"NZL","BCI","AMPLITUD","LTRENDIDX","M","1967-09",97.19313,
"NZL","BCI","AMPLITUD","LTRENDIDX","M","1967-10",97.29956,
"NZL","BCI","AMPLITUD","LTRENDIDX","M","1967-11",97.42581,
"NZL","BCI","AMPLITUD","LTRENDIDX","M","1967-12",97.68814,
"NZL","BCI","AMPLITUD","LTRENDIDX","M","1968-01",98.19158,
"NZL","BCI","AMPLITUD","LTRENDIDX","M","1968-02",98.83502,
"NZL","BCI","AMPLITUD","LTRENDIDX","M","1968-03",99.50729,
"NZL","BCI","AMPLITUD","LTRENDIDX","M","1968-04",100.1432,
"NZL","BCI","AMPLITUD","LTRENDIDX","M","1968-05",100.7507,
"NZL","BCI","AMPLITUD","LTRENDIDX","M","1968-06",101.3533,
"NZL","BCI","AMPLITUD","LTRENDIDX","M","1968-07",101.9606,
"NZL","BCI","AMPLITUD","LTRENDIDX","M","1968-08",102.5438,
"NZL","BCI","AMPLITUD","LTRENDIDX","M","1968-09",103.0389,
"NZL","BCI","AMPLITUD","LTRENDIDX","M","1968-10",103.3742,
"NZL","BCI","AMPLITUD","LTRENDIDX","M","1968-11",103.586,
"NZL","BCI","AMPLITUD","LTRENDIDX","M","1968-12",103.686,
"NZL","BCI","AMPLITUD","LTRENDIDX","M","1969-01",103.6531,
"NZL","BCI","AMPLITUD","LTRENDIDX","M","1969-02",103.536,
"NZL","BCI","AMPLITUD","LTRENDIDX","M","1969-03",103.3639,
"NZL","BCI","AMPLITUD","LTRENDIDX","M","1969-04",103.1407,
"NZL","BCI","AMPLITUD","LTRENDIDX","M","1969-05",102.8941,
"NZL","BCI","AMPLITUD","LTRENDIDX","M","1969-06",102.6512,
"NZL","BCI","AMPLITUD","LTRENDIDX","M","1969-07",102.4363,
"NZL","BCI","AMPLITUD","LTRENDIDX","M","1969-08",102.2667,
"NZL","BCI","AMPLITUD","LTRENDIDX","M","1969-09",102.1756,
"NZL","BCI","AMPLITUD","LTRENDIDX","M","1969-10",102.1918,
"NZL","BCI","AMPLITUD","LTRENDIDX","M","1969-11",102.2392,
"NZL","BCI","AMPLITUD","LTRENDIDX","M","1969-12",102.2121,
"NZL","BCI","AMPLITUD","LTRENDIDX","M","1970-01",102.0182,
"NZL","BCI","AMPLITUD","LTRENDIDX","M","1970-02",101.6972,
"NZL","BCI","AMPLITUD","LTRENDIDX","M","1970-03",101.2805,
"NZL","BCI","AMPLITUD","LTRENDIDX","M","1970-04",100.7795,
"NZL","BCI","AMPLITUD","LTRENDIDX","M","1970-05",100.2684,
"NZL","BCI","AMPLITUD","LTRENDIDX","M","1970-06",99.83562,
"NZL","BCI","AMPLITUD","LTRENDIDX","M","1970-07",99.54498,
"NZL","BCI","AMPLITUD","LTRENDIDX","M","1970-08",99.3191,
"NZL","BCI","AMPLITUD","LTRENDIDX","M","1970-09",99.06175,
"NZL","BCI","AMPLITUD","LTRENDIDX","M","1970-10",98.71568,
"NZL","BCI","AMPLITUD","LTRENDIDX","M","1970-11",98.35176,
"NZL","BCI","AMPLITUD","LTRENDIDX","M","1970-12",98.09259,
"NZL","BCI","AMPLITUD","LTRENDIDX","M","1971-01",98.05369,
"NZL","BCI","AMPLITUD","LTRENDIDX","M","1971-02",98.18014,
"NZL","BCI","AMPLITUD","LTRENDIDX","M","1971-03",98.43134,
"NZL","BCI","AMPLITUD","LTRENDIDX","M","1971-04",98.80045,
"NZL","BCI","AMPLITUD","LTRENDIDX","M","1971-05",99.20912,
"NZL","BCI","AMPLITUD","LTRENDIDX","M","1971-06",99.57807,
"NZL","BCI","AMPLITUD","LTRENDIDX","M","1971-07",99.85824,
"NZL","BCI","AMPLITUD","LTRENDIDX","M","1971-08",100.1016,
"NZL","BCI","AMPLITUD","LTRENDIDX","M","1971-09",100.377,
"NZL","BCI","AMPLITUD","LTRENDIDX","M","1971-10",100.7233,
"NZL","BCI","AMPLITUD","LTRENDIDX","M","1971-11",101.0698,
"NZL","BCI","AMPLITUD","LTRENDIDX","M","1971-12",101.3084,
"NZL","BCI","AMPLITUD","LTRENDIDX","M","1972-01",101.3651,
"NZL","BCI","AMPLITUD","LTRENDIDX","M","1972-02",101.3799,
"NZL","BCI","AMPLITUD","LTRENDIDX","M","1972-03",101.5543,
"NZL","BCI","AMPLITUD","LTRENDIDX","M","1972-04",102.0404,
"NZL","BCI","AMPLITUD","LTRENDIDX","M","1972-05",102.6712,
"NZL","BCI","AMPLITUD","LTRENDIDX","M","1972-06",103.2238,
"NZL","BCI","AMPLITUD","LTRENDIDX","M","1972-07",103.539,
"NZL","BCI","AMPLITUD","LTRENDIDX","M","1972-08",103.7178,
"NZL","BCI","AMPLITUD","LTRENDIDX","M","1972-09",103.8941,
"NZL","BCI","AMPLITUD","LTRENDIDX","M","1972-10",104.1418,
"NZL","BCI","AMPLITUD","LTRENDIDX","M","1972-11",104.3863,
"NZL","BCI","AMPLITUD","LTRENDIDX","M","1972-12",104.4827,
"NZL","BCI","AMPLITUD","LTRENDIDX","M","1973-01",104.2971,
"NZL","BCI","AMPLITUD","LTRENDIDX","M","1973-02",103.9367,
"NZL","BCI","AMPLITUD","LTRENDIDX","M","1973-03",103.5141,
"NZL","BCI","AMPLITUD","LTRENDIDX","M","1973-04",103.0866,
"NZL","BCI","AMPLITUD","LTRENDIDX","M","1973-05",102.6577,
"NZL","BCI","AMPLITUD","LTRENDIDX","M","1973-06",102.1963,
"NZL","BCI","AMPLITUD","LTRENDIDX","M","1973-07",101.6583,
"NZL","BCI","AMPLITUD","LTRENDIDX","M","1973-08",101.0395,
"NZL","BCI","AMPLITUD","LTRENDIDX","M","1973-09",100.3263,
"NZL","BCI","AMPLITUD","LTRENDIDX","M","1973-10",99.5269,
"NZL","BCI","AMPLITUD","LTRENDIDX","M","1973-11",98.79675,
"NZL","BCI","AMPLITUD","LTRENDIDX","M","1973-12",98.37373,
"NZL","BCI","AMPLITUD","LTRENDIDX","M","1974-01",98.44396,
"NZL","BCI","AMPLITUD","LTRENDIDX","M","1974-02",98.70058,
"NZL","BCI","AMPLITUD","LTRENDIDX","M","1974-03",98.73989,
"NZL","BCI","AMPLITUD","LTRENDIDX","M","1974-04",98.27122,
"NZL","BCI","AMPLITUD","LTRENDIDX","M","1974-05",97.54408,
"NZL","BCI","AMPLITUD","LTRENDIDX","M","1974-06",96.90287,
"NZL","BCI","AMPLITUD","LTRENDIDX","M","1974-07",96.60012,
"NZL","BCI","AMPLITUD","LTRENDIDX","M","1974-08",96.52372,
"NZL","BCI","AMPLITUD","LTRENDIDX","M","1974-09",96.52876,
"NZL","BCI","AMPLITUD","LTRENDIDX","M","1974-10",96.54302,
"NZL","BCI","AMPLITUD","LTRENDIDX","M","1974-11",96.59108,
"NZL","BCI","AMPLITUD","LTRENDIDX","M","1974-12",96.75967,
"NZL","BCI","AMPLITUD","LTRENDIDX","M","1975-01",97.12942,
"NZL","BCI","AMPLITUD","LTRENDIDX","M","1975-02",97.58582,
"NZL","BCI","AMPLITUD","LTRENDIDX","M","1975-03",97.97533,
"NZL","BCI","AMPLITUD","LTRENDIDX","M","1975-04",98.17454,
"NZL","BCI","AMPLITUD","LTRENDIDX","M","1975-05",98.22644,
"NZL","BCI","AMPLITUD","LTRENDIDX","M","1975-06",98.17285,
"NZL","BCI","AMPLITUD","LTRENDIDX","M","1975-07",98.03419,
"NZL","BCI","AMPLITUD","LTRENDIDX","M","1975-08",97.8948,
"NZL","BCI","AMPLITUD","LTRENDIDX","M","1975-09",97.85871,
"NZL","BCI","AMPLITUD","LTRENDIDX","M","1975-10",98.0063,
"NZL","BCI","AMPLITUD","LTRENDIDX","M","1975-11",98.24757,
"NZL","BCI","AMPLITUD","LTRENDIDX","M","1975-12",98.46764,
"NZL","BCI","AMPLITUD","LTRENDIDX","M","1976-01",98.57875,
"NZL","BCI","AMPLITUD","LTRENDIDX","M","1976-02",98.59321,
"NZL","BCI","AMPLITUD","LTRENDIDX","M","1976-03",98.52469,
"NZL","BCI","AMPLITUD","LTRENDIDX","M","1976-04",98.38614,
"NZL","BCI","AMPLITUD","LTRENDIDX","M","1976-05",98.27058,
"NZL","BCI","AMPLITUD","LTRENDIDX","M","1976-06",98.30513,
"NZL","BCI","AMPLITUD","LTRENDIDX","M","1976-07",98.58194,
"NZL","BCI","AMPLITUD","LTRENDIDX","M","1976-08",98.93909,
"NZL","BCI","AMPLITUD","LTRENDIDX","M","1976-09",99.15208,
"NZL","BCI","AMPLITUD","LTRENDIDX","M","1976-10",99.04495,
"NZL","BCI","AMPLITUD","LTRENDIDX","M","1976-11",98.74566,
"NZL","BCI","AMPLITUD","LTRENDIDX","M","1976-12",98.40889,
"NZL","BCI","AMPLITUD","LTRENDIDX","M","1977-01",98.13111,
"NZL","BCI","AMPLITUD","LTRENDIDX","M","1977-02",97.90308,
"NZL","BCI","AMPLITUD","LTRENDIDX","M","1977-03",97.6907,
"NZL","BCI","AMPLITUD","LTRENDIDX","M","1977-04",97.46625,
"NZL","BCI","AMPLITUD","LTRENDIDX","M","1977-05",97.22383,
"NZL","BCI","AMPLITUD","LTRENDIDX","M","1977-06",96.96838,
"NZL","BCI","AMPLITUD","LTRENDIDX","M","1977-07",96.72248,
"NZL","BCI","AMPLITUD","LTRENDIDX","M","1977-08",96.54637,
"NZL","BCI","AMPLITUD","LTRENDIDX","M","1977-09",96.55391,
"NZL","BCI","AMPLITUD","LTRENDIDX","M","1977-10",96.85882,
"NZL","BCI","AMPLITUD","LTRENDIDX","M","1977-11",97.33722,
"NZL","BCI","AMPLITUD","LTRENDIDX","M","1977-12",97.86525,
"NZL","BCI","AMPLITUD","LTRENDIDX","M","1978-01",98.38317,
"NZL","BCI","AMPLITUD","LTRENDIDX","M","1978-02",98.90986,
"NZL","BCI","AMPLITUD","LTRENDIDX","M","1978-03",99.4987,
"NZL","BCI","AMPLITUD","LTRENDIDX","M","1978-04",100.1848,
"NZL","BCI","AMPLITUD","LTRENDIDX","M","1978-05",100.8698,
"NZL","BCI","AMPLITUD","LTRENDIDX","M","1978-06",101.3908,
"NZL","BCI","AMPLITUD","LTRENDIDX","M","1978-07",101.5896,
"NZL","BCI","AMPLITUD","LTRENDIDX","M","1978-08",101.5465,
"NZL","BCI","AMPLITUD","LTRENDIDX","M","1978-09",101.311,
"NZL","BCI","AMPLITUD","LTRENDIDX","M","1978-10",100.8738,
"NZL","BCI","AMPLITUD","LTRENDIDX","M","1978-11",100.3321,
"NZL","BCI","AMPLITUD","LTRENDIDX","M","1978-12",99.76755,
"NZL","BCI","AMPLITUD","LTRENDIDX","M","1979-01",99.23008,
"NZL","BCI","AMPLITUD","LTRENDIDX","M","1979-02",98.74355,
"NZL","BCI","AMPLITUD","LTRENDIDX","M","1979-03",98.35159,
"NZL","BCI","AMPLITUD","LTRENDIDX","M","1979-04",98.11242,
"NZL","BCI","AMPLITUD","LTRENDIDX","M","1979-05",97.99906,
"NZL","BCI","AMPLITUD","LTRENDIDX","M","1979-06",98.01446,
"NZL","BCI","AMPLITUD","LTRENDIDX","M","1979-07",98.18078,
"NZL","BCI","AMPLITUD","LTRENDIDX","M","1979-08",98.39999,
"NZL","BCI","AMPLITUD","LTRENDIDX","M","1979-09",98.55736,
"NZL","BCI","AMPLITUD","LTRENDIDX","M","1979-10",98.57207,
"NZL","BCI","AMPLITUD","LTRENDIDX","M","1979-11",98.50971,
"NZL","BCI","AMPLITUD","LTRENDIDX","M","1979-12",98.45461,
"NZL","BCI","AMPLITUD","LTRENDIDX","M","1980-01",98.45919,
"NZL","BCI","AMPLITUD","LTRENDIDX","M","1980-02",98.48623,
"NZL","BCI","AMPLITUD","LTRENDIDX","M","1980-03",98.47205,
"NZL","BCI","AMPLITUD","LTRENDIDX","M","1980-04",98.3674,
"NZL","BCI","AMPLITUD","LTRENDIDX","M","1980-05",98.21947,
"NZL","BCI","AMPLITUD","LTRENDIDX","M","1980-06",98.10139,
"NZL","BCI","AMPLITUD","LTRENDIDX","M","1980-07",98.08496,
"NZL","BCI","AMPLITUD","LTRENDIDX","M","1980-08",98.18363,
"NZL","BCI","AMPLITUD","LTRENDIDX","M","1980-09",98.44673,
"NZL","BCI","AMPLITUD","LTRENDIDX","M","1980-10",98.93864,
"NZL","BCI","AMPLITUD","LTRENDIDX","M","1980-11",99.55355,
"NZL","BCI","AMPLITUD","LTRENDIDX","M","1980-12",100.1805,
"NZL","BCI","AMPLITUD","LTRENDIDX","M","1981-01",100.7452,
"NZL","BCI","AMPLITUD","LTRENDIDX","M","1981-02",101.2405,
"NZL","BCI","AMPLITUD","LTRENDIDX","M","1981-03",101.6494,
"NZL","BCI","AMPLITUD","LTRENDIDX","M","1981-04",101.9377,
"NZL","BCI","AMPLITUD","LTRENDIDX","M","1981-05",102.1332,
"NZL","BCI","AMPLITUD","LTRENDIDX","M","1981-06",102.2321,
"NZL","BCI","AMPLITUD","LTRENDIDX","M","1981-07",102.1978,
"NZL","BCI","AMPLITUD","LTRENDIDX","M","1981-08",102.0564,
"NZL","BCI","AMPLITUD","LTRENDIDX","M","1981-09",101.7985,
"NZL","BCI","AMPLITUD","LTRENDIDX","M","1981-10",101.3878,
"NZL","BCI","AMPLITUD","LTRENDIDX","M","1981-11",100.8864,
"NZL","BCI","AMPLITUD","LTRENDIDX","M","1981-12",100.3486,
"NZL","BCI","AMPLITUD","LTRENDIDX","M","1982-01",99.80547,
"NZL","BCI","AMPLITUD","LTRENDIDX","M","1982-02",99.2849,
"NZL","BCI","AMPLITUD","LTRENDIDX","M","1982-03",98.82454,
"NZL","BCI","AMPLITUD","LTRENDIDX","M","1982-04",98.4613,
"NZL","BCI","AMPLITUD","LTRENDIDX","M","1982-05",98.16091,
"NZL","BCI","AMPLITUD","LTRENDIDX","M","1982-06",97.89563,
"NZL","BCI","AMPLITUD","LTRENDIDX","M","1982-07",97.65901,
"NZL","BCI","AMPLITUD","LTRENDIDX","M","1982-08",97.44567,
"NZL","BCI","AMPLITUD","LTRENDIDX","M","1982-09",97.27328,
"NZL","BCI","AMPLITUD","LTRENDIDX","M","1982-10",97.18132,
"NZL","BCI","AMPLITUD","LTRENDIDX","M","1982-11",97.18889,
"NZL","BCI","AMPLITUD","LTRENDIDX","M","1982-12",97.3624,
"NZL","BCI","AMPLITUD","LTRENDIDX","M","1983-01",97.78381,
"NZL","BCI","AMPLITUD","LTRENDIDX","M","1983-02",98.35282,
"NZL","BCI","AMPLITUD","LTRENDIDX","M","1983-03",98.97581,
"NZL","BCI","AMPLITUD","LTRENDIDX","M","1983-04",99.60711,
"NZL","BCI","AMPLITUD","LTRENDIDX","M","1983-05",100.2363,
"NZL","BCI","AMPLITUD","LTRENDIDX","M","1983-06",100.8655,
"NZL","BCI","AMPLITUD","LTRENDIDX","M","1983-07",101.4888,
"NZL","BCI","AMPLITUD","LTRENDIDX","M","1983-08",102.0713,
"NZL","BCI","AMPLITUD","LTRENDIDX","M","1983-09",102.5385,
"NZL","BCI","AMPLITUD","LTRENDIDX","M","1983-10",102.8059,
"NZL","BCI","AMPLITUD","LTRENDIDX","M","1983-11",102.9238,
"NZL","BCI","AMPLITUD","LTRENDIDX","M","1983-12",102.908,
"NZL","BCI","AMPLITUD","LTRENDIDX","M","1984-01",102.7186,
"NZL","BCI","AMPLITUD","LTRENDIDX","M","1984-02",102.3736,
"NZL","BCI","AMPLITUD","LTRENDIDX","M","1984-03",101.8369,
"NZL","BCI","AMPLITUD","LTRENDIDX","M","1984-04",101.061,
"NZL","BCI","AMPLITUD","LTRENDIDX","M","1984-05",100.2224,
"NZL","BCI","AMPLITUD","LTRENDIDX","M","1984-06",99.55888,
"NZL","BCI","AMPLITUD","LTRENDIDX","M","1984-07",99.26877,
"NZL","BCI","AMPLITUD","LTRENDIDX","M","1984-08",99.23605,
"NZL","BCI","AMPLITUD","LTRENDIDX","M","1984-09",99.34379,
"NZL","BCI","AMPLITUD","LTRENDIDX","M","1984-10",99.53024,
"NZL","BCI","AMPLITUD","LTRENDIDX","M","1984-11",99.70459,
"NZL","BCI","AMPLITUD","LTRENDIDX","M","1984-12",99.76332,
"NZL","BCI","AMPLITUD","LTRENDIDX","M","1985-01",99.61881,
"NZL","BCI","AMPLITUD","LTRENDIDX","M","1985-02",99.34342,
"NZL","BCI","AMPLITUD","LTRENDIDX","M","1985-03",99.00438,
"NZL","BCI","AMPLITUD","LTRENDIDX","M","1985-04",98.62945,
"NZL","BCI","AMPLITUD","LTRENDIDX","M","1985-05",98.23636,
"NZL","BCI","AMPLITUD","LTRENDIDX","M","1985-06",97.8302,
"NZL","BCI","AMPLITUD","LTRENDIDX","M","1985-07",97.41913,
"NZL","BCI","AMPLITUD","LTRENDIDX","M","1985-08",97.04302,
"NZL","BCI","AMPLITUD","LTRENDIDX","M","1985-09",96.77517,
"NZL","BCI","AMPLITUD","LTRENDIDX","M","1985-10",96.68896,
"NZL","BCI","AMPLITUD","LTRENDIDX","M","1985-11",96.71635,
"NZL","BCI","AMPLITUD","LTRENDIDX","M","1985-12",96.79866,
"NZL","BCI","AMPLITUD","LTRENDIDX","M","1986-01",96.92377,
"NZL","BCI","AMPLITUD","LTRENDIDX","M","1986-02",97.10842,
"NZL","BCI","AMPLITUD","LTRENDIDX","M","1986-03",97.41095,
"NZL","BCI","AMPLITUD","LTRENDIDX","M","1986-04",97.88448,
"NZL","BCI","AMPLITUD","LTRENDIDX","M","1986-05",98.41214,
"NZL","BCI","AMPLITUD","LTRENDIDX","M","1986-06",98.83617,
"NZL","BCI","AMPLITUD","LTRENDIDX","M","1986-07",99.03276,
"NZL","BCI","AMPLITUD","LTRENDIDX","M","1986-08",99.09051,
"NZL","BCI","AMPLITUD","LTRENDIDX","M","1986-09",99.11291,
"NZL","BCI","AMPLITUD","LTRENDIDX","M","1986-10",99.15961,
"NZL","BCI","AMPLITUD","LTRENDIDX","M","1986-11",99.22299,
"NZL","BCI","AMPLITUD","LTRENDIDX","M","1986-12",99.2703,
"NZL","BCI","AMPLITUD","LTRENDIDX","M","1987-01",99.2691,
"NZL","BCI","AMPLITUD","LTRENDIDX","M","1987-02",99.22877,
"NZL","BCI","AMPLITUD","LTRENDIDX","M","1987-03",99.15733,
"NZL","BCI","AMPLITUD","LTRENDIDX","M","1987-04",99.05741,
"NZL","BCI","AMPLITUD","LTRENDIDX","M","1987-05",98.95336,
"NZL","BCI","AMPLITUD","LTRENDIDX","M","1987-06",98.86893,
"NZL","BCI","AMPLITUD","LTRENDIDX","M","1987-07",98.80923,
"NZL","BCI","AMPLITUD","LTRENDIDX","M","1987-08",98.72292,
"NZL","BCI","AMPLITUD","LTRENDIDX","M","1987-09",98.52876,
"NZL","BCI","AMPLITUD","LTRENDIDX","M","1987-10",98.16867,
"NZL","BCI","AMPLITUD","LTRENDIDX","M","1987-11",97.76868,
"NZL","BCI","AMPLITUD","LTRENDIDX","M","1987-12",97.50905,
"NZL","BCI","AMPLITUD","LTRENDIDX","M","1988-01",97.53421,
"NZL","BCI","AMPLITUD","LTRENDIDX","M","1988-02",97.72243,
"NZL","BCI","AMPLITUD","LTRENDIDX","M","1988-03",97.93147,
"NZL","BCI","AMPLITUD","LTRENDIDX","M","1988-04",98.08104,
"NZL","BCI","AMPLITUD","LTRENDIDX","M","1988-05",98.21468,
"NZL","BCI","AMPLITUD","LTRENDIDX","M","1988-06",98.42485,
"NZL","BCI","AMPLITUD","LTRENDIDX","M","1988-07",98.79419,
"NZL","BCI","AMPLITUD","LTRENDIDX","M","1988-08",99.26001,
"NZL","BCI","AMPLITUD","LTRENDIDX","M","1988-09",99.74324,
"NZL","BCI","AMPLITUD","LTRENDIDX","M","1988-10",100.1808,
"NZL","BCI","AMPLITUD","LTRENDIDX","M","1988-11",100.5405,
"NZL","BCI","AMPLITUD","LTRENDIDX","M","1988-12",100.7652,
"NZL","BCI","AMPLITUD","LTRENDIDX","M","1989-01",100.795,
"NZL","BCI","AMPLITUD","LTRENDIDX","M","1989-02",100.7239,
"NZL","BCI","AMPLITUD","LTRENDIDX","M","1989-03",100.6613,
"NZL","BCI","AMPLITUD","LTRENDIDX","M","1989-04",100.6943,
"NZL","BCI","AMPLITUD","LTRENDIDX","M","1989-05",100.8421,
"NZL","BCI","AMPLITUD","LTRENDIDX","M","1989-06",101.1407,
"NZL","BCI","AMPLITUD","LTRENDIDX","M","1989-07",101.6145,
"NZL","BCI","AMPLITUD","LTRENDIDX","M","1989-08",102.0957,
"NZL","BCI","AMPLITUD","LTRENDIDX","M","1989-09",102.3449,
"NZL","BCI","AMPLITUD","LTRENDIDX","M","1989-10",102.1627,
"NZL","BCI","AMPLITUD","LTRENDIDX","M","1989-11",101.7348,
"NZL","BCI","AMPLITUD","LTRENDIDX","M","1989-12",101.2787,
"NZL","BCI","AMPLITUD","LTRENDIDX","M","1990-01",100.9365,
"NZL","BCI","AMPLITUD","LTRENDIDX","M","1990-02",100.696,
"NZL","BCI","AMPLITUD","LTRENDIDX","M","1990-03",100.5221,
"NZL","BCI","AMPLITUD","LTRENDIDX","M","1990-04",100.386,
"NZL","BCI","AMPLITUD","LTRENDIDX","M","1990-05",100.2282,
"NZL","BCI","AMPLITUD","LTRENDIDX","M","1990-06",99.97173,
"NZL","BCI","AMPLITUD","LTRENDIDX","M","1990-07",99.55577,
"NZL","BCI","AMPLITUD","LTRENDIDX","M","1990-08",99.06901,
"NZL","BCI","AMPLITUD","LTRENDIDX","M","1990-09",98.62524,
"NZL","BCI","AMPLITUD","LTRENDIDX","M","1990-10",98.31002,
"NZL","BCI","AMPLITUD","LTRENDIDX","M","1990-11",98.08419,
"NZL","BCI","AMPLITUD","LTRENDIDX","M","1990-12",97.91129,
"NZL","BCI","AMPLITUD","LTRENDIDX","M","1991-01",97.79558,
"NZL","BCI","AMPLITUD","LTRENDIDX","M","1991-02",97.76707,
"NZL","BCI","AMPLITUD","LTRENDIDX","M","1991-03",97.91071,
"NZL","BCI","AMPLITUD","LTRENDIDX","M","1991-04",98.30818,
"NZL","BCI","AMPLITUD","LTRENDIDX","M","1991-05",98.8078,
"NZL","BCI","AMPLITUD","LTRENDIDX","M","1991-06",99.21881,
"NZL","BCI","AMPLITUD","LTRENDIDX","M","1991-07",99.40361,
"NZL","BCI","AMPLITUD","LTRENDIDX","M","1991-08",99.4586,
"NZL","BCI","AMPLITUD","LTRENDIDX","M","1991-09",99.52187,
"NZL","BCI","AMPLITUD","LTRENDIDX","M","1991-10",99.71064,
"NZL","BCI","AMPLITUD","LTRENDIDX","M","1991-11",100.0505,
"NZL","BCI","AMPLITUD","LTRENDIDX","M","1991-12",100.593,
"NZL","BCI","AMPLITUD","LTRENDIDX","M","1992-01",101.3819,
"NZL","BCI","AMPLITUD","LTRENDIDX","M","1992-02",102.2171,
"NZL","BCI","AMPLITUD","LTRENDIDX","M","1992-03",102.8266,
"NZL","BCI","AMPLITUD","LTRENDIDX","M","1992-04",102.9931,
"NZL","BCI","AMPLITUD","LTRENDIDX","M","1992-05",102.9046,
"NZL","BCI","AMPLITUD","LTRENDIDX","M","1992-06",102.7867,
"NZL","BCI","AMPLITUD","LTRENDIDX","M","1992-07",102.7883,
"NZL","BCI","AMPLITUD","LTRENDIDX","M","1992-08",102.8981,
"NZL","BCI","AMPLITUD","LTRENDIDX","M","1992-09",103.0838,
"NZL","BCI","AMPLITUD","LTRENDIDX","M","1992-10",103.324,
"NZL","BCI","AMPLITUD","LTRENDIDX","M","1992-11",103.5637,
"NZL","BCI","AMPLITUD","LTRENDIDX","M","1992-12",103.7349,
"NZL","BCI","AMPLITUD","LTRENDIDX","M","1993-01",103.7774,
"NZL","BCI","AMPLITUD","LTRENDIDX","M","1993-02",103.7273,
"NZL","BCI","AMPLITUD","LTRENDIDX","M","1993-03",103.6145,
"NZL","BCI","AMPLITUD","LTRENDIDX","M","1993-04",103.4506,
"NZL","BCI","AMPLITUD","LTRENDIDX","M","1993-05",103.2814,
"NZL","BCI","AMPLITUD","LTRENDIDX","M","1993-06",103.1618,
"NZL","BCI","AMPLITUD","LTRENDIDX","M","1993-07",103.1374,
"NZL","BCI","AMPLITUD","LTRENDIDX","M","1993-08",103.1756,
"NZL","BCI","AMPLITUD","LTRENDIDX","M","1993-09",103.246,
"NZL","BCI","AMPLITUD","LTRENDIDX","M","1993-10",103.338,
"NZL","BCI","AMPLITUD","LTRENDIDX","M","1993-11",103.4464,
"NZL","BCI","AMPLITUD","LTRENDIDX","M","1993-12",103.5753,
"NZL","BCI","AMPLITUD","LTRENDIDX","M","1994-01",103.7255,
"NZL","BCI","AMPLITUD","LTRENDIDX","M","1994-02",103.8625,
"NZL","BCI","AMPLITUD","LTRENDIDX","M","1994-03",103.9276,
"NZL","BCI","AMPLITUD","LTRENDIDX","M","1994-04",103.8645,
"NZL","BCI","AMPLITUD","LTRENDIDX","M","1994-05",103.7161,
"NZL","BCI","AMPLITUD","LTRENDIDX","M","1994-06",103.5171,
"NZL","BCI","AMPLITUD","LTRENDIDX","M","1994-07",103.2714,
"NZL","BCI","AMPLITUD","LTRENDIDX","M","1994-08",102.9809,
"NZL","BCI","AMPLITUD","LTRENDIDX","M","1994-09",102.62,
"NZL","BCI","AMPLITUD","LTRENDIDX","M","1994-10",102.1545,
"NZL","BCI","AMPLITUD","LTRENDIDX","M","1994-11",101.6321,
"NZL","BCI","AMPLITUD","LTRENDIDX","M","1994-12",101.109,
"NZL","BCI","AMPLITUD","LTRENDIDX","M","1995-01",100.6337,
"NZL","BCI","AMPLITUD","LTRENDIDX","M","1995-02",100.2314,
"NZL","BCI","AMPLITUD","LTRENDIDX","M","1995-03",99.95639,
"NZL","BCI","AMPLITUD","LTRENDIDX","M","1995-04",99.87109,
"NZL","BCI","AMPLITUD","LTRENDIDX","M","1995-05",99.89762,
"NZL","BCI","AMPLITUD","LTRENDIDX","M","1995-06",99.96232,
"NZL","BCI","AMPLITUD","LTRENDIDX","M","1995-07",100.028,
"NZL","BCI","AMPLITUD","LTRENDIDX","M","1995-08",100.0882,
"NZL","BCI","AMPLITUD","LTRENDIDX","M","1995-09",100.1478,
"NZL","BCI","AMPLITUD","LTRENDIDX","M","1995-10",100.2086,
"NZL","BCI","AMPLITUD","LTRENDIDX","M","1995-11",100.2561,
"NZL","BCI","AMPLITUD","LTRENDIDX","M","1995-12",100.2586,
"NZL","BCI","AMPLITUD","LTRENDIDX","M","1996-01",100.1798,
"NZL","BCI","AMPLITUD","LTRENDIDX","M","1996-02",100.0367,
"NZL","BCI","AMPLITUD","LTRENDIDX","M","1996-03",99.83977,
"NZL","BCI","AMPLITUD","LTRENDIDX","M","1996-04",99.59733,
"NZL","BCI","AMPLITUD","LTRENDIDX","M","1996-05",99.37419,
"NZL","BCI","AMPLITUD","LTRENDIDX","M","1996-06",99.26589,
"NZL","BCI","AMPLITUD","LTRENDIDX","M","1996-07",99.35373,
"NZL","BCI","AMPLITUD","LTRENDIDX","M","1996-08",99.54498,
"NZL","BCI","AMPLITUD","LTRENDIDX","M","1996-09",99.72712,
"NZL","BCI","AMPLITUD","LTRENDIDX","M","1996-10",99.81866,
"NZL","BCI","AMPLITUD","LTRENDIDX","M","1996-11",99.8291,
"NZL","BCI","AMPLITUD","LTRENDIDX","M","1996-12",99.76925,
"NZL","BCI","AMPLITUD","LTRENDIDX","M","1997-01",99.64263,
"NZL","BCI","AMPLITUD","LTRENDIDX","M","1997-02",99.50726,
"NZL","BCI","AMPLITUD","LTRENDIDX","M","1997-03",99.44007,
"NZL","BCI","AMPLITUD","LTRENDIDX","M","1997-04",99.51022,
"NZL","BCI","AMPLITUD","LTRENDIDX","M","1997-05",99.68404,
"NZL","BCI","AMPLITUD","LTRENDIDX","M","1997-06",99.92689,
"NZL","BCI","AMPLITUD","LTRENDIDX","M","1997-07",100.2011,
"NZL","BCI","AMPLITUD","LTRENDIDX","M","1997-08",100.395,
"NZL","BCI","AMPLITUD","LTRENDIDX","M","1997-09",100.3304,
"NZL","BCI","AMPLITUD","LTRENDIDX","M","1997-10",99.85014,
"NZL","BCI","AMPLITUD","LTRENDIDX","M","1997-11",99.16451,
"NZL","BCI","AMPLITUD","LTRENDIDX","M","1997-12",98.52988,
"NZL","BCI","AMPLITUD","LTRENDIDX","M","1998-01",98.13316,
"NZL","BCI","AMPLITUD","LTRENDIDX","M","1998-02",97.92516,
"NZL","BCI","AMPLITUD","LTRENDIDX","M","1998-03",97.85583,
"NZL","BCI","AMPLITUD","LTRENDIDX","M","1998-04",97.92093,
"NZL","BCI","AMPLITUD","LTRENDIDX","M","1998-05",98.06996,
"NZL","BCI","AMPLITUD","LTRENDIDX","M","1998-06",98.28655,
"NZL","BCI","AMPLITUD","LTRENDIDX","M","1998-07",98.58485,
"NZL","BCI","AMPLITUD","LTRENDIDX","M","1998-08",98.93846,
"NZL","BCI","AMPLITUD","LTRENDIDX","M","1998-09",99.33746,
"NZL","BCI","AMPLITUD","LTRENDIDX","M","1998-10",99.79015,
"NZL","BCI","AMPLITUD","LTRENDIDX","M","1998-11",100.2794,
"NZL","BCI","AMPLITUD","LTRENDIDX","M","1998-12",100.7945,
"NZL","BCI","AMPLITUD","LTRENDIDX","M","1999-01",101.3264,
"NZL","BCI","AMPLITUD","LTRENDIDX","M","1999-02",101.8373,
"NZL","BCI","AMPLITUD","LTRENDIDX","M","1999-03",102.2617,
"NZL","BCI","AMPLITUD","LTRENDIDX","M","1999-04",102.5282,
"NZL","BCI","AMPLITUD","LTRENDIDX","M","1999-05",102.6688,
"NZL","BCI","AMPLITUD","LTRENDIDX","M","1999-06",102.6866,
"NZL","BCI","AMPLITUD","LTRENDIDX","M","1999-07",102.55,
"NZL","BCI","AMPLITUD","LTRENDIDX","M","1999-08",102.3104,
"NZL","BCI","AMPLITUD","LTRENDIDX","M","1999-09",101.9961,
"NZL","BCI","AMPLITUD","LTRENDIDX","M","1999-10",101.611,
"NZL","BCI","AMPLITUD","LTRENDIDX","M","1999-11",101.2068,
"NZL","BCI","AMPLITUD","LTRENDIDX","M","1999-12",100.8372,
"NZL","BCI","AMPLITUD","LTRENDIDX","M","2000-01",100.5311,
"NZL","BCI","AMPLITUD","LTRENDIDX","M","2000-02",100.2311,
"NZL","BCI","AMPLITUD","LTRENDIDX","M","2000-03",99.85305,
"NZL","BCI","AMPLITUD","LTRENDIDX","M","2000-04",99.33865,
"NZL","BCI","AMPLITUD","LTRENDIDX","M","2000-05",98.78678,
"NZL","BCI","AMPLITUD","LTRENDIDX","M","2000-06",98.35471,
"NZL","BCI","AMPLITUD","LTRENDIDX","M","2000-07",98.19676,
"NZL","BCI","AMPLITUD","LTRENDIDX","M","2000-08",98.28333,
"NZL","BCI","AMPLITUD","LTRENDIDX","M","2000-09",98.62423,
"NZL","BCI","AMPLITUD","LTRENDIDX","M","2000-10",99.24777,
"NZL","BCI","AMPLITUD","LTRENDIDX","M","2000-11",99.92534,
"NZL","BCI","AMPLITUD","LTRENDIDX","M","2000-12",100.3652,
"NZL","BCI","AMPLITUD","LTRENDIDX","M","2001-01",100.3526,
"NZL","BCI","AMPLITUD","LTRENDIDX","M","2001-02",100.1269,
"NZL","BCI","AMPLITUD","LTRENDIDX","M","2001-03",99.99086,
"NZL","BCI","AMPLITUD","LTRENDIDX","M","2001-04",100.1333,
"NZL","BCI","AMPLITUD","LTRENDIDX","M","2001-05",100.3611,
"NZL","BCI","AMPLITUD","LTRENDIDX","M","2001-06",100.3696,
"NZL","BCI","AMPLITUD","LTRENDIDX","M","2001-07",99.92693,
"NZL","BCI","AMPLITUD","LTRENDIDX","M","2001-08",99.27822,
"NZL","BCI","AMPLITUD","LTRENDIDX","M","2001-09",98.77172,
"NZL","BCI","AMPLITUD","LTRENDIDX","M","2001-10",98.69097,
"NZL","BCI","AMPLITUD","LTRENDIDX","M","2001-11",98.94488,
"NZL","BCI","AMPLITUD","LTRENDIDX","M","2001-12",99.44444,
"NZL","BCI","AMPLITUD","LTRENDIDX","M","2002-01",100.1449,
"NZL","BCI","AMPLITUD","LTRENDIDX","M","2002-02",100.842,
"NZL","BCI","AMPLITUD","LTRENDIDX","M","2002-03",101.2754,
"NZL","BCI","AMPLITUD","LTRENDIDX","M","2002-04",101.2349,
"NZL","BCI","AMPLITUD","LTRENDIDX","M","2002-05",100.9305,
"NZL","BCI","AMPLITUD","LTRENDIDX","M","2002-06",100.6036,
"NZL","BCI","AMPLITUD","LTRENDIDX","M","2002-07",100.4011,
"NZL","BCI","AMPLITUD","LTRENDIDX","M","2002-08",100.2734,
"NZL","BCI","AMPLITUD","LTRENDIDX","M","2002-09",100.1194,
"NZL","BCI","AMPLITUD","LTRENDIDX","M","2002-10",99.85754,
"NZL","BCI","AMPLITUD","LTRENDIDX","M","2002-11",99.52268,
"NZL","BCI","AMPLITUD","LTRENDIDX","M","2002-12",99.17065,
"NZL","BCI","AMPLITUD","LTRENDIDX","M","2003-01",98.85532,
"NZL","BCI","AMPLITUD","LTRENDIDX","M","2003-02",98.6231,
"NZL","BCI","AMPLITUD","LTRENDIDX","M","2003-03",98.55965,
"NZL","BCI","AMPLITUD","LTRENDIDX","M","2003-04",98.75333,
"NZL","BCI","AMPLITUD","LTRENDIDX","M","2003-05",99.0901,
"NZL","BCI","AMPLITUD","LTRENDIDX","M","2003-06",99.44545,
"NZL","BCI","AMPLITUD","LTRENDIDX","M","2003-07",99.73329,
"NZL","BCI","AMPLITUD","LTRENDIDX","M","2003-08",99.93636,
"NZL","BCI","AMPLITUD","LTRENDIDX","M","2003-09",100.0241,
"NZL","BCI","AMPLITUD","LTRENDIDX","M","2003-10",99.95517,
"NZL","BCI","AMPLITUD","LTRENDIDX","M","2003-11",99.79596,
"NZL","BCI","AMPLITUD","LTRENDIDX","M","2003-12",99.60966,
"NZL","BCI","AMPLITUD","LTRENDIDX","M","2004-01",99.43629,
"NZL","BCI","AMPLITUD","LTRENDIDX","M","2004-02",99.2997,
"NZL","BCI","AMPLITUD","LTRENDIDX","M","2004-03",99.23254,
"NZL","BCI","AMPLITUD","LTRENDIDX","M","2004-04",99.26469,
"NZL","BCI","AMPLITUD","LTRENDIDX","M","2004-05",99.34201,
"NZL","BCI","AMPLITUD","LTRENDIDX","M","2004-06",99.40007,
"NZL","BCI","AMPLITUD","LTRENDIDX","M","2004-07",99.39257,
"NZL","BCI","AMPLITUD","LTRENDIDX","M","2004-08",99.33907,
"NZL","BCI","AMPLITUD","LTRENDIDX","M","2004-09",99.26321,
"NZL","BCI","AMPLITUD","LTRENDIDX","M","2004-10",99.17694,
"NZL","BCI","AMPLITUD","LTRENDIDX","M","2004-11",99.0871,
"NZL","BCI","AMPLITUD","LTRENDIDX","M","2004-12",98.99617,
"NZL","BCI","AMPLITUD","LTRENDIDX","M","2005-01",98.90649,
"NZL","BCI","AMPLITUD","LTRENDIDX","M","2005-02",98.82565,
"NZL","BCI","AMPLITUD","LTRENDIDX","M","2005-03",98.76711,
"NZL","BCI","AMPLITUD","LTRENDIDX","M","2005-04",98.74184,
"NZL","BCI","AMPLITUD","LTRENDIDX","M","2005-05",98.72775,
"NZL","BCI","AMPLITUD","LTRENDIDX","M","2005-06",98.68736,
"NZL","BCI","AMPLITUD","LTRENDIDX","M","2005-07",98.57411,
"NZL","BCI","AMPLITUD","LTRENDIDX","M","2005-08",98.36517,
"NZL","BCI","AMPLITUD","LTRENDIDX","M","2005-09",98.01079,
"NZL","BCI","AMPLITUD","LTRENDIDX","M","2005-10",97.47949,
"NZL","BCI","AMPLITUD","LTRENDIDX","M","2005-11",96.94859,
"NZL","BCI","AMPLITUD","LTRENDIDX","M","2005-12",96.67685,
"NZL","BCI","AMPLITUD","LTRENDIDX","M","2006-01",96.87671,
"NZL","BCI","AMPLITUD","LTRENDIDX","M","2006-02",97.32739,
"NZL","BCI","AMPLITUD","LTRENDIDX","M","2006-03",97.76051,
"NZL","BCI","AMPLITUD","LTRENDIDX","M","2006-04",97.9948,
"NZL","BCI","AMPLITUD","LTRENDIDX","M","2006-05",98.08846,
"NZL","BCI","AMPLITUD","LTRENDIDX","M","2006-06",98.13706,
"NZL","BCI","AMPLITUD","LTRENDIDX","M","2006-07",98.21212,
"NZL","BCI","AMPLITUD","LTRENDIDX","M","2006-08",98.34464,
"NZL","BCI","AMPLITUD","LTRENDIDX","M","2006-09",98.57143,
"NZL","BCI","AMPLITUD","LTRENDIDX","M","2006-10",98.92387,
"NZL","BCI","AMPLITUD","LTRENDIDX","M","2006-11",99.32246,
"NZL","BCI","AMPLITUD","LTRENDIDX","M","2006-12",99.65949,
"NZL","BCI","AMPLITUD","LTRENDIDX","M","2007-01",99.83554,
"NZL","BCI","AMPLITUD","LTRENDIDX","M","2007-02",99.85754,
"NZL","BCI","AMPLITUD","LTRENDIDX","M","2007-03",99.70095,
"NZL","BCI","AMPLITUD","LTRENDIDX","M","2007-04",99.32591,
"NZL","BCI","AMPLITUD","LTRENDIDX","M","2007-05",98.87206,
"NZL","BCI","AMPLITUD","LTRENDIDX","M","2007-06",98.50803,
"NZL","BCI","AMPLITUD","LTRENDIDX","M","2007-07",98.35974,
"NZL","BCI","AMPLITUD","LTRENDIDX","M","2007-08",98.34894,
"NZL","BCI","AMPLITUD","LTRENDIDX","M","2007-09",98.37796,
"NZL","BCI","AMPLITUD","LTRENDIDX","M","2007-10",98.37708,
"NZL","BCI","AMPLITUD","LTRENDIDX","M","2007-11",98.31197,
"NZL","BCI","AMPLITUD","LTRENDIDX","M","2007-12",98.13736,
"NZL","BCI","AMPLITUD","LTRENDIDX","M","2008-01",97.81506,
"NZL","BCI","AMPLITUD","LTRENDIDX","M","2008-02",97.44131,
"NZL","BCI","AMPLITUD","LTRENDIDX","M","2008-03",97.14717,
"NZL","BCI","AMPLITUD","LTRENDIDX","M","2008-04",97.05014,
"NZL","BCI","AMPLITUD","LTRENDIDX","M","2008-05",97.1264,
"NZL","BCI","AMPLITUD","LTRENDIDX","M","2008-06",97.36884,
"NZL","BCI","AMPLITUD","LTRENDIDX","M","2008-07",97.77184,
"NZL","BCI","AMPLITUD","LTRENDIDX","M","2008-08",98.14988,
"NZL","BCI","AMPLITUD","LTRENDIDX","M","2008-09",98.24374,
"NZL","BCI","AMPLITUD","LTRENDIDX","M","2008-10",97.85175,
"NZL","BCI","AMPLITUD","LTRENDIDX","M","2008-11",97.24519,
"NZL","BCI","AMPLITUD","LTRENDIDX","M","2008-12",96.78396,
"NZL","BCI","AMPLITUD","LTRENDIDX","M","2009-01",96.74705,
"NZL","BCI","AMPLITUD","LTRENDIDX","M","2009-02",97.01744,
"NZL","BCI","AMPLITUD","LTRENDIDX","M","2009-03",97.47347,
"NZL","BCI","AMPLITUD","LTRENDIDX","M","2009-04",98.07288,
"NZL","BCI","AMPLITUD","LTRENDIDX","M","2009-05",98.7511,
"NZL","BCI","AMPLITUD","LTRENDIDX","M","2009-06",99.47874,
"NZL","BCI","AMPLITUD","LTRENDIDX","M","2009-07",100.2401,
"NZL","BCI","AMPLITUD","LTRENDIDX","M","2009-08",100.9621,
"NZL","BCI","AMPLITUD","LTRENDIDX","M","2009-09",101.5277,
"NZL","BCI","AMPLITUD","LTRENDIDX","M","2009-10",101.8273,
"NZL","BCI","AMPLITUD","LTRENDIDX","M","2009-11",101.9678,
"NZL","BCI","AMPLITUD","LTRENDIDX","M","2009-12",102.0564,
"NZL","BCI","AMPLITUD","LTRENDIDX","M","2010-01",102.1441,
"NZL","BCI","AMPLITUD","LTRENDIDX","M","2010-02",102.2207,
"NZL","BCI","AMPLITUD","LTRENDIDX","M","2010-03",102.2341,
"NZL","BCI","AMPLITUD","LTRENDIDX","M","2010-04",102.1206,
"NZL","BCI","AMPLITUD","LTRENDIDX","M","2010-05",101.899,
"NZL","BCI","AMPLITUD","LTRENDIDX","M","2010-06",101.5732,
"NZL","BCI","AMPLITUD","LTRENDIDX","M","2010-07",101.1438,
"NZL","BCI","AMPLITUD","LTRENDIDX","M","2010-08",100.7231,
"NZL","BCI","AMPLITUD","LTRENDIDX","M","2010-09",100.4658,
"NZL","BCI","AMPLITUD","LTRENDIDX","M","2010-10",100.4909,
"NZL","BCI","AMPLITUD","LTRENDIDX","M","2010-11",100.6396,
"NZL","BCI","AMPLITUD","LTRENDIDX","M","2010-12",100.7124,
"NZL","BCI","AMPLITUD","LTRENDIDX","M","2011-01",100.5824,
"NZL","BCI","AMPLITUD","LTRENDIDX","M","2011-02",100.3841,
"NZL","BCI","AMPLITUD","LTRENDIDX","M","2011-03",100.3248,
"NZL","BCI","AMPLITUD","LTRENDIDX","M","2011-04",100.5635,
"NZL","BCI","AMPLITUD","LTRENDIDX","M","2011-05",100.9516,
"NZL","BCI","AMPLITUD","LTRENDIDX","M","2011-06",101.2815,
"NZL","BCI","AMPLITUD","LTRENDIDX","M","2011-07",101.3869,
"NZL","BCI","AMPLITUD","LTRENDIDX","M","2011-08",101.3004,
"NZL","BCI","AMPLITUD","LTRENDIDX","M","2011-09",101.0525,
"NZL","BCI","AMPLITUD","LTRENDIDX","M","2011-10",100.6617,
"NZL","BCI","AMPLITUD","LTRENDIDX","M","2011-11",100.2865,
"NZL","BCI","AMPLITUD","LTRENDIDX","M","2011-12",100.1382,
"NZL","BCI","AMPLITUD","LTRENDIDX","M","2012-01",100.3787,
"NZL","BCI","AMPLITUD","LTRENDIDX","M","2012-02",100.7909,
"NZL","BCI","AMPLITUD","LTRENDIDX","M","2012-03",101.0941,
"NZL","BCI","AMPLITUD","LTRENDIDX","M","2012-04",101.0885,
"NZL","BCI","AMPLITUD","LTRENDIDX","M","2012-05",100.908,
"NZL","BCI","AMPLITUD","LTRENDIDX","M","2012-06",100.7394,
"NZL","BCI","AMPLITUD","LTRENDIDX","M","2012-07",100.717,
"NZL","BCI","AMPLITUD","LTRENDIDX","M","2012-08",100.8049,
"NZL","BCI","AMPLITUD","LTRENDIDX","M","2012-09",100.9484,
"NZL","BCI","AMPLITUD","LTRENDIDX","M","2012-10",101.1164,
"NZL","BCI","AMPLITUD","LTRENDIDX","M","2012-11",101.2869,
"NZL","BCI","AMPLITUD","LTRENDIDX","M","2012-12",101.4483,
"NZL","BCI","AMPLITUD","LTRENDIDX","M","2013-01",101.5981,
"NZL","BCI","AMPLITUD","LTRENDIDX","M","2013-02",101.7501,
"NZL","BCI","AMPLITUD","LTRENDIDX","M","2013-03",101.9227,
"NZL","BCI","AMPLITUD","LTRENDIDX","M","2013-04",102.1244,
"NZL","BCI","AMPLITUD","LTRENDIDX","M","2013-05",102.3185,
"NZL","BCI","AMPLITUD","LTRENDIDX","M","2013-06",102.4488,
"NZL","BCI","AMPLITUD","LTRENDIDX","M","2013-07",102.4721,
"NZL","BCI","AMPLITUD","LTRENDIDX","M","2013-08",102.455,
"NZL","BCI","AMPLITUD","LTRENDIDX","M","2013-09",102.4849,
"NZL","BCI","AMPLITUD","LTRENDIDX","M","2013-10",102.6214,
"NZL","BCI","AMPLITUD","LTRENDIDX","M","2013-11",102.8014,
"NZL","BCI","AMPLITUD","LTRENDIDX","M","2013-12",102.9273,
"NZL","BCI","AMPLITUD","LTRENDIDX","M","2014-01",102.9124,
"NZL","BCI","AMPLITUD","LTRENDIDX","M","2014-02",102.7806,
"NZL","BCI","AMPLITUD","LTRENDIDX","M","2014-03",102.5466,
"NZL","BCI","AMPLITUD","LTRENDIDX","M","2014-04",102.214,
"NZL","BCI","AMPLITUD","LTRENDIDX","M","2014-05",101.8754,
"NZL","BCI","AMPLITUD","LTRENDIDX","M","2014-06",101.6511,
"NZL","BCI","AMPLITUD","LTRENDIDX","M","2014-07",101.6339,
"NZL","BCI","AMPLITUD","LTRENDIDX","M","2014-08",101.7196,
"NZL","BCI","AMPLITUD","LTRENDIDX","M","2014-09",101.7794,
"NZL","BCI","AMPLITUD","LTRENDIDX","M","2014-10",101.7288,
"NZL","BCI","AMPLITUD","LTRENDIDX","M","2014-11",101.6223,
"NZL","BCI","AMPLITUD","LTRENDIDX","M","2014-12",101.5415,
"NZL","BCI","AMPLITUD","LTRENDIDX","M","2015-01",101.5376,
"NZL","BCI","AMPLITUD","LTRENDIDX","M","2015-02",101.5495,
"NZL","BCI","AMPLITUD","LTRENDIDX","M","2015-03",101.4722,
"NZL","BCI","AMPLITUD","LTRENDIDX","M","2015-04",101.2103,
"NZL","BCI","AMPLITUD","LTRENDIDX","M","2015-05",100.82,
"NZL","BCI","AMPLITUD","LTRENDIDX","M","2015-06",100.365,
"NZL","BCI","AMPLITUD","LTRENDIDX","M","2015-07",99.90189,
"NZL","BCI","AMPLITUD","LTRENDIDX","M","2015-08",99.52879,
"NZL","BCI","AMPLITUD","LTRENDIDX","M","2015-09",99.39836,
"NZL","BCI","AMPLITUD","LTRENDIDX","M","2015-10",99.64072,
"NZL","BCI","AMPLITUD","LTRENDIDX","M","2015-11",100.0435,
"NZL","BCI","AMPLITUD","LTRENDIDX","M","2015-12",100.3451,
"NZL","BCI","AMPLITUD","LTRENDIDX","M","2016-01",100.3679,
"NZL","BCI","AMPLITUD","LTRENDIDX","M","2016-02",100.2516,
"NZL","BCI","AMPLITUD","LTRENDIDX","M","2016-03",100.1989,
"NZL","BCI","AMPLITUD","LTRENDIDX","M","2016-04",100.3587,
"NZL","BCI","AMPLITUD","LTRENDIDX","M","2016-05",100.6471,
"NZL","BCI","AMPLITUD","LTRENDIDX","M","2016-06",100.9456,
"NZL","BCI","AMPLITUD","LTRENDIDX","M","2016-07",101.1715,
"NZL","BCI","AMPLITUD","LTRENDIDX","M","2016-08",101.338,
"NZL","BCI","AMPLITUD","LTRENDIDX","M","2016-09",101.4672,
"NZL","BCI","AMPLITUD","LTRENDIDX","M","2016-10",101.5623,
"NZL","BCI","AMPLITUD","LTRENDIDX","M","2016-11",101.6173,
"NZL","BCI","AMPLITUD","LTRENDIDX","M","2016-12",101.601,
"NZL","BCI","AMPLITUD","LTRENDIDX","M","2017-01",101.4802,
"NZL","BCI","AMPLITUD","LTRENDIDX","M","2017-02",101.3147,
"NZL","BCI","AMPLITUD","LTRENDIDX","M","2017-03",101.1789,
"NZL","BCI","AMPLITUD","LTRENDIDX","M","2017-04",101.1269,
"NZL","BCI","AMPLITUD","LTRENDIDX","M","2017-05",101.1297,
"NZL","BCI","AMPLITUD","LTRENDIDX","M","2017-06",101.1518,
"TUR","BCI","AMPLITUD","LTRENDIDX","M","1991-01",99.43999,
"TUR","BCI","AMPLITUD","LTRENDIDX","M","1991-02",100.0801,
"TUR","BCI","AMPLITUD","LTRENDIDX","M","1991-03",99.72263,
"TUR","BCI","AMPLITUD","LTRENDIDX","M","1991-04",99.39054,
"TUR","BCI","AMPLITUD","LTRENDIDX","M","1991-05",99.32931,
"TUR","BCI","AMPLITUD","LTRENDIDX","M","1991-06",99.76363,
"TUR","BCI","AMPLITUD","LTRENDIDX","M","1991-07",100.3162,
"TUR","BCI","AMPLITUD","LTRENDIDX","M","1991-08",100.5651,
"TUR","BCI","AMPLITUD","LTRENDIDX","M","1991-09",100.0765,
"TUR","BCI","AMPLITUD","LTRENDIDX","M","1991-10",99.14717,
"TUR","BCI","AMPLITUD","LTRENDIDX","M","1991-11",97.97378,
"TUR","BCI","AMPLITUD","LTRENDIDX","M","1991-12",97.01092,
"TUR","BCI","AMPLITUD","LTRENDIDX","M","1992-01",96.64673,
"TUR","BCI","AMPLITUD","LTRENDIDX","M","1992-02",97.36882,
"TUR","BCI","AMPLITUD","LTRENDIDX","M","1992-03",99.44579,
"TUR","BCI","AMPLITUD","LTRENDIDX","M","1992-04",101.8369,
"TUR","BCI","AMPLITUD","LTRENDIDX","M","1992-05",103.5499,
"TUR","BCI","AMPLITUD","LTRENDIDX","M","1992-06",103.9245,
"TUR","BCI","AMPLITUD","LTRENDIDX","M","1992-07",103.5695,
"TUR","BCI","AMPLITUD","LTRENDIDX","M","1992-08",103.0201,
"TUR","BCI","AMPLITUD","LTRENDIDX","M","1992-09",102.4635,
"TUR","BCI","AMPLITUD","LTRENDIDX","M","1992-10",101.4461,
"TUR","BCI","AMPLITUD","LTRENDIDX","M","1992-11",99.9461,
"TUR","BCI","AMPLITUD","LTRENDIDX","M","1992-12",98.27858,
"TUR","BCI","AMPLITUD","LTRENDIDX","M","1993-01",97.16158,
"TUR","BCI","AMPLITUD","LTRENDIDX","M","1993-02",97.27711,
"TUR","BCI","AMPLITUD","LTRENDIDX","M","1993-03",99.04965,
"TUR","BCI","AMPLITUD","LTRENDIDX","M","1993-04",101.3035,
"TUR","BCI","AMPLITUD","LTRENDIDX","M","1993-05",102.7689,
"TUR","BCI","AMPLITUD","LTRENDIDX","M","1993-06",102.7126,
"TUR","BCI","AMPLITUD","LTRENDIDX","M","1993-07",101.8323,
"TUR","BCI","AMPLITUD","LTRENDIDX","M","1993-08",101.3889,
"TUR","BCI","AMPLITUD","LTRENDIDX","M","1993-09",102.2993,
"TUR","BCI","AMPLITUD","LTRENDIDX","M","1993-10",103.5198,
"TUR","BCI","AMPLITUD","LTRENDIDX","M","1993-11",103.4539,
"TUR","BCI","AMPLITUD","LTRENDIDX","M","1993-12",100.9857,
"TUR","BCI","AMPLITUD","LTRENDIDX","M","1994-01",97.5104,
"TUR","BCI","AMPLITUD","LTRENDIDX","M","1994-02",94.99271,
"TUR","BCI","AMPLITUD","LTRENDIDX","M","1994-03",94.77297,
"TUR","BCI","AMPLITUD","LTRENDIDX","M","1994-04",95.5981,
"TUR","BCI","AMPLITUD","LTRENDIDX","M","1994-05",97.10418,
"TUR","BCI","AMPLITUD","LTRENDIDX","M","1994-06",99.56194,
"TUR","BCI","AMPLITUD","LTRENDIDX","M","1994-07",102.7146,
"TUR","BCI","AMPLITUD","LTRENDIDX","M","1994-08",105.3547,
"TUR","BCI","AMPLITUD","LTRENDIDX","M","1994-09",106.5096,
"TUR","BCI","AMPLITUD","LTRENDIDX","M","1994-10",106.3215,
"TUR","BCI","AMPLITUD","LTRENDIDX","M","1994-11",105.5947,
"TUR","BCI","AMPLITUD","LTRENDIDX","M","1994-12",104.8888,
"TUR","BCI","AMPLITUD","LTRENDIDX","M","1995-01",104.3517,
"TUR","BCI","AMPLITUD","LTRENDIDX","M","1995-02",104.1309,
"TUR","BCI","AMPLITUD","LTRENDIDX","M","1995-03",104.2285,
"TUR","BCI","AMPLITUD","LTRENDIDX","M","1995-04",103.9751,
"TUR","BCI","AMPLITUD","LTRENDIDX","M","1995-05",103.3554,
"TUR","BCI","AMPLITUD","LTRENDIDX","M","1995-06",102.8665,
"TUR","BCI","AMPLITUD","LTRENDIDX","M","1995-07",103.0098,
"TUR","BCI","AMPLITUD","LTRENDIDX","M","1995-08",103.5623,
"TUR","BCI","AMPLITUD","LTRENDIDX","M","1995-09",104.2035,
"TUR","BCI","AMPLITUD","LTRENDIDX","M","1995-10",104.1771,
"TUR","BCI","AMPLITUD","LTRENDIDX","M","1995-11",103.7823,
"TUR","BCI","AMPLITUD","LTRENDIDX","M","1995-12",103.4363,
"TUR","BCI","AMPLITUD","LTRENDIDX","M","1996-01",103.3638,
"TUR","BCI","AMPLITUD","LTRENDIDX","M","1996-02",103.0951,
"TUR","BCI","AMPLITUD","LTRENDIDX","M","1996-03",102.1124,
"TUR","BCI","AMPLITUD","LTRENDIDX","M","1996-04",100.7069,
"TUR","BCI","AMPLITUD","LTRENDIDX","M","1996-05",100.0327,
"TUR","BCI","AMPLITUD","LTRENDIDX","M","1996-06",101.0655,
"TUR","BCI","AMPLITUD","LTRENDIDX","M","1996-07",102.7918,
"TUR","BCI","AMPLITUD","LTRENDIDX","M","1996-08",103.8708,
"TUR","BCI","AMPLITUD","LTRENDIDX","M","1996-09",103.4811,
"TUR","BCI","AMPLITUD","LTRENDIDX","M","1996-10",102.1146,
"TUR","BCI","AMPLITUD","LTRENDIDX","M","1996-11",100.8601,
"TUR","BCI","AMPLITUD","LTRENDIDX","M","1996-12",100.6753,
"TUR","BCI","AMPLITUD","LTRENDIDX","M","1997-01",101.6527,
"TUR","BCI","AMPLITUD","LTRENDIDX","M","1997-02",103.2118,
"TUR","BCI","AMPLITUD","LTRENDIDX","M","1997-03",104.7624,
"TUR","BCI","AMPLITUD","LTRENDIDX","M","1997-04",105.7167,
"TUR","BCI","AMPLITUD","LTRENDIDX","M","1997-05",106.1132,
"TUR","BCI","AMPLITUD","LTRENDIDX","M","1997-06",106.1976,
"TUR","BCI","AMPLITUD","LTRENDIDX","M","1997-07",106.0358,
"TUR","BCI","AMPLITUD","LTRENDIDX","M","1997-08",105.338,
"TUR","BCI","AMPLITUD","LTRENDIDX","M","1997-09",103.7206,
"TUR","BCI","AMPLITUD","LTRENDIDX","M","1997-10",101.2011,
"TUR","BCI","AMPLITUD","LTRENDIDX","M","1997-11",98.69841,
"TUR","BCI","AMPLITUD","LTRENDIDX","M","1997-12",97.15832,
"TUR","BCI","AMPLITUD","LTRENDIDX","M","1998-01",97.04966,
"TUR","BCI","AMPLITUD","LTRENDIDX","M","1998-02",97.82738,
"TUR","BCI","AMPLITUD","LTRENDIDX","M","1998-03",98.91665,
"TUR","BCI","AMPLITUD","LTRENDIDX","M","1998-04",99.40986,
"TUR","BCI","AMPLITUD","LTRENDIDX","M","1998-05",99.45004,
"TUR","BCI","AMPLITUD","LTRENDIDX","M","1998-06",99.58746,
"TUR","BCI","AMPLITUD","LTRENDIDX","M","1998-07",100.4445,
"TUR","BCI","AMPLITUD","LTRENDIDX","M","1998-08",101.823,
"TUR","BCI","AMPLITUD","LTRENDIDX","M","1998-09",103.5077,
"TUR","BCI","AMPLITUD","LTRENDIDX","M","1998-10",105.5588,
"TUR","BCI","AMPLITUD","LTRENDIDX","M","1998-11",107.7392,
"TUR","BCI","AMPLITUD","LTRENDIDX","M","1998-12",109.4025,
"TUR","BCI","AMPLITUD","LTRENDIDX","M","1999-01",109.2494,
"TUR","BCI","AMPLITUD","LTRENDIDX","M","1999-02",107.6051,
"TUR","BCI","AMPLITUD","LTRENDIDX","M","1999-03",105.2702,
"TUR","BCI","AMPLITUD","LTRENDIDX","M","1999-04",103.4173,
"TUR","BCI","AMPLITUD","LTRENDIDX","M","1999-05",102.4605,
"TUR","BCI","AMPLITUD","LTRENDIDX","M","1999-06",102.5001,
"TUR","BCI","AMPLITUD","LTRENDIDX","M","1999-07",102.7489,
"TUR","BCI","AMPLITUD","LTRENDIDX","M","1999-08",102.7084,
"TUR","BCI","AMPLITUD","LTRENDIDX","M","1999-09",102.2539,
"TUR","BCI","AMPLITUD","LTRENDIDX","M","1999-10",101.815,
"TUR","BCI","AMPLITUD","LTRENDIDX","M","1999-11",101.5589,
"TUR","BCI","AMPLITUD","LTRENDIDX","M","1999-12",101.5354,
"TUR","BCI","AMPLITUD","LTRENDIDX","M","2000-01",101.5478,
"TUR","BCI","AMPLITUD","LTRENDIDX","M","2000-02",101.5166,
"TUR","BCI","AMPLITUD","LTRENDIDX","M","2000-03",101.5547,
"TUR","BCI","AMPLITUD","LTRENDIDX","M","2000-04",101.3473,
"TUR","BCI","AMPLITUD","LTRENDIDX","M","2000-05",101.3306,
"TUR","BCI","AMPLITUD","LTRENDIDX","M","2000-06",101.5594,
"TUR","BCI","AMPLITUD","LTRENDIDX","M","2000-07",101.4652,
"TUR","BCI","AMPLITUD","LTRENDIDX","M","2000-08",100.7129,
"TUR","BCI","AMPLITUD","LTRENDIDX","M","2000-09",99.00798,
"TUR","BCI","AMPLITUD","LTRENDIDX","M","2000-10",97.04266,
"TUR","BCI","AMPLITUD","LTRENDIDX","M","2000-11",95.58957,
"TUR","BCI","AMPLITUD","LTRENDIDX","M","2000-12",95.22552,
"TUR","BCI","AMPLITUD","LTRENDIDX","M","2001-01",95.33989,
"TUR","BCI","AMPLITUD","LTRENDIDX","M","2001-02",94.85944,
"TUR","BCI","AMPLITUD","LTRENDIDX","M","2001-03",96.93252,
"TUR","BCI","AMPLITUD","LTRENDIDX","M","2001-04",101.8631,
"TUR","BCI","AMPLITUD","LTRENDIDX","M","2001-05",105.3272,
"TUR","BCI","AMPLITUD","LTRENDIDX","M","2001-06",105.9253,
"TUR","BCI","AMPLITUD","LTRENDIDX","M","2001-07",104.8461,
"TUR","BCI","AMPLITUD","LTRENDIDX","M","2001-08",102.0907,
"TUR","BCI","AMPLITUD","LTRENDIDX","M","2001-09",99.23614,
"TUR","BCI","AMPLITUD","LTRENDIDX","M","2001-10",99.19688,
"TUR","BCI","AMPLITUD","LTRENDIDX","M","2001-11",100.4589,
"TUR","BCI","AMPLITUD","LTRENDIDX","M","2001-12",99.99644,
"TUR","BCI","AMPLITUD","LTRENDIDX","M","2002-01",98.39616,
"TUR","BCI","AMPLITUD","LTRENDIDX","M","2002-02",98.81762,
"TUR","BCI","AMPLITUD","LTRENDIDX","M","2002-03",100.3854,
"TUR","BCI","AMPLITUD","LTRENDIDX","M","2002-04",100.9097,
"TUR","BCI","AMPLITUD","LTRENDIDX","M","2002-05",99.87712,
"TUR","BCI","AMPLITUD","LTRENDIDX","M","2002-06",99.36661,
"TUR","BCI","AMPLITUD","LTRENDIDX","M","2002-07",99.12833,
"TUR","BCI","AMPLITUD","LTRENDIDX","M","2002-08",100.2675,
"TUR","BCI","AMPLITUD","LTRENDIDX","M","2002-09",102.6964,
"TUR","BCI","AMPLITUD","LTRENDIDX","M","2002-10",104.418,
"TUR","BCI","AMPLITUD","LTRENDIDX","M","2002-11",104.103,
"TUR","BCI","AMPLITUD","LTRENDIDX","M","2002-12",100.9668,
"TUR","BCI","AMPLITUD","LTRENDIDX","M","2003-01",96.44502,
"TUR","BCI","AMPLITUD","LTRENDIDX","M","2003-02",94.77348,
"TUR","BCI","AMPLITUD","LTRENDIDX","M","2003-03",96.07649,
"TUR","BCI","AMPLITUD","LTRENDIDX","M","2003-04",99.33513,
"TUR","BCI","AMPLITUD","LTRENDIDX","M","2003-05",101.0248,
"TUR","BCI","AMPLITUD","LTRENDIDX","M","2003-06",100.3994,
"TUR","BCI","AMPLITUD","LTRENDIDX","M","2003-07",99.46445,
"TUR","BCI","AMPLITUD","LTRENDIDX","M","2003-08",99.64494,
"TUR","BCI","AMPLITUD","LTRENDIDX","M","2003-09",100.3336,
"TUR","BCI","AMPLITUD","LTRENDIDX","M","2003-10",100.3351,
"TUR","BCI","AMPLITUD","LTRENDIDX","M","2003-11",100.5619,
"TUR","BCI","AMPLITUD","LTRENDIDX","M","2003-12",100.4515,
"TUR","BCI","AMPLITUD","LTRENDIDX","M","2004-01",99.61393,
"TUR","BCI","AMPLITUD","LTRENDIDX","M","2004-02",100.5066,
"TUR","BCI","AMPLITUD","LTRENDIDX","M","2004-03",100.758,
"TUR","BCI","AMPLITUD","LTRENDIDX","M","2004-04",100.9531,
"TUR","BCI","AMPLITUD","LTRENDIDX","M","2004-05",99.73215,
"TUR","BCI","AMPLITUD","LTRENDIDX","M","2004-06",97.0368,
"TUR","BCI","AMPLITUD","LTRENDIDX","M","2004-07",96.3092,
"TUR","BCI","AMPLITUD","LTRENDIDX","M","2004-08",98.62617,
"TUR","BCI","AMPLITUD","LTRENDIDX","M","2004-09",101.6388,
"TUR","BCI","AMPLITUD","LTRENDIDX","M","2004-10",101.715,
"TUR","BCI","AMPLITUD","LTRENDIDX","M","2004-11",100.0998,
"TUR","BCI","AMPLITUD","LTRENDIDX","M","2004-12",99.20985,
"TUR","BCI","AMPLITUD","LTRENDIDX","M","2005-01",99.01831,
"TUR","BCI","AMPLITUD","LTRENDIDX","M","2005-02",98.51555,
"TUR","BCI","AMPLITUD","LTRENDIDX","M","2005-03",98.3446,
"TUR","BCI","AMPLITUD","LTRENDIDX","M","2005-04",98.14599,
"TUR","BCI","AMPLITUD","LTRENDIDX","M","2005-05",98.69708,
"TUR","BCI","AMPLITUD","LTRENDIDX","M","2005-06",99.08637,
"TUR","BCI","AMPLITUD","LTRENDIDX","M","2005-07",99.5821,
"TUR","BCI","AMPLITUD","LTRENDIDX","M","2005-08",100.8316,
"TUR","BCI","AMPLITUD","LTRENDIDX","M","2005-09",101.0283,
"TUR","BCI","AMPLITUD","LTRENDIDX","M","2005-10",99.53046,
"TUR","BCI","AMPLITUD","LTRENDIDX","M","2005-11",99.33795,
"TUR","BCI","AMPLITUD","LTRENDIDX","M","2005-12",100.1282,
"TUR","BCI","AMPLITUD","LTRENDIDX","M","2006-01",100.2342,
"TUR","BCI","AMPLITUD","LTRENDIDX","M","2006-02",100.4665,
"TUR","BCI","AMPLITUD","LTRENDIDX","M","2006-03",100.3519,
"TUR","BCI","AMPLITUD","LTRENDIDX","M","2006-04",100.1453,
"TUR","BCI","AMPLITUD","LTRENDIDX","M","2006-05",99.93797,
"TUR","BCI","AMPLITUD","LTRENDIDX","M","2006-06",99.42765,
"TUR","BCI","AMPLITUD","LTRENDIDX","M","2006-07",99.50522,
"TUR","BCI","AMPLITUD","LTRENDIDX","M","2006-08",99.53265,
"TUR","BCI","AMPLITUD","LTRENDIDX","M","2006-09",98.92961,
"TUR","BCI","AMPLITUD","LTRENDIDX","M","2006-10",98.63874,
"TUR","BCI","AMPLITUD","LTRENDIDX","M","2006-11",99.58905,
"TUR","BCI","AMPLITUD","LTRENDIDX","M","2006-12",100.7015,
"TUR","BCI","AMPLITUD","LTRENDIDX","M","2007-01",101.3367,
"TUR","BCI","AMPLITUD","LTRENDIDX","M","2007-02",101.2268,
"TUR","BCI","AMPLITUD","LTRENDIDX","M","2007-03",101.3201,
"TUR","BCI","AMPLITUD","LTRENDIDX","M","2007-04",100.7635,
"TUR","BCI","AMPLITUD","LTRENDIDX","M","2007-05",100.5855,
"TUR","BCI","AMPLITUD","LTRENDIDX","M","2007-06",101.0088,
"TUR","BCI","AMPLITUD","LTRENDIDX","M","2007-07",101.1063,
"TUR","BCI","AMPLITUD","LTRENDIDX","M","2007-08",101.0769,
"TUR","BCI","AMPLITUD","LTRENDIDX","M","2007-09",101.1279,
"TUR","BCI","AMPLITUD","LTRENDIDX","M","2007-10",100.9417,
"TUR","BCI","AMPLITUD","LTRENDIDX","M","2007-11",101.1227,
"TUR","BCI","AMPLITUD","LTRENDIDX","M","2007-12",100.844,
"TUR","BCI","AMPLITUD","LTRENDIDX","M","2008-01",100.0746,
"TUR","BCI","AMPLITUD","LTRENDIDX","M","2008-02",99.80528,
"TUR","BCI","AMPLITUD","LTRENDIDX","M","2008-03",99.65016,
"TUR","BCI","AMPLITUD","LTRENDIDX","M","2008-04",98.68962,
"TUR","BCI","AMPLITUD","LTRENDIDX","M","2008-05",98.01818,
"TUR","BCI","AMPLITUD","LTRENDIDX","M","2008-06",97.661,
"TUR","BCI","AMPLITUD","LTRENDIDX","M","2008-07",96.76338,
"TUR","BCI","AMPLITUD","LTRENDIDX","M","2008-08",94.82435,
"TUR","BCI","AMPLITUD","LTRENDIDX","M","2008-09",91.43005,
"TUR","BCI","AMPLITUD","LTRENDIDX","M","2008-10",87.20311,
"TUR","BCI","AMPLITUD","LTRENDIDX","M","2008-11",84.15601,
"TUR","BCI","AMPLITUD","LTRENDIDX","M","2008-12",83.17458,
"TUR","BCI","AMPLITUD","LTRENDIDX","M","2009-01",83.42541,
"TUR","BCI","AMPLITUD","LTRENDIDX","M","2009-02",84.70163,
"TUR","BCI","AMPLITUD","LTRENDIDX","M","2009-03",87.32149,
"TUR","BCI","AMPLITUD","LTRENDIDX","M","2009-04",91.32815,
"TUR","BCI","AMPLITUD","LTRENDIDX","M","2009-05",94.63622,
"TUR","BCI","AMPLITUD","LTRENDIDX","M","2009-06",96.00154,
"TUR","BCI","AMPLITUD","LTRENDIDX","M","2009-07",96.368,
"TUR","BCI","AMPLITUD","LTRENDIDX","M","2009-08",95.92847,
"TUR","BCI","AMPLITUD","LTRENDIDX","M","2009-09",95.31658,
"TUR","BCI","AMPLITUD","LTRENDIDX","M","2009-10",95.21214,
"TUR","BCI","AMPLITUD","LTRENDIDX","M","2009-11",95.67313,
"TUR","BCI","AMPLITUD","LTRENDIDX","M","2009-12",96.64165,
"TUR","BCI","AMPLITUD","LTRENDIDX","M","2010-01",97.38077,
"TUR","BCI","AMPLITUD","LTRENDIDX","M","2010-02",97.71706,
"TUR","BCI","AMPLITUD","LTRENDIDX","M","2010-03",98.44886,
"TUR","BCI","AMPLITUD","LTRENDIDX","M","2010-04",99.11096,
"TUR","BCI","AMPLITUD","LTRENDIDX","M","2010-05",99.04281,
"TUR","BCI","AMPLITUD","LTRENDIDX","M","2010-06",98.95071,
"TUR","BCI","AMPLITUD","LTRENDIDX","M","2010-07",99.22987,
"TUR","BCI","AMPLITUD","LTRENDIDX","M","2010-08",99.63033,
"TUR","BCI","AMPLITUD","LTRENDIDX","M","2010-09",100.0418,
"TUR","BCI","AMPLITUD","LTRENDIDX","M","2010-10",100.3276,
"TUR","BCI","AMPLITUD","LTRENDIDX","M","2010-11",100.8872,
"TUR","BCI","AMPLITUD","LTRENDIDX","M","2010-12",101.2783,
"TUR","BCI","AMPLITUD","LTRENDIDX","M","2011-01",101.0236,
"TUR","BCI","AMPLITUD","LTRENDIDX","M","2011-02",100.4396,
"TUR","BCI","AMPLITUD","LTRENDIDX","M","2011-03",100.0457,
"TUR","BCI","AMPLITUD","LTRENDIDX","M","2011-04",100.0593,
"TUR","BCI","AMPLITUD","LTRENDIDX","M","2011-05",100.3541,
"TUR","BCI","AMPLITUD","LTRENDIDX","M","2011-06",100.5339,
"TUR","BCI","AMPLITUD","LTRENDIDX","M","2011-07",100.5372,
"TUR","BCI","AMPLITUD","LTRENDIDX","M","2011-08",100.4875,
"TUR","BCI","AMPLITUD","LTRENDIDX","M","2011-09",100.462,
"TUR","BCI","AMPLITUD","LTRENDIDX","M","2011-10",99.95384,
"TUR","BCI","AMPLITUD","LTRENDIDX","M","2011-11",99.55235,
"TUR","BCI","AMPLITUD","LTRENDIDX","M","2011-12",99.22752,
"TUR","BCI","AMPLITUD","LTRENDIDX","M","2012-01",99.09432,
"TUR","BCI","AMPLITUD","LTRENDIDX","M","2012-02",99.37009,
"TUR","BCI","AMPLITUD","LTRENDIDX","M","2012-03",99.52476,
"TUR","BCI","AMPLITUD","LTRENDIDX","M","2012-04",99.36598,
"TUR","BCI","AMPLITUD","LTRENDIDX","M","2012-05",98.96091,
"TUR","BCI","AMPLITUD","LTRENDIDX","M","2012-06",98.42815,
"TUR","BCI","AMPLITUD","LTRENDIDX","M","2012-07",98.53408,
"TUR","BCI","AMPLITUD","LTRENDIDX","M","2012-08",98.42056,
"TUR","BCI","AMPLITUD","LTRENDIDX","M","2012-09",98.26282,
"TUR","BCI","AMPLITUD","LTRENDIDX","M","2012-10",98.42257,
"TUR","BCI","AMPLITUD","LTRENDIDX","M","2012-11",98.60927,
"TUR","BCI","AMPLITUD","LTRENDIDX","M","2012-12",98.24992,
"TUR","BCI","AMPLITUD","LTRENDIDX","M","2013-01",97.87561,
"TUR","BCI","AMPLITUD","LTRENDIDX","M","2013-02",98.32248,
"TUR","BCI","AMPLITUD","LTRENDIDX","M","2013-03",99.25607,
"TUR","BCI","AMPLITUD","LTRENDIDX","M","2013-04",99.75911,
"TUR","BCI","AMPLITUD","LTRENDIDX","M","2013-05",100.1264,
"TUR","BCI","AMPLITUD","LTRENDIDX","M","2013-06",100.4837,
"TUR","BCI","AMPLITUD","LTRENDIDX","M","2013-07",100.4345,
"TUR","BCI","AMPLITUD","LTRENDIDX","M","2013-08",100.2636,
"TUR","BCI","AMPLITUD","LTRENDIDX","M","2013-09",100.0624,
"TUR","BCI","AMPLITUD","LTRENDIDX","M","2013-10",99.68206,
"TUR","BCI","AMPLITUD","LTRENDIDX","M","2013-11",99.08503,
"TUR","BCI","AMPLITUD","LTRENDIDX","M","2013-12",98.3462,
"TUR","BCI","AMPLITUD","LTRENDIDX","M","2014-01",97.71869,
"TUR","BCI","AMPLITUD","LTRENDIDX","M","2014-02",97.79888,
"TUR","BCI","AMPLITUD","LTRENDIDX","M","2014-03",98.73589,
"TUR","BCI","AMPLITUD","LTRENDIDX","M","2014-04",99.72831,
"TUR","BCI","AMPLITUD","LTRENDIDX","M","2014-05",100.3585,
"TUR","BCI","AMPLITUD","LTRENDIDX","M","2014-06",100.3915,
"TUR","BCI","AMPLITUD","LTRENDIDX","M","2014-07",100.0978,
"TUR","BCI","AMPLITUD","LTRENDIDX","M","2014-08",99.93805,
"TUR","BCI","AMPLITUD","LTRENDIDX","M","2014-09",100.0496,
"TUR","BCI","AMPLITUD","LTRENDIDX","M","2014-10",100.3827,
"TUR","BCI","AMPLITUD","LTRENDIDX","M","2014-11",100.1368,
"TUR","BCI","AMPLITUD","LTRENDIDX","M","2014-12",99.81046,
"TUR","BCI","AMPLITUD","LTRENDIDX","M","2015-01",99.44352,
"TUR","BCI","AMPLITUD","LTRENDIDX","M","2015-02",99.04369,
"TUR","BCI","AMPLITUD","LTRENDIDX","M","2015-03",98.85315,
"TUR","BCI","AMPLITUD","LTRENDIDX","M","2015-04",99.2513,
"TUR","BCI","AMPLITUD","LTRENDIDX","M","2015-05",99.28419,
"TUR","BCI","AMPLITUD","LTRENDIDX","M","2015-06",98.90477,
"TUR","BCI","AMPLITUD","LTRENDIDX","M","2015-07",98.56938,
"TUR","BCI","AMPLITUD","LTRENDIDX","M","2015-08",98.34782,
"TUR","BCI","AMPLITUD","LTRENDIDX","M","2015-09",98.24803,
"TUR","BCI","AMPLITUD","LTRENDIDX","M","2015-10",99.0043,
"TUR","BCI","AMPLITUD","LTRENDIDX","M","2015-11",99.99889,
"TUR","BCI","AMPLITUD","LTRENDIDX","M","2015-12",100.4489,
"TUR","BCI","AMPLITUD","LTRENDIDX","M","2016-01",100.3109,
"TUR","BCI","AMPLITUD","LTRENDIDX","M","2016-02",99.82858,
"TUR","BCI","AMPLITUD","LTRENDIDX","M","2016-03",99.35486,
"TUR","BCI","AMPLITUD","LTRENDIDX","M","2016-04",98.97782,
"TUR","BCI","AMPLITUD","LTRENDIDX","M","2016-05",98.85551,
"TUR","BCI","AMPLITUD","LTRENDIDX","M","2016-06",99.21869,
"TUR","BCI","AMPLITUD","LTRENDIDX","M","2016-07",99.68349,
"TUR","BCI","AMPLITUD","LTRENDIDX","M","2016-08",99.76784,
"TUR","BCI","AMPLITUD","LTRENDIDX","M","2016-09",100.1769,
"TUR","BCI","AMPLITUD","LTRENDIDX","M","2016-10",100.4224,
"TUR","BCI","AMPLITUD","LTRENDIDX","M","2016-11",100.4221,
"TUR","BCI","AMPLITUD","LTRENDIDX","M","2016-12",99.81123,
"TUR","BCI","AMPLITUD","LTRENDIDX","M","2017-01",99.27236,
"TUR","BCI","AMPLITUD","LTRENDIDX","M","2017-02",99.43985,
"TUR","BCI","AMPLITUD","LTRENDIDX","M","2017-03",99.31923,
"TUR","BCI","AMPLITUD","LTRENDIDX","M","2017-04",99.10585,
"TUR","BCI","AMPLITUD","LTRENDIDX","M","2017-05",99.23473,
"TUR","BCI","AMPLITUD","LTRENDIDX","M","2017-06",100.2214,
"TUR","BCI","AMPLITUD","LTRENDIDX","M","2017-07",101.3989,
"SVK","BCI","AMPLITUD","LTRENDIDX","M","1993-08",98.7368,
"SVK","BCI","AMPLITUD","LTRENDIDX","M","1993-09",99.38766,
"SVK","BCI","AMPLITUD","LTRENDIDX","M","1993-10",100.6193,
"SVK","BCI","AMPLITUD","LTRENDIDX","M","1993-11",102.3403,
"SVK","BCI","AMPLITUD","LTRENDIDX","M","1993-12",102.5299,
"SVK","BCI","AMPLITUD","LTRENDIDX","M","1994-01",101.791,
"SVK","BCI","AMPLITUD","LTRENDIDX","M","1994-02",101.0524,
"SVK","BCI","AMPLITUD","LTRENDIDX","M","1994-03",100.0991,
"SVK","BCI","AMPLITUD","LTRENDIDX","M","1994-04",99.34048,
"SVK","BCI","AMPLITUD","LTRENDIDX","M","1994-05",99.65887,
"SVK","BCI","AMPLITUD","LTRENDIDX","M","1994-06",100.1572,
"SVK","BCI","AMPLITUD","LTRENDIDX","M","1994-07",99.62237,
"SVK","BCI","AMPLITUD","LTRENDIDX","M","1994-08",99.58976,
"SVK","BCI","AMPLITUD","LTRENDIDX","M","1994-09",100.1358,
"SVK","BCI","AMPLITUD","LTRENDIDX","M","1994-10",100.563,
"SVK","BCI","AMPLITUD","LTRENDIDX","M","1994-11",101.2625,
"SVK","BCI","AMPLITUD","LTRENDIDX","M","1994-12",102.0577,
"SVK","BCI","AMPLITUD","LTRENDIDX","M","1995-01",101.8309,
"SVK","BCI","AMPLITUD","LTRENDIDX","M","1995-02",101.0654,
"SVK","BCI","AMPLITUD","LTRENDIDX","M","1995-03",99.88911,
"SVK","BCI","AMPLITUD","LTRENDIDX","M","1995-04",99.4929,
"SVK","BCI","AMPLITUD","LTRENDIDX","M","1995-05",98.63905,
"SVK","BCI","AMPLITUD","LTRENDIDX","M","1995-06",99.22688,
"SVK","BCI","AMPLITUD","LTRENDIDX","M","1995-07",100.3212,
"SVK","BCI","AMPLITUD","LTRENDIDX","M","1995-08",101.0775,
"SVK","BCI","AMPLITUD","LTRENDIDX","M","1995-09",101.2286,
"SVK","BCI","AMPLITUD","LTRENDIDX","M","1995-10",100.1276,
"SVK","BCI","AMPLITUD","LTRENDIDX","M","1995-11",98.02705,
"SVK","BCI","AMPLITUD","LTRENDIDX","M","1995-12",96.47715,
"SVK","BCI","AMPLITUD","LTRENDIDX","M","1996-01",97.18961,
"SVK","BCI","AMPLITUD","LTRENDIDX","M","1996-02",99.02028,
"SVK","BCI","AMPLITUD","LTRENDIDX","M","1996-03",101.8238,
"SVK","BCI","AMPLITUD","LTRENDIDX","M","1996-04",103.1926,
"SVK","BCI","AMPLITUD","LTRENDIDX","M","1996-05",102.9555,
"SVK","BCI","AMPLITUD","LTRENDIDX","M","1996-06",101.0061,
"SVK","BCI","AMPLITUD","LTRENDIDX","M","1996-07",99.99892,
"SVK","BCI","AMPLITUD","LTRENDIDX","M","1996-08",99.34404,
"SVK","BCI","AMPLITUD","LTRENDIDX","M","1996-09",98.59843,
"SVK","BCI","AMPLITUD","LTRENDIDX","M","1996-10",98.2963,
"SVK","BCI","AMPLITUD","LTRENDIDX","M","1996-11",97.95958,
"SVK","BCI","AMPLITUD","LTRENDIDX","M","1996-12",98.73378,
"SVK","BCI","AMPLITUD","LTRENDIDX","M","1997-01",99.00704,
"SVK","BCI","AMPLITUD","LTRENDIDX","M","1997-02",98.45395,
"SVK","BCI","AMPLITUD","LTRENDIDX","M","1997-03",97.61171,
"SVK","BCI","AMPLITUD","LTRENDIDX","M","1997-04",97.37928,
"SVK","BCI","AMPLITUD","LTRENDIDX","M","1997-05",98.70535,
"SVK","BCI","AMPLITUD","LTRENDIDX","M","1997-06",100.1106,
"SVK","BCI","AMPLITUD","LTRENDIDX","M","1997-07",101.0292,
"SVK","BCI","AMPLITUD","LTRENDIDX","M","1997-08",100.9302,
"SVK","BCI","AMPLITUD","LTRENDIDX","M","1997-09",100.206,
"SVK","BCI","AMPLITUD","LTRENDIDX","M","1997-10",100.1459,
"SVK","BCI","AMPLITUD","LTRENDIDX","M","1997-11",100.3978,
"SVK","BCI","AMPLITUD","LTRENDIDX","M","1997-12",100.6343,
"SVK","BCI","AMPLITUD","LTRENDIDX","M","1998-01",100.5523,
"SVK","BCI","AMPLITUD","LTRENDIDX","M","1998-02",100.4389,
"SVK","BCI","AMPLITUD","LTRENDIDX","M","1998-03",99.9989,
"SVK","BCI","AMPLITUD","LTRENDIDX","M","1998-04",100.024,
"SVK","BCI","AMPLITUD","LTRENDIDX","M","1998-05",100.3486,
"SVK","BCI","AMPLITUD","LTRENDIDX","M","1998-06",101.0543,
"SVK","BCI","AMPLITUD","LTRENDIDX","M","1998-07",101.3923,
"SVK","BCI","AMPLITUD","LTRENDIDX","M","1998-08",101.7126,
"SVK","BCI","AMPLITUD","LTRENDIDX","M","1998-09",101.746,
"SVK","BCI","AMPLITUD","LTRENDIDX","M","1998-10",101.5133,
"SVK","BCI","AMPLITUD","LTRENDIDX","M","1998-11",101.1666,
"SVK","BCI","AMPLITUD","LTRENDIDX","M","1998-12",100.494,
"SVK","BCI","AMPLITUD","LTRENDIDX","M","1999-01",99.24124,
"SVK","BCI","AMPLITUD","LTRENDIDX","M","1999-02",97.40828,
"SVK","BCI","AMPLITUD","LTRENDIDX","M","1999-03",95.52293,
"SVK","BCI","AMPLITUD","LTRENDIDX","M","1999-04",94.84296,
"SVK","BCI","AMPLITUD","LTRENDIDX","M","1999-05",95.32681,
"SVK","BCI","AMPLITUD","LTRENDIDX","M","1999-06",96.91586,
"SVK","BCI","AMPLITUD","LTRENDIDX","M","1999-07",98.4231,
"SVK","BCI","AMPLITUD","LTRENDIDX","M","1999-08",99.15621,
"SVK","BCI","AMPLITUD","LTRENDIDX","M","1999-09",99.54319,
"SVK","BCI","AMPLITUD","LTRENDIDX","M","1999-10",100.4996,
"SVK","BCI","AMPLITUD","LTRENDIDX","M","1999-11",101.8373,
"SVK","BCI","AMPLITUD","LTRENDIDX","M","1999-12",102.1356,
"SVK","BCI","AMPLITUD","LTRENDIDX","M","2000-01",101.2938,
"SVK","BCI","AMPLITUD","LTRENDIDX","M","2000-02",100.2824,
"SVK","BCI","AMPLITUD","LTRENDIDX","M","2000-03",99.95285,
"SVK","BCI","AMPLITUD","LTRENDIDX","M","2000-04",100.1163,
"SVK","BCI","AMPLITUD","LTRENDIDX","M","2000-05",100.5762,
"SVK","BCI","AMPLITUD","LTRENDIDX","M","2000-06",101.416,
"SVK","BCI","AMPLITUD","LTRENDIDX","M","2000-07",101.9376,
"SVK","BCI","AMPLITUD","LTRENDIDX","M","2000-08",102.3807,
"SVK","BCI","AMPLITUD","LTRENDIDX","M","2000-09",102.7742,
"SVK","BCI","AMPLITUD","LTRENDIDX","M","2000-10",102.9444,
"SVK","BCI","AMPLITUD","LTRENDIDX","M","2000-11",103.0502,
"SVK","BCI","AMPLITUD","LTRENDIDX","M","2000-12",103.4126,
"SVK","BCI","AMPLITUD","LTRENDIDX","M","2001-01",103.2801,
"SVK","BCI","AMPLITUD","LTRENDIDX","M","2001-02",102.4987,
"SVK","BCI","AMPLITUD","LTRENDIDX","M","2001-03",101.2678,
"SVK","BCI","AMPLITUD","LTRENDIDX","M","2001-04",100.8717,
"SVK","BCI","AMPLITUD","LTRENDIDX","M","2001-05",101.4978,
"SVK","BCI","AMPLITUD","LTRENDIDX","M","2001-06",101.8291,
"SVK","BCI","AMPLITUD","LTRENDIDX","M","2001-07",101.5308,
"SVK","BCI","AMPLITUD","LTRENDIDX","M","2001-08",100.8176,
"SVK","BCI","AMPLITUD","LTRENDIDX","M","2001-09",100.0498,
"SVK","BCI","AMPLITUD","LTRENDIDX","M","2001-10",99.36743,
"SVK","BCI","AMPLITUD","LTRENDIDX","M","2001-11",98.95644,
"SVK","BCI","AMPLITUD","LTRENDIDX","M","2001-12",99.47975,
"SVK","BCI","AMPLITUD","LTRENDIDX","M","2002-01",100.1547,
"SVK","BCI","AMPLITUD","LTRENDIDX","M","2002-02",100.4632,
"SVK","BCI","AMPLITUD","LTRENDIDX","M","2002-03",100.8565,
"SVK","BCI","AMPLITUD","LTRENDIDX","M","2002-04",100.4649,
"SVK","BCI","AMPLITUD","LTRENDIDX","M","2002-05",100.242,
"SVK","BCI","AMPLITUD","LTRENDIDX","M","2002-06",99.94415,
"SVK","BCI","AMPLITUD","LTRENDIDX","M","2002-07",100.0344,
"SVK","BCI","AMPLITUD","LTRENDIDX","M","2002-08",100.4997,
"SVK","BCI","AMPLITUD","LTRENDIDX","M","2002-09",101.0871,
"SVK","BCI","AMPLITUD","LTRENDIDX","M","2002-10",101.3651,
"SVK","BCI","AMPLITUD","LTRENDIDX","M","2002-11",101.2657,
"SVK","BCI","AMPLITUD","LTRENDIDX","M","2002-12",100.7061,
"SVK","BCI","AMPLITUD","LTRENDIDX","M","2003-01",99.98875,
"SVK","BCI","AMPLITUD","LTRENDIDX","M","2003-02",100.0102,
"SVK","BCI","AMPLITUD","LTRENDIDX","M","2003-03",100.6447,
"SVK","BCI","AMPLITUD","LTRENDIDX","M","2003-04",101.4749,
"SVK","BCI","AMPLITUD","LTRENDIDX","M","2003-05",101.5598,
"SVK","BCI","AMPLITUD","LTRENDIDX","M","2003-06",101.3139,
"SVK","BCI","AMPLITUD","LTRENDIDX","M","2003-07",100.6916,
"SVK","BCI","AMPLITUD","LTRENDIDX","M","2003-08",100.5613,
"SVK","BCI","AMPLITUD","LTRENDIDX","M","2003-09",101.02,
"SVK","BCI","AMPLITUD","LTRENDIDX","M","2003-10",101.6737,
"SVK","BCI","AMPLITUD","LTRENDIDX","M","2003-11",101.6807,
"SVK","BCI","AMPLITUD","LTRENDIDX","M","2003-12",101.0302,
"SVK","BCI","AMPLITUD","LTRENDIDX","M","2004-01",101.2126,
"SVK","BCI","AMPLITUD","LTRENDIDX","M","2004-02",102.0057,
"SVK","BCI","AMPLITUD","LTRENDIDX","M","2004-03",102.2209,
"SVK","BCI","AMPLITUD","LTRENDIDX","M","2004-04",102.0213,
"SVK","BCI","AMPLITUD","LTRENDIDX","M","2004-05",101.4273,
"SVK","BCI","AMPLITUD","LTRENDIDX","M","2004-06",101.0678,
"SVK","BCI","AMPLITUD","LTRENDIDX","M","2004-07",101.1432,
"SVK","BCI","AMPLITUD","LTRENDIDX","M","2004-08",101.9356,
"SVK","BCI","AMPLITUD","LTRENDIDX","M","2004-09",102.5038,
"SVK","BCI","AMPLITUD","LTRENDIDX","M","2004-10",102.4001,
"SVK","BCI","AMPLITUD","LTRENDIDX","M","2004-11",101.9053,
"SVK","BCI","AMPLITUD","LTRENDIDX","M","2004-12",101.3289,
"SVK","BCI","AMPLITUD","LTRENDIDX","M","2005-01",101.5551,
"SVK","BCI","AMPLITUD","LTRENDIDX","M","2005-02",102.0586,
"SVK","BCI","AMPLITUD","LTRENDIDX","M","2005-03",102.1844,
"SVK","BCI","AMPLITUD","LTRENDIDX","M","2005-04",101.8491,
"SVK","BCI","AMPLITUD","LTRENDIDX","M","2005-05",101.1639,
"SVK","BCI","AMPLITUD","LTRENDIDX","M","2005-06",100.4686,
"SVK","BCI","AMPLITUD","LTRENDIDX","M","2005-07",99.73767,
"SVK","BCI","AMPLITUD","LTRENDIDX","M","2005-08",99.62593,
"SVK","BCI","AMPLITUD","LTRENDIDX","M","2005-09",99.94177,
"SVK","BCI","AMPLITUD","LTRENDIDX","M","2005-10",99.83387,
"SVK","BCI","AMPLITUD","LTRENDIDX","M","2005-11",99.508,
"SVK","BCI","AMPLITUD","LTRENDIDX","M","2005-12",98.9799,
"SVK","BCI","AMPLITUD","LTRENDIDX","M","2006-01",98.85275,
"SVK","BCI","AMPLITUD","LTRENDIDX","M","2006-02",99.51544,
"SVK","BCI","AMPLITUD","LTRENDIDX","M","2006-03",100.5921,
"SVK","BCI","AMPLITUD","LTRENDIDX","M","2006-04",101.6594,
"SVK","BCI","AMPLITUD","LTRENDIDX","M","2006-05",102.4503,
"SVK","BCI","AMPLITUD","LTRENDIDX","M","2006-06",102.3378,
"SVK","BCI","AMPLITUD","LTRENDIDX","M","2006-07",102.2801,
"SVK","BCI","AMPLITUD","LTRENDIDX","M","2006-08",102.3733,
"SVK","BCI","AMPLITUD","LTRENDIDX","M","2006-09",102.4109,
"SVK","BCI","AMPLITUD","LTRENDIDX","M","2006-10",102.6184,
"SVK","BCI","AMPLITUD","LTRENDIDX","M","2006-11",102.4871,
"SVK","BCI","AMPLITUD","LTRENDIDX","M","2006-12",102.5988,
"SVK","BCI","AMPLITUD","LTRENDIDX","M","2007-01",103.1511,
"SVK","BCI","AMPLITUD","LTRENDIDX","M","2007-02",103.3186,
"SVK","BCI","AMPLITUD","LTRENDIDX","M","2007-03",103.2608,
"SVK","BCI","AMPLITUD","LTRENDIDX","M","2007-04",103.3515,
"SVK","BCI","AMPLITUD","LTRENDIDX","M","2007-05",103.8105,
"SVK","BCI","AMPLITUD","LTRENDIDX","M","2007-06",103.6344,
"SVK","BCI","AMPLITUD","LTRENDIDX","M","2007-07",103.2487,
"SVK","BCI","AMPLITUD","LTRENDIDX","M","2007-08",102.7021,
"SVK","BCI","AMPLITUD","LTRENDIDX","M","2007-09",102.403,
"SVK","BCI","AMPLITUD","LTRENDIDX","M","2007-10",102.1608,
"SVK","BCI","AMPLITUD","LTRENDIDX","M","2007-11",101.6351,
"SVK","BCI","AMPLITUD","LTRENDIDX","M","2007-12",100.8797,
"SVK","BCI","AMPLITUD","LTRENDIDX","M","2008-01",100.5167,
"SVK","BCI","AMPLITUD","LTRENDIDX","M","2008-02",100.4088,
"SVK","BCI","AMPLITUD","LTRENDIDX","M","2008-03",100.1734,
"SVK","BCI","AMPLITUD","LTRENDIDX","M","2008-04",99.61642,
"SVK","BCI","AMPLITUD","LTRENDIDX","M","2008-05",98.91756,
"SVK","BCI","AMPLITUD","LTRENDIDX","M","2008-06",98.88617,
"SVK","BCI","AMPLITUD","LTRENDIDX","M","2008-07",98.97508,
"SVK","BCI","AMPLITUD","LTRENDIDX","M","2008-08",98.74235,
"SVK","BCI","AMPLITUD","LTRENDIDX","M","2008-09",97.7623,
"SVK","BCI","AMPLITUD","LTRENDIDX","M","2008-10",95.83321,
"SVK","BCI","AMPLITUD","LTRENDIDX","M","2008-11",94.20831,
"SVK","BCI","AMPLITUD","LTRENDIDX","M","2008-12",92.93265,
"SVK","BCI","AMPLITUD","LTRENDIDX","M","2009-01",92.09171,
"SVK","BCI","AMPLITUD","LTRENDIDX","M","2009-02",91.70689,
"SVK","BCI","AMPLITUD","LTRENDIDX","M","2009-03",91.44716,
"SVK","BCI","AMPLITUD","LTRENDIDX","M","2009-04",91.66642,
"SVK","BCI","AMPLITUD","LTRENDIDX","M","2009-05",92.68452,
"SVK","BCI","AMPLITUD","LTRENDIDX","M","2009-06",94.41743,
"SVK","BCI","AMPLITUD","LTRENDIDX","M","2009-07",95.76068,
"SVK","BCI","AMPLITUD","LTRENDIDX","M","2009-08",96.31933,
"SVK","BCI","AMPLITUD","LTRENDIDX","M","2009-09",96.64561,
"SVK","BCI","AMPLITUD","LTRENDIDX","M","2009-10",97.27884,
"SVK","BCI","AMPLITUD","LTRENDIDX","M","2009-11",98.1179,
"SVK","BCI","AMPLITUD","LTRENDIDX","M","2009-12",98.84207,
"SVK","BCI","AMPLITUD","LTRENDIDX","M","2010-01",98.95011,
"SVK","BCI","AMPLITUD","LTRENDIDX","M","2010-02",99.09388,
"SVK","BCI","AMPLITUD","LTRENDIDX","M","2010-03",99.4646,
"SVK","BCI","AMPLITUD","LTRENDIDX","M","2010-04",99.3731,
"SVK","BCI","AMPLITUD","LTRENDIDX","M","2010-05",99.51391,
"SVK","BCI","AMPLITUD","LTRENDIDX","M","2010-06",99.9238,
"SVK","BCI","AMPLITUD","LTRENDIDX","M","2010-07",100.117,
"SVK","BCI","AMPLITUD","LTRENDIDX","M","2010-08",99.85474,
"SVK","BCI","AMPLITUD","LTRENDIDX","M","2010-09",99.60442,
"SVK","BCI","AMPLITUD","LTRENDIDX","M","2010-10",99.84838,
"SVK","BCI","AMPLITUD","LTRENDIDX","M","2010-11",100.5312,
"SVK","BCI","AMPLITUD","LTRENDIDX","M","2010-12",101.6939,
"SVK","BCI","AMPLITUD","LTRENDIDX","M","2011-01",102.415,
"SVK","BCI","AMPLITUD","LTRENDIDX","M","2011-02",102.1069,
"SVK","BCI","AMPLITUD","LTRENDIDX","M","2011-03",101.4256,
"SVK","BCI","AMPLITUD","LTRENDIDX","M","2011-04",100.8476,
"SVK","BCI","AMPLITUD","LTRENDIDX","M","2011-05",99.77026,
"SVK","BCI","AMPLITUD","LTRENDIDX","M","2011-06",98.34435,
"SVK","BCI","AMPLITUD","LTRENDIDX","M","2011-07",97.99953,
"SVK","BCI","AMPLITUD","LTRENDIDX","M","2011-08",98.67948,
"SVK","BCI","AMPLITUD","LTRENDIDX","M","2011-09",99.1115,
"SVK","BCI","AMPLITUD","LTRENDIDX","M","2011-10",99.48909,
"SVK","BCI","AMPLITUD","LTRENDIDX","M","2011-11",99.73507,
"SVK","BCI","AMPLITUD","LTRENDIDX","M","2011-12",99.97717,
"SVK","BCI","AMPLITUD","LTRENDIDX","M","2012-01",100.026,
"SVK","BCI","AMPLITUD","LTRENDIDX","M","2012-02",99.8356,
"SVK","BCI","AMPLITUD","LTRENDIDX","M","2012-03",100.0569,
"SVK","BCI","AMPLITUD","LTRENDIDX","M","2012-04",100.2706,
"SVK","BCI","AMPLITUD","LTRENDIDX","M","2012-05",100.2218,
"SVK","BCI","AMPLITUD","LTRENDIDX","M","2012-06",99.70591,
"SVK","BCI","AMPLITUD","LTRENDIDX","M","2012-07",98.86921,
"SVK","BCI","AMPLITUD","LTRENDIDX","M","2012-08",98.37286,
"SVK","BCI","AMPLITUD","LTRENDIDX","M","2012-09",97.92117,
"SVK","BCI","AMPLITUD","LTRENDIDX","M","2012-10",96.88346,
"SVK","BCI","AMPLITUD","LTRENDIDX","M","2012-11",96.05056,
"SVK","BCI","AMPLITUD","LTRENDIDX","M","2012-12",96.13805,
"SVK","BCI","AMPLITUD","LTRENDIDX","M","2013-01",96.41099,
"SVK","BCI","AMPLITUD","LTRENDIDX","M","2013-02",96.87988,
"SVK","BCI","AMPLITUD","LTRENDIDX","M","2013-03",97.97759,
"SVK","BCI","AMPLITUD","LTRENDIDX","M","2013-04",98.58479,
"SVK","BCI","AMPLITUD","LTRENDIDX","M","2013-05",98.39521,
"SVK","BCI","AMPLITUD","LTRENDIDX","M","2013-06",97.88557,
"SVK","BCI","AMPLITUD","LTRENDIDX","M","2013-07",97.82763,
"SVK","BCI","AMPLITUD","LTRENDIDX","M","2013-08",98.14165,
"SVK","BCI","AMPLITUD","LTRENDIDX","M","2013-09",98.83263,
"SVK","BCI","AMPLITUD","LTRENDIDX","M","2013-10",99.35007,
"SVK","BCI","AMPLITUD","LTRENDIDX","M","2013-11",99.30219,
"SVK","BCI","AMPLITUD","LTRENDIDX","M","2013-12",99.21833,
"SVK","BCI","AMPLITUD","LTRENDIDX","M","2014-01",99.11625,
"SVK","BCI","AMPLITUD","LTRENDIDX","M","2014-02",98.83695,
"SVK","BCI","AMPLITUD","LTRENDIDX","M","2014-03",98.94974,
"SVK","BCI","AMPLITUD","LTRENDIDX","M","2014-04",99.2499,
"SVK","BCI","AMPLITUD","LTRENDIDX","M","2014-05",99.39867,
"SVK","BCI","AMPLITUD","LTRENDIDX","M","2014-06",99.57671,
"SVK","BCI","AMPLITUD","LTRENDIDX","M","2014-07",100.0843,
"SVK","BCI","AMPLITUD","LTRENDIDX","M","2014-08",100.3855,
"SVK","BCI","AMPLITUD","LTRENDIDX","M","2014-09",100.4323,
"SVK","BCI","AMPLITUD","LTRENDIDX","M","2014-10",100.4136,
"SVK","BCI","AMPLITUD","LTRENDIDX","M","2014-11",100.4826,
"SVK","BCI","AMPLITUD","LTRENDIDX","M","2014-12",100.2235,
"SVK","BCI","AMPLITUD","LTRENDIDX","M","2015-01",100.2387,
"SVK","BCI","AMPLITUD","LTRENDIDX","M","2015-02",100.4504,
"SVK","BCI","AMPLITUD","LTRENDIDX","M","2015-03",100.3115,
"SVK","BCI","AMPLITUD","LTRENDIDX","M","2015-04",100.1994,
"SVK","BCI","AMPLITUD","LTRENDIDX","M","2015-05",99.87443,
"SVK","BCI","AMPLITUD","LTRENDIDX","M","2015-06",99.87103,
"SVK","BCI","AMPLITUD","LTRENDIDX","M","2015-07",99.76537,
"SVK","BCI","AMPLITUD","LTRENDIDX","M","2015-08",99.83491,
"SVK","BCI","AMPLITUD","LTRENDIDX","M","2015-09",99.78378,
"SVK","BCI","AMPLITUD","LTRENDIDX","M","2015-10",99.8779,
"SVK","BCI","AMPLITUD","LTRENDIDX","M","2015-11",99.66601,
"SVK","BCI","AMPLITUD","LTRENDIDX","M","2015-12",99.91823,
"SVK","BCI","AMPLITUD","LTRENDIDX","M","2016-01",100.8304,
"SVK","BCI","AMPLITUD","LTRENDIDX","M","2016-02",101.1947,
"SVK","BCI","AMPLITUD","LTRENDIDX","M","2016-03",101.0008,
"SVK","BCI","AMPLITUD","LTRENDIDX","M","2016-04",100.5189,
"SVK","BCI","AMPLITUD","LTRENDIDX","M","2016-05",100.2434,
"SVK","BCI","AMPLITUD","LTRENDIDX","M","2016-06",100.2956,
"SVK","BCI","AMPLITUD","LTRENDIDX","M","2016-07",100.4979,
"SVK","BCI","AMPLITUD","LTRENDIDX","M","2016-08",100.1468,
"SVK","BCI","AMPLITUD","LTRENDIDX","M","2016-09",99.89274,
"SVK","BCI","AMPLITUD","LTRENDIDX","M","2016-10",99.68261,
"SVK","BCI","AMPLITUD","LTRENDIDX","M","2016-11",99.99216,
"SVK","BCI","AMPLITUD","LTRENDIDX","M","2016-12",100.7314,
"SVK","BCI","AMPLITUD","LTRENDIDX","M","2017-01",101.3366,
"SVK","BCI","AMPLITUD","LTRENDIDX","M","2017-02",101.3356,
"SVK","BCI","AMPLITUD","LTRENDIDX","M","2017-03",100.5462,
"SVK","BCI","AMPLITUD","LTRENDIDX","M","2017-04",99.80432,
"SVK","BCI","AMPLITUD","LTRENDIDX","M","2017-05",99.44499,
"SVK","BCI","AMPLITUD","LTRENDIDX","M","2017-06",99.16599,
"SVK","BCI","AMPLITUD","LTRENDIDX","M","2017-07",98.91409,
"DNK","BCI","AMPLITUD","LTRENDIDX","M","1985-01",102.4068,
"DNK","BCI","AMPLITUD","LTRENDIDX","M","1985-02",102.3779,
"DNK","BCI","AMPLITUD","LTRENDIDX","M","1985-03",102.3125,
"DNK","BCI","AMPLITUD","LTRENDIDX","M","1985-04",102.1961,
"DNK","BCI","AMPLITUD","LTRENDIDX","M","1985-05",102.1472,
"DNK","BCI","AMPLITUD","LTRENDIDX","M","1985-06",102.1887,
"DNK","BCI","AMPLITUD","LTRENDIDX","M","1985-07",102.2821,
"DNK","BCI","AMPLITUD","LTRENDIDX","M","1985-08",102.3008,
"DNK","BCI","AMPLITUD","LTRENDIDX","M","1985-09",102.1613,
"DNK","BCI","AMPLITUD","LTRENDIDX","M","1985-10",101.8498,
"DNK","BCI","AMPLITUD","LTRENDIDX","M","1985-11",101.6213,
"DNK","BCI","AMPLITUD","LTRENDIDX","M","1985-12",101.4274,
"DNK","BCI","AMPLITUD","LTRENDIDX","M","1986-01",101.1749,
"DNK","BCI","AMPLITUD","LTRENDIDX","M","1986-02",100.9948,
"DNK","BCI","AMPLITUD","LTRENDIDX","M","1986-03",100.8205,
"DNK","BCI","AMPLITUD","LTRENDIDX","M","1986-04",100.5829,
"DNK","BCI","AMPLITUD","LTRENDIDX","M","1986-05",100.4298,
"DNK","BCI","AMPLITUD","LTRENDIDX","M","1986-06",100.3345,
"DNK","BCI","AMPLITUD","LTRENDIDX","M","1986-07",100.2336,
"DNK","BCI","AMPLITUD","LTRENDIDX","M","1986-08",100.1527,
"DNK","BCI","AMPLITUD","LTRENDIDX","M","1986-09",100.0371,
"DNK","BCI","AMPLITUD","LTRENDIDX","M","1986-10",99.84863,
"DNK","BCI","AMPLITUD","LTRENDIDX","M","1986-11",99.69521,
"DNK","BCI","AMPLITUD","LTRENDIDX","M","1986-12",99.52576,
"DNK","BCI","AMPLITUD","LTRENDIDX","M","1987-01",99.28339,
"DNK","BCI","AMPLITUD","LTRENDIDX","M","1987-02",99.10482,
"DNK","BCI","AMPLITUD","LTRENDIDX","M","1987-03",98.97871,
"DNK","BCI","AMPLITUD","LTRENDIDX","M","1987-04",98.87926,
"DNK","BCI","AMPLITUD","LTRENDIDX","M","1987-05",98.86234,
"DNK","BCI","AMPLITUD","LTRENDIDX","M","1987-06",98.95532,
"DNK","BCI","AMPLITUD","LTRENDIDX","M","1987-07",99.14407,
"DNK","BCI","AMPLITUD","LTRENDIDX","M","1987-08",99.24989,
"DNK","BCI","AMPLITUD","LTRENDIDX","M","1987-09",99.25013,
"DNK","BCI","AMPLITUD","LTRENDIDX","M","1987-10",99.18721,
"DNK","BCI","AMPLITUD","LTRENDIDX","M","1987-11",99.18346,
"DNK","BCI","AMPLITUD","LTRENDIDX","M","1987-12",99.30927,
"DNK","BCI","AMPLITUD","LTRENDIDX","M","1988-01",99.5719,
"DNK","BCI","AMPLITUD","LTRENDIDX","M","1988-02",99.77468,
"DNK","BCI","AMPLITUD","LTRENDIDX","M","1988-03",99.94333,
"DNK","BCI","AMPLITUD","LTRENDIDX","M","1988-04",100.1231,
"DNK","BCI","AMPLITUD","LTRENDIDX","M","1988-05",100.2103,
"DNK","BCI","AMPLITUD","LTRENDIDX","M","1988-06",100.2066,
"DNK","BCI","AMPLITUD","LTRENDIDX","M","1988-07",100.147,
"DNK","BCI","AMPLITUD","LTRENDIDX","M","1988-08",100.1033,
"DNK","BCI","AMPLITUD","LTRENDIDX","M","1988-09",100.0942,
"DNK","BCI","AMPLITUD","LTRENDIDX","M","1988-10",100.1142,
"DNK","BCI","AMPLITUD","LTRENDIDX","M","1988-11",100.172,
"DNK","BCI","AMPLITUD","LTRENDIDX","M","1988-12",100.3161,
"DNK","BCI","AMPLITUD","LTRENDIDX","M","1989-01",100.5616,
"DNK","BCI","AMPLITUD","LTRENDIDX","M","1989-02",100.7162,
"DNK","BCI","AMPLITUD","LTRENDIDX","M","1989-03",100.794,
"DNK","BCI","AMPLITUD","LTRENDIDX","M","1989-04",100.8456,
"DNK","BCI","AMPLITUD","LTRENDIDX","M","1989-05",100.8654,
"DNK","BCI","AMPLITUD","LTRENDIDX","M","1989-06",100.8747,
"DNK","BCI","AMPLITUD","LTRENDIDX","M","1989-07",100.8872,
"DNK","BCI","AMPLITUD","LTRENDIDX","M","1989-08",100.8843,
"DNK","BCI","AMPLITUD","LTRENDIDX","M","1989-09",100.8629,
"DNK","BCI","AMPLITUD","LTRENDIDX","M","1989-10",100.8232,
"DNK","BCI","AMPLITUD","LTRENDIDX","M","1989-11",100.7751,
"DNK","BCI","AMPLITUD","LTRENDIDX","M","1989-12",100.703,
"DNK","BCI","AMPLITUD","LTRENDIDX","M","1990-01",100.5841,
"DNK","BCI","AMPLITUD","LTRENDIDX","M","1990-02",100.4304,
"DNK","BCI","AMPLITUD","LTRENDIDX","M","1990-03",100.1679,
"DNK","BCI","AMPLITUD","LTRENDIDX","M","1990-04",99.77543,
"DNK","BCI","AMPLITUD","LTRENDIDX","M","1990-05",99.53228,
"DNK","BCI","AMPLITUD","LTRENDIDX","M","1990-06",99.45192,
"DNK","BCI","AMPLITUD","LTRENDIDX","M","1990-07",99.46539,
"DNK","BCI","AMPLITUD","LTRENDIDX","M","1990-08",99.44171,
"DNK","BCI","AMPLITUD","LTRENDIDX","M","1990-09",99.33913,
"DNK","BCI","AMPLITUD","LTRENDIDX","M","1990-10",99.16893,
"DNK","BCI","AMPLITUD","LTRENDIDX","M","1990-11",99.05309,
"DNK","BCI","AMPLITUD","LTRENDIDX","M","1990-12",99.00506,
"DNK","BCI","AMPLITUD","LTRENDIDX","M","1991-01",99.00068,
"DNK","BCI","AMPLITUD","LTRENDIDX","M","1991-02",98.99628,
"DNK","BCI","AMPLITUD","LTRENDIDX","M","1991-03",98.97797,
"DNK","BCI","AMPLITUD","LTRENDIDX","M","1991-04",98.95104,
"DNK","BCI","AMPLITUD","LTRENDIDX","M","1991-05",98.94337,
"DNK","BCI","AMPLITUD","LTRENDIDX","M","1991-06",98.97234,
"DNK","BCI","AMPLITUD","LTRENDIDX","M","1991-07",99.03764,
"DNK","BCI","AMPLITUD","LTRENDIDX","M","1991-08",99.07723,
"DNK","BCI","AMPLITUD","LTRENDIDX","M","1991-09",99.08183,
"DNK","BCI","AMPLITUD","LTRENDIDX","M","1991-10",99.07027,
"DNK","BCI","AMPLITUD","LTRENDIDX","M","1991-11",99.09983,
"DNK","BCI","AMPLITUD","LTRENDIDX","M","1991-12",99.20302,
"DNK","BCI","AMPLITUD","LTRENDIDX","M","1992-01",99.37289,
"DNK","BCI","AMPLITUD","LTRENDIDX","M","1992-02",99.45989,
"DNK","BCI","AMPLITUD","LTRENDIDX","M","1992-03",99.43636,
"DNK","BCI","AMPLITUD","LTRENDIDX","M","1992-04",99.32442,
"DNK","BCI","AMPLITUD","LTRENDIDX","M","1992-05",99.24953,
"DNK","BCI","AMPLITUD","LTRENDIDX","M","1992-06",99.22289,
"DNK","BCI","AMPLITUD","LTRENDIDX","M","1992-07",99.20138,
"DNK","BCI","AMPLITUD","LTRENDIDX","M","1992-08",99.14412,
"DNK","BCI","AMPLITUD","LTRENDIDX","M","1992-09",99.0041,
"DNK","BCI","AMPLITUD","LTRENDIDX","M","1992-10",98.75541,
"DNK","BCI","AMPLITUD","LTRENDIDX","M","1992-11",98.50335,
"DNK","BCI","AMPLITUD","LTRENDIDX","M","1992-12",98.20891,
"DNK","BCI","AMPLITUD","LTRENDIDX","M","1993-01",97.86599,
"DNK","BCI","AMPLITUD","LTRENDIDX","M","1993-02",97.73587,
"DNK","BCI","AMPLITUD","LTRENDIDX","M","1993-03",97.9114,
"DNK","BCI","AMPLITUD","LTRENDIDX","M","1993-04",98.35724,
"DNK","BCI","AMPLITUD","LTRENDIDX","M","1993-05",98.64443,
"DNK","BCI","AMPLITUD","LTRENDIDX","M","1993-06",98.76267,
"DNK","BCI","AMPLITUD","LTRENDIDX","M","1993-07",98.81808,
"DNK","BCI","AMPLITUD","LTRENDIDX","M","1993-08",98.90003,
"DNK","BCI","AMPLITUD","LTRENDIDX","M","1993-09",99.11555,
"DNK","BCI","AMPLITUD","LTRENDIDX","M","1993-10",99.50742,
"DNK","BCI","AMPLITUD","LTRENDIDX","M","1993-11",99.83862,
"DNK","BCI","AMPLITUD","LTRENDIDX","M","1993-12",100.189,
"DNK","BCI","AMPLITUD","LTRENDIDX","M","1994-01",100.6538,
"DNK","BCI","AMPLITUD","LTRENDIDX","M","1994-02",101.0236,
"DNK","BCI","AMPLITUD","LTRENDIDX","M","1994-03",101.3826,
"DNK","BCI","AMPLITUD","LTRENDIDX","M","1994-04",101.8139,
"DNK","BCI","AMPLITUD","LTRENDIDX","M","1994-05",102.115,
"DNK","BCI","AMPLITUD","LTRENDIDX","M","1994-06",102.3105,
"DNK","BCI","AMPLITUD","LTRENDIDX","M","1994-07",102.4555,
"DNK","BCI","AMPLITUD","LTRENDIDX","M","1994-08",102.5453,
"DNK","BCI","AMPLITUD","LTRENDIDX","M","1994-09",102.5795,
"DNK","BCI","AMPLITUD","LTRENDIDX","M","1994-10",102.5626,
"DNK","BCI","AMPLITUD","LTRENDIDX","M","1994-11",102.5444,
"DNK","BCI","AMPLITUD","LTRENDIDX","M","1994-12",102.4872,
"DNK","BCI","AMPLITUD","LTRENDIDX","M","1995-01",102.3441,
"DNK","BCI","AMPLITUD","LTRENDIDX","M","1995-02",102.1608,
"DNK","BCI","AMPLITUD","LTRENDIDX","M","1995-03",101.8445,
"DNK","BCI","AMPLITUD","LTRENDIDX","M","1995-04",101.3619,
"DNK","BCI","AMPLITUD","LTRENDIDX","M","1995-05",101.041,
"DNK","BCI","AMPLITUD","LTRENDIDX","M","1995-06",100.8549,
"DNK","BCI","AMPLITUD","LTRENDIDX","M","1995-07",100.7136,
"DNK","BCI","AMPLITUD","LTRENDIDX","M","1995-08",100.6193,
"DNK","BCI","AMPLITUD","LTRENDIDX","M","1995-09",100.5237,
"DNK","BCI","AMPLITUD","LTRENDIDX","M","1995-10",100.377,
"DNK","BCI","AMPLITUD","LTRENDIDX","M","1995-11",100.164,
"DNK","BCI","AMPLITUD","LTRENDIDX","M","1995-12",99.76602,
"DNK","BCI","AMPLITUD","LTRENDIDX","M","1996-01",99.15884,
"DNK","BCI","AMPLITUD","LTRENDIDX","M","1996-02",98.78087,
"DNK","BCI","AMPLITUD","LTRENDIDX","M","1996-03",98.64258,
"DNK","BCI","AMPLITUD","LTRENDIDX","M","1996-04",98.6446,
"DNK","BCI","AMPLITUD","LTRENDIDX","M","1996-05",98.68604,
"DNK","BCI","AMPLITUD","LTRENDIDX","M","1996-06",98.75234,
"DNK","BCI","AMPLITUD","LTRENDIDX","M","1996-07",98.8439,
"DNK","BCI","AMPLITUD","LTRENDIDX","M","1996-08",98.90972,
"DNK","BCI","AMPLITUD","LTRENDIDX","M","1996-09",98.98054,
"DNK","BCI","AMPLITUD","LTRENDIDX","M","1996-10",99.103,
"DNK","BCI","AMPLITUD","LTRENDIDX","M","1996-11",99.29879,
"DNK","BCI","AMPLITUD","LTRENDIDX","M","1996-12",99.66682,
"DNK","BCI","AMPLITUD","LTRENDIDX","M","1997-01",100.2323,
"DNK","BCI","AMPLITUD","LTRENDIDX","M","1997-02",100.6389,
"DNK","BCI","AMPLITUD","LTRENDIDX","M","1997-03",100.9007,
"DNK","BCI","AMPLITUD","LTRENDIDX","M","1997-04",101.0859,
"DNK","BCI","AMPLITUD","LTRENDIDX","M","1997-05",101.1896,
"DNK","BCI","AMPLITUD","LTRENDIDX","M","1997-06",101.2334,
"DNK","BCI","AMPLITUD","LTRENDIDX","M","1997-07",101.2363,
"DNK","BCI","AMPLITUD","LTRENDIDX","M","1997-08",101.2161,
"DNK","BCI","AMPLITUD","LTRENDIDX","M","1997-09",101.1412,
"DNK","BCI","AMPLITUD","LTRENDIDX","M","1997-10",101.0113,
"DNK","BCI","AMPLITUD","LTRENDIDX","M","1997-11",100.9913,
"DNK","BCI","AMPLITUD","LTRENDIDX","M","1997-12",101.1228,
"DNK","BCI","AMPLITUD","LTRENDIDX","M","1998-01",101.3735,
"DNK","BCI","AMPLITUD","LTRENDIDX","M","1998-02",101.5057,
"DNK","BCI","AMPLITUD","LTRENDIDX","M","1998-03",101.3798,
"DNK","BCI","AMPLITUD","LTRENDIDX","M","1998-04",101.0919,
"DNK","BCI","AMPLITUD","LTRENDIDX","M","1998-05",100.9497,
"DNK","BCI","AMPLITUD","LTRENDIDX","M","1998-06",100.9364,
"DNK","BCI","AMPLITUD","LTRENDIDX","M","1998-07",100.8538,
"DNK","BCI","AMPLITUD","LTRENDIDX","M","1998-08",100.4993,
"DNK","BCI","AMPLITUD","LTRENDIDX","M","1998-09",99.74933,
"DNK","BCI","AMPLITUD","LTRENDIDX","M","1998-10",98.61378,
"DNK","BCI","AMPLITUD","LTRENDIDX","M","1998-11",97.49206,
"DNK","BCI","AMPLITUD","LTRENDIDX","M","1998-12",96.94559,
"DNK","BCI","AMPLITUD","LTRENDIDX","M","1999-01",97.08233,
"DNK","BCI","AMPLITUD","LTRENDIDX","M","1999-02",97.39931,
"DNK","BCI","AMPLITUD","LTRENDIDX","M","1999-03",97.57443,
"DNK","BCI","AMPLITUD","LTRENDIDX","M","1999-04",97.53889,
"DNK","BCI","AMPLITUD","LTRENDIDX","M","1999-05",97.55666,
"DNK","BCI","AMPLITUD","LTRENDIDX","M","1999-06",97.72089,
"DNK","BCI","AMPLITUD","LTRENDIDX","M","1999-07",98.16074,
"DNK","BCI","AMPLITUD","LTRENDIDX","M","1999-08",98.74241,
"DNK","BCI","AMPLITUD","LTRENDIDX","M","1999-09",99.12346,
"DNK","BCI","AMPLITUD","LTRENDIDX","M","1999-10",99.18962,
"DNK","BCI","AMPLITUD","LTRENDIDX","M","1999-11",99.24284,
"DNK","BCI","AMPLITUD","LTRENDIDX","M","1999-12",99.42588,
"DNK","BCI","AMPLITUD","LTRENDIDX","M","2000-01",99.80393,
"DNK","BCI","AMPLITUD","LTRENDIDX","M","2000-02",100.2414,
"DNK","BCI","AMPLITUD","LTRENDIDX","M","2000-03",100.5932,
"DNK","BCI","AMPLITUD","LTRENDIDX","M","2000-04",100.7911,
"DNK","BCI","AMPLITUD","LTRENDIDX","M","2000-05",101.0013,
"DNK","BCI","AMPLITUD","LTRENDIDX","M","2000-06",101.1271,
"DNK","BCI","AMPLITUD","LTRENDIDX","M","2000-07",101.2424,
"DNK","BCI","AMPLITUD","LTRENDIDX","M","2000-08",101.4665,
"DNK","BCI","AMPLITUD","LTRENDIDX","M","2000-09",101.6683,
"DNK","BCI","AMPLITUD","LTRENDIDX","M","2000-10",101.6772,
"DNK","BCI","AMPLITUD","LTRENDIDX","M","2000-11",101.6351,
"DNK","BCI","AMPLITUD","LTRENDIDX","M","2000-12",101.5684,
"DNK","BCI","AMPLITUD","LTRENDIDX","M","2001-01",101.5045,
"DNK","BCI","AMPLITUD","LTRENDIDX","M","2001-02",101.4342,
"DNK","BCI","AMPLITUD","LTRENDIDX","M","2001-03",101.2255,
"DNK","BCI","AMPLITUD","LTRENDIDX","M","2001-04",100.6791,
"DNK","BCI","AMPLITUD","LTRENDIDX","M","2001-05",100.1416,
"DNK","BCI","AMPLITUD","LTRENDIDX","M","2001-06",99.76337,
"DNK","BCI","AMPLITUD","LTRENDIDX","M","2001-07",99.58725,
"DNK","BCI","AMPLITUD","LTRENDIDX","M","2001-08",99.43238,
"DNK","BCI","AMPLITUD","LTRENDIDX","M","2001-09",99.17511,
"DNK","BCI","AMPLITUD","LTRENDIDX","M","2001-10",98.90395,
"DNK","BCI","AMPLITUD","LTRENDIDX","M","2001-11",98.83232,
"DNK","BCI","AMPLITUD","LTRENDIDX","M","2001-12",98.98566,
"DNK","BCI","AMPLITUD","LTRENDIDX","M","2002-01",99.36288,
"DNK","BCI","AMPLITUD","LTRENDIDX","M","2002-02",99.67823,
"DNK","BCI","AMPLITUD","LTRENDIDX","M","2002-03",99.88261,
"DNK","BCI","AMPLITUD","LTRENDIDX","M","2002-04",99.98308,
"DNK","BCI","AMPLITUD","LTRENDIDX","M","2002-05",99.82347,
"DNK","BCI","AMPLITUD","LTRENDIDX","M","2002-06",99.58298,
"DNK","BCI","AMPLITUD","LTRENDIDX","M","2002-07",99.35172,
"DNK","BCI","AMPLITUD","LTRENDIDX","M","2002-08",99.17646,
"DNK","BCI","AMPLITUD","LTRENDIDX","M","2002-09",99.14218,
"DNK","BCI","AMPLITUD","LTRENDIDX","M","2002-10",99.32265,
"DNK","BCI","AMPLITUD","LTRENDIDX","M","2002-11",99.56008,
"DNK","BCI","AMPLITUD","LTRENDIDX","M","2002-12",99.6891,
"DNK","BCI","AMPLITUD","LTRENDIDX","M","2003-01",99.62872,
"DNK","BCI","AMPLITUD","LTRENDIDX","M","2003-02",99.46304,
"DNK","BCI","AMPLITUD","LTRENDIDX","M","2003-03",99.17216,
"DNK","BCI","AMPLITUD","LTRENDIDX","M","2003-04",98.87268,
"DNK","BCI","AMPLITUD","LTRENDIDX","M","2003-05",98.5395,
"DNK","BCI","AMPLITUD","LTRENDIDX","M","2003-06",98.36521,
"DNK","BCI","AMPLITUD","LTRENDIDX","M","2003-07",98.40437,
"DNK","BCI","AMPLITUD","LTRENDIDX","M","2003-08",98.67284,
"DNK","BCI","AMPLITUD","LTRENDIDX","M","2003-09",99.09373,
"DNK","BCI","AMPLITUD","LTRENDIDX","M","2003-10",99.70815,
"DNK","BCI","AMPLITUD","LTRENDIDX","M","2003-11",100.3591,
"DNK","BCI","AMPLITUD","LTRENDIDX","M","2003-12",100.5564,
"DNK","BCI","AMPLITUD","LTRENDIDX","M","2004-01",100.533,
"DNK","BCI","AMPLITUD","LTRENDIDX","M","2004-02",100.5536,
"DNK","BCI","AMPLITUD","LTRENDIDX","M","2004-03",100.5484,
"DNK","BCI","AMPLITUD","LTRENDIDX","M","2004-04",100.7218,
"DNK","BCI","AMPLITUD","LTRENDIDX","M","2004-05",101.0033,
"DNK","BCI","AMPLITUD","LTRENDIDX","M","2004-06",101.3235,
"DNK","BCI","AMPLITUD","LTRENDIDX","M","2004-07",101.4224,
"DNK","BCI","AMPLITUD","LTRENDIDX","M","2004-08",101.1584,
"DNK","BCI","AMPLITUD","LTRENDIDX","M","2004-09",100.7983,
"DNK","BCI","AMPLITUD","LTRENDIDX","M","2004-10",100.5029,
"DNK","BCI","AMPLITUD","LTRENDIDX","M","2004-11",100.2979,
"DNK","BCI","AMPLITUD","LTRENDIDX","M","2004-12",100.3836,
"DNK","BCI","AMPLITUD","LTRENDIDX","M","2005-01",100.4869,
"DNK","BCI","AMPLITUD","LTRENDIDX","M","2005-02",100.3894,
"DNK","BCI","AMPLITUD","LTRENDIDX","M","2005-03",100.1535,
"DNK","BCI","AMPLITUD","LTRENDIDX","M","2005-04",99.87521,
"DNK","BCI","AMPLITUD","LTRENDIDX","M","2005-05",99.84586,
"DNK","BCI","AMPLITUD","LTRENDIDX","M","2005-06",99.84129,
"DNK","BCI","AMPLITUD","LTRENDIDX","M","2005-07",99.91533,
"DNK","BCI","AMPLITUD","LTRENDIDX","M","2005-08",100.1646,
"DNK","BCI","AMPLITUD","LTRENDIDX","M","2005-09",100.3251,
"DNK","BCI","AMPLITUD","LTRENDIDX","M","2005-10",100.4813,
"DNK","BCI","AMPLITUD","LTRENDIDX","M","2005-11",100.5463,
"DNK","BCI","AMPLITUD","LTRENDIDX","M","2005-12",100.5699,
"DNK","BCI","AMPLITUD","LTRENDIDX","M","2006-01",100.7184,
"DNK","BCI","AMPLITUD","LTRENDIDX","M","2006-02",100.9218,
"DNK","BCI","AMPLITUD","LTRENDIDX","M","2006-03",101.1443,
"DNK","BCI","AMPLITUD","LTRENDIDX","M","2006-04",101.3462,
"DNK","BCI","AMPLITUD","LTRENDIDX","M","2006-05",101.5151,
"DNK","BCI","AMPLITUD","LTRENDIDX","M","2006-06",101.6298,
"DNK","BCI","AMPLITUD","LTRENDIDX","M","2006-07",101.6253,
"DNK","BCI","AMPLITUD","LTRENDIDX","M","2006-08",101.653,
"DNK","BCI","AMPLITUD","LTRENDIDX","M","2006-09",101.8303,
"DNK","BCI","AMPLITUD","LTRENDIDX","M","2006-10",101.8537,
"DNK","BCI","AMPLITUD","LTRENDIDX","M","2006-11",101.8249,
"DNK","BCI","AMPLITUD","LTRENDIDX","M","2006-12",101.853,
"DNK","BCI","AMPLITUD","LTRENDIDX","M","2007-01",101.8435,
"DNK","BCI","AMPLITUD","LTRENDIDX","M","2007-02",101.6351,
"DNK","BCI","AMPLITUD","LTRENDIDX","M","2007-03",101.4136,
"DNK","BCI","AMPLITUD","LTRENDIDX","M","2007-04",101.1566,
"DNK","BCI","AMPLITUD","LTRENDIDX","M","2007-05",100.9444,
"DNK","BCI","AMPLITUD","LTRENDIDX","M","2007-06",100.6633,
"DNK","BCI","AMPLITUD","LTRENDIDX","M","2007-07",100.6072,
"DNK","BCI","AMPLITUD","LTRENDIDX","M","2007-08",100.6502,
"DNK","BCI","AMPLITUD","LTRENDIDX","M","2007-09",100.647,
"DNK","BCI","AMPLITUD","LTRENDIDX","M","2007-10",100.6452,
"DNK","BCI","AMPLITUD","LTRENDIDX","M","2007-11",100.5881,
"DNK","BCI","AMPLITUD","LTRENDIDX","M","2007-12",100.5268,
"DNK","BCI","AMPLITUD","LTRENDIDX","M","2008-01",100.2875,
"DNK","BCI","AMPLITUD","LTRENDIDX","M","2008-02",99.90733,
"DNK","BCI","AMPLITUD","LTRENDIDX","M","2008-03",99.79911,
"DNK","BCI","AMPLITUD","LTRENDIDX","M","2008-04",99.91798,
"DNK","BCI","AMPLITUD","LTRENDIDX","M","2008-05",99.97466,
"DNK","BCI","AMPLITUD","LTRENDIDX","M","2008-06",99.82574,
"DNK","BCI","AMPLITUD","LTRENDIDX","M","2008-07",99.5368,
"DNK","BCI","AMPLITUD","LTRENDIDX","M","2008-08",99.02218,
"DNK","BCI","AMPLITUD","LTRENDIDX","M","2008-09",98.5435,
"DNK","BCI","AMPLITUD","LTRENDIDX","M","2008-10",98.10113,
"DNK","BCI","AMPLITUD","LTRENDIDX","M","2008-11",97.3886,
"DNK","BCI","AMPLITUD","LTRENDIDX","M","2008-12",96.48965,
"DNK","BCI","AMPLITUD","LTRENDIDX","M","2009-01",95.58722,
"DNK","BCI","AMPLITUD","LTRENDIDX","M","2009-02",95.12866,
"DNK","BCI","AMPLITUD","LTRENDIDX","M","2009-03",95.17052,
"DNK","BCI","AMPLITUD","LTRENDIDX","M","2009-04",95.59747,
"DNK","BCI","AMPLITUD","LTRENDIDX","M","2009-05",96.35007,
"DNK","BCI","AMPLITUD","LTRENDIDX","M","2009-06",97.13258,
"DNK","BCI","AMPLITUD","LTRENDIDX","M","2009-07",97.76865,
"DNK","BCI","AMPLITUD","LTRENDIDX","M","2009-08",98.15261,
"DNK","BCI","AMPLITUD","LTRENDIDX","M","2009-09",98.45218,
"DNK","BCI","AMPLITUD","LTRENDIDX","M","2009-10",98.82929,
"DNK","BCI","AMPLITUD","LTRENDIDX","M","2009-11",99.30529,
"DNK","BCI","AMPLITUD","LTRENDIDX","M","2009-12",99.78816,
"DNK","BCI","AMPLITUD","LTRENDIDX","M","2010-01",100.3005,
"DNK","BCI","AMPLITUD","LTRENDIDX","M","2010-02",100.811,
"DNK","BCI","AMPLITUD","LTRENDIDX","M","2010-03",101.2316,
"DNK","BCI","AMPLITUD","LTRENDIDX","M","2010-04",101.4159,
"DNK","BCI","AMPLITUD","LTRENDIDX","M","2010-05",101.3678,
"DNK","BCI","AMPLITUD","LTRENDIDX","M","2010-06",101.2669,
"DNK","BCI","AMPLITUD","LTRENDIDX","M","2010-07",101.1419,
"DNK","BCI","AMPLITUD","LTRENDIDX","M","2010-08",101.0614,
"DNK","BCI","AMPLITUD","LTRENDIDX","M","2010-09",100.9446,
"DNK","BCI","AMPLITUD","LTRENDIDX","M","2010-10",100.6569,
"DNK","BCI","AMPLITUD","LTRENDIDX","M","2010-11",100.4406,
"DNK","BCI","AMPLITUD","LTRENDIDX","M","2010-12",100.5442,
"DNK","BCI","AMPLITUD","LTRENDIDX","M","2011-01",100.8397,
"DNK","BCI","AMPLITUD","LTRENDIDX","M","2011-02",101.0928,
"DNK","BCI","AMPLITUD","LTRENDIDX","M","2011-03",101.2971,
"DNK","BCI","AMPLITUD","LTRENDIDX","M","2011-04",101.5404,
"DNK","BCI","AMPLITUD","LTRENDIDX","M","2011-05",101.4709,
"DNK","BCI","AMPLITUD","LTRENDIDX","M","2011-06",101.1174,
"DNK","BCI","AMPLITUD","LTRENDIDX","M","2011-07",100.7341,
"DNK","BCI","AMPLITUD","LTRENDIDX","M","2011-08",100.4504,
"DNK","BCI","AMPLITUD","LTRENDIDX","M","2011-09",100.2194,
"DNK","BCI","AMPLITUD","LTRENDIDX","M","2011-10",100.1919,
"DNK","BCI","AMPLITUD","LTRENDIDX","M","2011-11",100.4082,
"DNK","BCI","AMPLITUD","LTRENDIDX","M","2011-12",100.7053,
"DNK","BCI","AMPLITUD","LTRENDIDX","M","2012-01",100.9357,
"DNK","BCI","AMPLITUD","LTRENDIDX","M","2012-02",101.0738,
"DNK","BCI","AMPLITUD","LTRENDIDX","M","2012-03",100.8667,
"DNK","BCI","AMPLITUD","LTRENDIDX","M","2012-04",100.6086,
"DNK","BCI","AMPLITUD","LTRENDIDX","M","2012-05",100.2855,
"DNK","BCI","AMPLITUD","LTRENDIDX","M","2012-06",100.1622,
"DNK","BCI","AMPLITUD","LTRENDIDX","M","2012-07",100.1169,
"DNK","BCI","AMPLITUD","LTRENDIDX","M","2012-08",100.0047,
"DNK","BCI","AMPLITUD","LTRENDIDX","M","2012-09",99.88195,
"DNK","BCI","AMPLITUD","LTRENDIDX","M","2012-10",99.81932,
"DNK","BCI","AMPLITUD","LTRENDIDX","M","2012-11",100.0544,
"DNK","BCI","AMPLITUD","LTRENDIDX","M","2012-12",100.2755,
"DNK","BCI","AMPLITUD","LTRENDIDX","M","2013-01",100.465,
"DNK","BCI","AMPLITUD","LTRENDIDX","M","2013-02",100.4685,
"DNK","BCI","AMPLITUD","LTRENDIDX","M","2013-03",100.2845,
"DNK","BCI","AMPLITUD","LTRENDIDX","M","2013-04",99.89626,
"DNK","BCI","AMPLITUD","LTRENDIDX","M","2013-05",99.66531,
"DNK","BCI","AMPLITUD","LTRENDIDX","M","2013-06",99.73149,
"DNK","BCI","AMPLITUD","LTRENDIDX","M","2013-07",99.76448,
"DNK","BCI","AMPLITUD","LTRENDIDX","M","2013-08",100.0658,
"DNK","BCI","AMPLITUD","LTRENDIDX","M","2013-09",100.6075,
"DNK","BCI","AMPLITUD","LTRENDIDX","M","2013-10",101.0599,
"DNK","BCI","AMPLITUD","LTRENDIDX","M","2013-11",101.2836,
"DNK","BCI","AMPLITUD","LTRENDIDX","M","2013-12",101.3112,
"DNK","BCI","AMPLITUD","LTRENDIDX","M","2014-01",101.4383,
"DNK","BCI","AMPLITUD","LTRENDIDX","M","2014-02",101.4769,
"DNK","BCI","AMPLITUD","LTRENDIDX","M","2014-03",101.557,
"DNK","BCI","AMPLITUD","LTRENDIDX","M","2014-04",101.309,
"DNK","BCI","AMPLITUD","LTRENDIDX","M","2014-05",100.6524,
"DNK","BCI","AMPLITUD","LTRENDIDX","M","2014-06",99.879,
"DNK","BCI","AMPLITUD","LTRENDIDX","M","2014-07",99.336,
"DNK","BCI","AMPLITUD","LTRENDIDX","M","2014-08",99.19607,
"DNK","BCI","AMPLITUD","LTRENDIDX","M","2014-09",98.93691,
"DNK","BCI","AMPLITUD","LTRENDIDX","M","2014-10",98.54459,
"DNK","BCI","AMPLITUD","LTRENDIDX","M","2014-11",98.14364,
"DNK","BCI","AMPLITUD","LTRENDIDX","M","2014-12",97.82027,
"DNK","BCI","AMPLITUD","LTRENDIDX","M","2015-01",97.63396,
"DNK","BCI","AMPLITUD","LTRENDIDX","M","2015-02",97.56634,
"DNK","BCI","AMPLITUD","LTRENDIDX","M","2015-03",97.66266,
"DNK","BCI","AMPLITUD","LTRENDIDX","M","2015-04",98.0694,
"DNK","BCI","AMPLITUD","LTRENDIDX","M","2015-05",98.50364,
"DNK","BCI","AMPLITUD","LTRENDIDX","M","2015-06",98.67005,
"DNK","BCI","AMPLITUD","LTRENDIDX","M","2015-07",98.71024,
"DNK","BCI","AMPLITUD","LTRENDIDX","M","2015-08",98.84168,
"DNK","BCI","AMPLITUD","LTRENDIDX","M","2015-09",99.04793,
"DNK","BCI","AMPLITUD","LTRENDIDX","M","2015-10",99.23174,
"DNK","BCI","AMPLITUD","LTRENDIDX","M","2015-11",99.21849,
"DNK","BCI","AMPLITUD","LTRENDIDX","M","2015-12",99.18642,
"DNK","BCI","AMPLITUD","LTRENDIDX","M","2016-01",99.06583,
"DNK","BCI","AMPLITUD","LTRENDIDX","M","2016-02",98.94556,
"DNK","BCI","AMPLITUD","LTRENDIDX","M","2016-03",98.95398,
"DNK","BCI","AMPLITUD","LTRENDIDX","M","2016-04",99.06469,
"DNK","BCI","AMPLITUD","LTRENDIDX","M","2016-05",99.25292,
"DNK","BCI","AMPLITUD","LTRENDIDX","M","2016-06",99.53454,
"DNK","BCI","AMPLITUD","LTRENDIDX","M","2016-07",99.58315,
"DNK","BCI","AMPLITUD","LTRENDIDX","M","2016-08",99.36205,
"DNK","BCI","AMPLITUD","LTRENDIDX","M","2016-09",99.19539,
"DNK","BCI","AMPLITUD","LTRENDIDX","M","2016-10",99.24052,
"DNK","BCI","AMPLITUD","LTRENDIDX","M","2016-11",99.42995,
"DNK","BCI","AMPLITUD","LTRENDIDX","M","2016-12",99.69577,
"DNK","BCI","AMPLITUD","LTRENDIDX","M","2017-01",99.72035,
"DNK","BCI","AMPLITUD","LTRENDIDX","M","2017-02",99.70395,
"DNK","BCI","AMPLITUD","LTRENDIDX","M","2017-03",99.68108,
"DNK","BCI","AMPLITUD","LTRENDIDX","M","2017-04",99.70169,
"DNK","BCI","AMPLITUD","LTRENDIDX","M","2017-05",99.80914,
"DNK","BCI","AMPLITUD","LTRENDIDX","M","2017-06",100.334,
"DNK","BCI","AMPLITUD","LTRENDIDX","M","2017-07",101.0679,
"IND","BCI","AMPLITUD","LTRENDIDX","M","2000-05",100.2897,
"IND","BCI","AMPLITUD","LTRENDIDX","M","2000-06",100.6415,
"IND","BCI","AMPLITUD","LTRENDIDX","M","2000-07",100.9622,
"IND","BCI","AMPLITUD","LTRENDIDX","M","2000-08",101.1882,
"IND","BCI","AMPLITUD","LTRENDIDX","M","2000-09",101.2526,
"IND","BCI","AMPLITUD","LTRENDIDX","M","2000-10",101.2098,
"IND","BCI","AMPLITUD","LTRENDIDX","M","2000-11",101.1064,
"IND","BCI","AMPLITUD","LTRENDIDX","M","2000-12",100.9588,
"IND","BCI","AMPLITUD","LTRENDIDX","M","2001-01",100.7924,
"IND","BCI","AMPLITUD","LTRENDIDX","M","2001-02",100.6252,
"IND","BCI","AMPLITUD","LTRENDIDX","M","2001-03",100.4709,
"IND","BCI","AMPLITUD","LTRENDIDX","M","2001-04",100.3421,
"IND","BCI","AMPLITUD","LTRENDIDX","M","2001-05",100.2543,
"IND","BCI","AMPLITUD","LTRENDIDX","M","2001-06",100.2038,
"IND","BCI","AMPLITUD","LTRENDIDX","M","2001-07",100.1052,
"IND","BCI","AMPLITUD","LTRENDIDX","M","2001-08",99.82744,
"IND","BCI","AMPLITUD","LTRENDIDX","M","2001-09",99.27791,
"IND","BCI","AMPLITUD","LTRENDIDX","M","2001-10",98.66591,
"IND","BCI","AMPLITUD","LTRENDIDX","M","2001-11",98.29153,
"IND","BCI","AMPLITUD","LTRENDIDX","M","2001-12",98.39701,
"IND","BCI","AMPLITUD","LTRENDIDX","M","2002-01",98.78056,
"IND","BCI","AMPLITUD","LTRENDIDX","M","2002-02",99.20101,
"IND","BCI","AMPLITUD","LTRENDIDX","M","2002-03",99.50458,
"IND","BCI","AMPLITUD","LTRENDIDX","M","2002-04",99.71458,
"IND","BCI","AMPLITUD","LTRENDIDX","M","2002-05",99.8857,
"IND","BCI","AMPLITUD","LTRENDIDX","M","2002-06",100.0517,
"IND","BCI","AMPLITUD","LTRENDIDX","M","2002-07",100.2122,
"IND","BCI","AMPLITUD","LTRENDIDX","M","2002-08",100.3435,
"IND","BCI","AMPLITUD","LTRENDIDX","M","2002-09",100.4151,
"IND","BCI","AMPLITUD","LTRENDIDX","M","2002-10",100.4353,
"IND","BCI","AMPLITUD","LTRENDIDX","M","2002-11",100.4007,
"IND","BCI","AMPLITUD","LTRENDIDX","M","2002-12",100.2964,
"IND","BCI","AMPLITUD","LTRENDIDX","M","2003-01",100.152,
"IND","BCI","AMPLITUD","LTRENDIDX","M","2003-02",99.99767,
"IND","BCI","AMPLITUD","LTRENDIDX","M","2003-03",99.86145,
"IND","BCI","AMPLITUD","LTRENDIDX","M","2003-04",99.77536,
"IND","BCI","AMPLITUD","LTRENDIDX","M","2003-05",99.79892,
"IND","BCI","AMPLITUD","LTRENDIDX","M","2003-06",99.99239,
"IND","BCI","AMPLITUD","LTRENDIDX","M","2003-07",100.2804,
"IND","BCI","AMPLITUD","LTRENDIDX","M","2003-08",100.5805,
"IND","BCI","AMPLITUD","LTRENDIDX","M","2003-09",100.8377,
"IND","BCI","AMPLITUD","LTRENDIDX","M","2003-10",101.0464,
"IND","BCI","AMPLITUD","LTRENDIDX","M","2003-11",101.1948,
"IND","BCI","AMPLITUD","LTRENDIDX","M","2003-12",101.2589,
"IND","BCI","AMPLITUD","LTRENDIDX","M","2004-01",101.2557,
"IND","BCI","AMPLITUD","LTRENDIDX","M","2004-02",101.1857,
"IND","BCI","AMPLITUD","LTRENDIDX","M","2004-03",101.0434,
"IND","BCI","AMPLITUD","LTRENDIDX","M","2004-04",100.8939,
"IND","BCI","AMPLITUD","LTRENDIDX","M","2004-05",100.8246,
"IND","BCI","AMPLITUD","LTRENDIDX","M","2004-06",100.9051,
"IND","BCI","AMPLITUD","LTRENDIDX","M","2004-07",101.0661,
"IND","BCI","AMPLITUD","LTRENDIDX","M","2004-08",101.2198,
"IND","BCI","AMPLITUD","LTRENDIDX","M","2004-09",101.3004,
"IND","BCI","AMPLITUD","LTRENDIDX","M","2004-10",101.311,
"IND","BCI","AMPLITUD","LTRENDIDX","M","2004-11",101.252,
"IND","BCI","AMPLITUD","LTRENDIDX","M","2004-12",101.119,
"IND","BCI","AMPLITUD","LTRENDIDX","M","2005-01",100.9701,
"IND","BCI","AMPLITUD","LTRENDIDX","M","2005-02",100.8791,
"IND","BCI","AMPLITUD","LTRENDIDX","M","2005-03",100.9042,
"IND","BCI","AMPLITUD","LTRENDIDX","M","2005-04",100.9994,
"IND","BCI","AMPLITUD","LTRENDIDX","M","2005-05",101.1118,
"IND","BCI","AMPLITUD","LTRENDIDX","M","2005-06",101.2088,
"IND","BCI","AMPLITUD","LTRENDIDX","M","2005-07",101.2886,
"IND","BCI","AMPLITUD","LTRENDIDX","M","2005-08",101.3523,
"IND","BCI","AMPLITUD","LTRENDIDX","M","2005-09",101.3946,
"IND","BCI","AMPLITUD","LTRENDIDX","M","2005-10",101.4097,
"IND","BCI","AMPLITUD","LTRENDIDX","M","2005-11",101.3794,
"IND","BCI","AMPLITUD","LTRENDIDX","M","2005-12",101.2888,
"IND","BCI","AMPLITUD","LTRENDIDX","M","2006-01",101.1879,
"IND","BCI","AMPLITUD","LTRENDIDX","M","2006-02",101.1461,
"IND","BCI","AMPLITUD","LTRENDIDX","M","2006-03",101.2191,
"IND","BCI","AMPLITUD","LTRENDIDX","M","2006-04",101.3545,
"IND","BCI","AMPLITUD","LTRENDIDX","M","2006-05",101.4885,
"IND","BCI","AMPLITUD","LTRENDIDX","M","2006-06",101.5784,
"IND","BCI","AMPLITUD","LTRENDIDX","M","2006-07",101.6381,
"IND","BCI","AMPLITUD","LTRENDIDX","M","2006-08",101.689,
"IND","BCI","AMPLITUD","LTRENDIDX","M","2006-09",101.7431,
"IND","BCI","AMPLITUD","LTRENDIDX","M","2006-10",101.7927,
"IND","BCI","AMPLITUD","LTRENDIDX","M","2006-11",101.8178,
"IND","BCI","AMPLITUD","LTRENDIDX","M","2006-12",101.7966,
"IND","BCI","AMPLITUD","LTRENDIDX","M","2007-01",101.7413,
"IND","BCI","AMPLITUD","LTRENDIDX","M","2007-02",101.6621,
"IND","BCI","AMPLITUD","LTRENDIDX","M","2007-03",101.5644,
"IND","BCI","AMPLITUD","LTRENDIDX","M","2007-04",101.4717,
"IND","BCI","AMPLITUD","LTRENDIDX","M","2007-05",101.4135,
"IND","BCI","AMPLITUD","LTRENDIDX","M","2007-06",101.4089,
"IND","BCI","AMPLITUD","LTRENDIDX","M","2007-07",101.4162,
"IND","BCI","AMPLITUD","LTRENDIDX","M","2007-08",101.3792,
"IND","BCI","AMPLITUD","LTRENDIDX","M","2007-09",101.262,
"IND","BCI","AMPLITUD","LTRENDIDX","M","2007-10",101.1277,
"IND","BCI","AMPLITUD","LTRENDIDX","M","2007-11",101.0682,
"IND","BCI","AMPLITUD","LTRENDIDX","M","2007-12",101.1497,
"IND","BCI","AMPLITUD","LTRENDIDX","M","2008-01",101.2855,
"IND","BCI","AMPLITUD","LTRENDIDX","M","2008-02",101.3514,
"IND","BCI","AMPLITUD","LTRENDIDX","M","2008-03",101.2483,
"IND","BCI","AMPLITUD","LTRENDIDX","M","2008-04",101.0339,
"IND","BCI","AMPLITUD","LTRENDIDX","M","2008-05",100.7707,
"IND","BCI","AMPLITUD","LTRENDIDX","M","2008-06",100.484,
"IND","BCI","AMPLITUD","LTRENDIDX","M","2008-07",100.1701,
"IND","BCI","AMPLITUD","LTRENDIDX","M","2008-08",99.79007,
"IND","BCI","AMPLITUD","LTRENDIDX","M","2008-09",99.29214,
"IND","BCI","AMPLITUD","LTRENDIDX","M","2008-10",98.69893,
"IND","BCI","AMPLITUD","LTRENDIDX","M","2008-11",98.0267,
"IND","BCI","AMPLITUD","LTRENDIDX","M","2008-12",97.29955,
"IND","BCI","AMPLITUD","LTRENDIDX","M","2009-01",96.64272,
"IND","BCI","AMPLITUD","LTRENDIDX","M","2009-02",96.26445,
"IND","BCI","AMPLITUD","LTRENDIDX","M","2009-03",96.36752,
"IND","BCI","AMPLITUD","LTRENDIDX","M","2009-04",96.78212,
"IND","BCI","AMPLITUD","LTRENDIDX","M","2009-05",97.34793,
"IND","BCI","AMPLITUD","LTRENDIDX","M","2009-06",97.98454,
"IND","BCI","AMPLITUD","LTRENDIDX","M","2009-07",98.6107,
"IND","BCI","AMPLITUD","LTRENDIDX","M","2009-08",99.14595,
"IND","BCI","AMPLITUD","LTRENDIDX","M","2009-09",99.52263,
"IND","BCI","AMPLITUD","LTRENDIDX","M","2009-10",99.78886,
"IND","BCI","AMPLITUD","LTRENDIDX","M","2009-11",99.98096,
"IND","BCI","AMPLITUD","LTRENDIDX","M","2009-12",100.1064,
"IND","BCI","AMPLITUD","LTRENDIDX","M","2010-01",100.201,
"IND","BCI","AMPLITUD","LTRENDIDX","M","2010-02",100.2931,
"IND","BCI","AMPLITUD","LTRENDIDX","M","2010-03",100.3995,
"IND","BCI","AMPLITUD","LTRENDIDX","M","2010-04",100.5233,
"IND","BCI","AMPLITUD","LTRENDIDX","M","2010-05",100.669,
"IND","BCI","AMPLITUD","LTRENDIDX","M","2010-06",100.8405,
"IND","BCI","AMPLITUD","LTRENDIDX","M","2010-07",101.0171,
"IND","BCI","AMPLITUD","LTRENDIDX","M","2010-08",101.1682,
"IND","BCI","AMPLITUD","LTRENDIDX","M","2010-09",101.2631,
"IND","BCI","AMPLITUD","LTRENDIDX","M","2010-10",101.3064,
"IND","BCI","AMPLITUD","LTRENDIDX","M","2010-11",101.2901,
"IND","BCI","AMPLITUD","LTRENDIDX","M","2010-12",101.1977,
"IND","BCI","AMPLITUD","LTRENDIDX","M","2011-01",101.0682,
"IND","BCI","AMPLITUD","LTRENDIDX","M","2011-02",100.9397,
"IND","BCI","AMPLITUD","LTRENDIDX","M","2011-03",100.8311,
"IND","BCI","AMPLITUD","LTRENDIDX","M","2011-04",100.7224,
"IND","BCI","AMPLITUD","LTRENDIDX","M","2011-05",100.5784,
"IND","BCI","AMPLITUD","LTRENDIDX","M","2011-06",100.3727,
"IND","BCI","AMPLITUD","LTRENDIDX","M","2011-07",100.147,
"IND","BCI","AMPLITUD","LTRENDIDX","M","2011-08",99.96259,
"IND","BCI","AMPLITUD","LTRENDIDX","M","2011-09",99.87171,
"IND","BCI","AMPLITUD","LTRENDIDX","M","2011-10",99.84781,
"IND","BCI","AMPLITUD","LTRENDIDX","M","2011-11",99.86315,
"IND","BCI","AMPLITUD","LTRENDIDX","M","2011-12",99.89956,
"IND","BCI","AMPLITUD","LTRENDIDX","M","2012-01",99.91985,
"IND","BCI","AMPLITUD","LTRENDIDX","M","2012-02",99.87382,
"IND","BCI","AMPLITUD","LTRENDIDX","M","2012-03",99.72026,
"IND","BCI","AMPLITUD","LTRENDIDX","M","2012-04",99.51546,
"IND","BCI","AMPLITUD","LTRENDIDX","M","2012-05",99.33081,
"IND","BCI","AMPLITUD","LTRENDIDX","M","2012-06",99.22173,
"IND","BCI","AMPLITUD","LTRENDIDX","M","2012-07",99.17645,
"IND","BCI","AMPLITUD","LTRENDIDX","M","2012-08",99.18316,
"IND","BCI","AMPLITUD","LTRENDIDX","M","2012-09",99.23349,
"IND","BCI","AMPLITUD","LTRENDIDX","M","2012-10",99.27384,
"IND","BCI","AMPLITUD","LTRENDIDX","M","2012-11",99.23002,
"IND","BCI","AMPLITUD","LTRENDIDX","M","2012-12",99.04185,
"IND","BCI","AMPLITUD","LTRENDIDX","M","2013-01",98.78197,
"IND","BCI","AMPLITUD","LTRENDIDX","M","2013-02",98.54194,
"IND","BCI","AMPLITUD","LTRENDIDX","M","2013-03",98.39014,
"IND","BCI","AMPLITUD","LTRENDIDX","M","2013-04",98.30976,
"IND","BCI","AMPLITUD","LTRENDIDX","M","2013-05",98.28667,
"IND","BCI","AMPLITUD","LTRENDIDX","M","2013-06",98.32585,
"IND","BCI","AMPLITUD","LTRENDIDX","M","2013-07",98.41061,
"IND","BCI","AMPLITUD","LTRENDIDX","M","2013-08",98.53829,
"IND","BCI","AMPLITUD","LTRENDIDX","M","2013-09",98.71049,
"IND","BCI","AMPLITUD","LTRENDIDX","M","2013-10",98.88032,
"IND","BCI","AMPLITUD","LTRENDIDX","M","2013-11",98.98304,
"IND","BCI","AMPLITUD","LTRENDIDX","M","2013-12",98.96906,
"IND","BCI","AMPLITUD","LTRENDIDX","M","2014-01",98.90401,
"IND","BCI","AMPLITUD","LTRENDIDX","M","2014-02",98.87253,
"IND","BCI","AMPLITUD","LTRENDIDX","M","2014-03",98.93301,
"IND","BCI","AMPLITUD","LTRENDIDX","M","2014-04",99.03895,
"IND","BCI","AMPLITUD","LTRENDIDX","M","2014-05",99.12389,
"IND","BCI","AMPLITUD","LTRENDIDX","M","2014-06",99.14103,
"IND","BCI","AMPLITUD","LTRENDIDX","M","2014-07",99.12379,
"IND","BCI","AMPLITUD","LTRENDIDX","M","2014-08",99.12011,
"IND","BCI","AMPLITUD","LTRENDIDX","M","2014-09",99.16125,
"IND","BCI","AMPLITUD","LTRENDIDX","M","2014-10",99.21696,
"IND","BCI","AMPLITUD","LTRENDIDX","M","2014-11",99.23807,
"IND","BCI","AMPLITUD","LTRENDIDX","M","2014-12",99.1846,
"IND","BCI","AMPLITUD","LTRENDIDX","M","2015-01",99.08842,
"IND","BCI","AMPLITUD","LTRENDIDX","M","2015-02",98.98985,
"IND","BCI","AMPLITUD","LTRENDIDX","M","2015-03",98.91702,
"IND","BCI","AMPLITUD","LTRENDIDX","M","2015-04",98.8676,
"IND","BCI","AMPLITUD","LTRENDIDX","M","2015-05",98.83754,
"IND","BCI","AMPLITUD","LTRENDIDX","M","2015-06",98.82639,
"IND","BCI","AMPLITUD","LTRENDIDX","M","2015-07",98.82327,
"IND","BCI","AMPLITUD","LTRENDIDX","M","2015-08",98.81802,
"IND","BCI","AMPLITUD","LTRENDIDX","M","2015-09",98.80434,
"IND","BCI","AMPLITUD","LTRENDIDX","M","2015-10",98.78503,
"IND","BCI","AMPLITUD","LTRENDIDX","M","2015-11",98.76357,
"IND","BCI","AMPLITUD","LTRENDIDX","M","2015-12",98.74146,
"IND","BCI","AMPLITUD","LTRENDIDX","M","2016-01",98.71763,
"IND","BCI","AMPLITUD","LTRENDIDX","M","2016-02",98.68846,
"IND","BCI","AMPLITUD","LTRENDIDX","M","2016-03",98.64959,
"IND","BCI","AMPLITUD","LTRENDIDX","M","2016-04",98.60303,
"IND","BCI","AMPLITUD","LTRENDIDX","M","2016-05",98.55196,
"IND","BCI","AMPLITUD","LTRENDIDX","M","2016-06",98.5032,
"IND","BCI","AMPLITUD","LTRENDIDX","M","2016-07",98.47418,
"IND","BCI","AMPLITUD","LTRENDIDX","M","2016-08",98.49757,
"IND","BCI","AMPLITUD","LTRENDIDX","M","2016-09",98.60629,
"IND","BCI","AMPLITUD","LTRENDIDX","M","2016-10",98.76592,
"IND","BCI","AMPLITUD","LTRENDIDX","M","2016-11",98.94247,
"CZE","BCI","AMPLITUD","LTRENDIDX","M","1993-02",96.1117,
"CZE","BCI","AMPLITUD","LTRENDIDX","M","1993-03",95.75518,
"CZE","BCI","AMPLITUD","LTRENDIDX","M","1993-04",95.5797,
"CZE","BCI","AMPLITUD","LTRENDIDX","M","1993-05",95.51916,
"CZE","BCI","AMPLITUD","LTRENDIDX","M","1993-06",95.81246,
"CZE","BCI","AMPLITUD","LTRENDIDX","M","1993-07",96.38921,
"CZE","BCI","AMPLITUD","LTRENDIDX","M","1993-08",96.59203,
"CZE","BCI","AMPLITUD","LTRENDIDX","M","1993-09",96.87562,
"CZE","BCI","AMPLITUD","LTRENDIDX","M","1993-10",97.03436,
"CZE","BCI","AMPLITUD","LTRENDIDX","M","1993-11",96.97034,
"CZE","BCI","AMPLITUD","LTRENDIDX","M","1993-12",97.05248,
"CZE","BCI","AMPLITUD","LTRENDIDX","M","1994-01",97.17616,
"CZE","BCI","AMPLITUD","LTRENDIDX","M","1994-02",97.34019,
"CZE","BCI","AMPLITUD","LTRENDIDX","M","1994-03",97.52312,
"CZE","BCI","AMPLITUD","LTRENDIDX","M","1994-04",97.81748,
"CZE","BCI","AMPLITUD","LTRENDIDX","M","1994-05",98.23107,
"CZE","BCI","AMPLITUD","LTRENDIDX","M","1994-06",98.78498,
"CZE","BCI","AMPLITUD","LTRENDIDX","M","1994-07",99.03725,
"CZE","BCI","AMPLITUD","LTRENDIDX","M","1994-08",99.12975,
"CZE","BCI","AMPLITUD","LTRENDIDX","M","1994-09",99.22202,
"CZE","BCI","AMPLITUD","LTRENDIDX","M","1994-10",99.58712,
"CZE","BCI","AMPLITUD","LTRENDIDX","M","1994-11",100.1897,
"CZE","BCI","AMPLITUD","LTRENDIDX","M","1994-12",100.6037,
"CZE","BCI","AMPLITUD","LTRENDIDX","M","1995-01",100.9001,
"CZE","BCI","AMPLITUD","LTRENDIDX","M","1995-02",101.2021,
"CZE","BCI","AMPLITUD","LTRENDIDX","M","1995-03",101.4516,
"CZE","BCI","AMPLITUD","LTRENDIDX","M","1995-04",101.4047,
"CZE","BCI","AMPLITUD","LTRENDIDX","M","1995-05",101.2303,
"CZE","BCI","AMPLITUD","LTRENDIDX","M","1995-06",100.725,
"CZE","BCI","AMPLITUD","LTRENDIDX","M","1995-07",100.4136,
"CZE","BCI","AMPLITUD","LTRENDIDX","M","1995-08",100.0922,
"CZE","BCI","AMPLITUD","LTRENDIDX","M","1995-09",99.90926,
"CZE","BCI","AMPLITUD","LTRENDIDX","M","1995-10",99.69775,
"CZE","BCI","AMPLITUD","LTRENDIDX","M","1995-11",99.3623,
"CZE","BCI","AMPLITUD","LTRENDIDX","M","1995-12",99.26334,
"CZE","BCI","AMPLITUD","LTRENDIDX","M","1996-01",99.46958,
"CZE","BCI","AMPLITUD","LTRENDIDX","M","1996-02",99.40192,
"CZE","BCI","AMPLITUD","LTRENDIDX","M","1996-03",99.1181,
"CZE","BCI","AMPLITUD","LTRENDIDX","M","1996-04",99.19209,
"CZE","BCI","AMPLITUD","LTRENDIDX","M","1996-05",99.44411,
"CZE","BCI","AMPLITUD","LTRENDIDX","M","1996-06",99.5729,
"CZE","BCI","AMPLITUD","LTRENDIDX","M","1996-07",99.42167,
"CZE","BCI","AMPLITUD","LTRENDIDX","M","1996-08",99.4456,
"CZE","BCI","AMPLITUD","LTRENDIDX","M","1996-09",99.85873,
"CZE","BCI","AMPLITUD","LTRENDIDX","M","1996-10",100.092,
"CZE","BCI","AMPLITUD","LTRENDIDX","M","1996-11",100.1224,
"CZE","BCI","AMPLITUD","LTRENDIDX","M","1996-12",100.1923,
"CZE","BCI","AMPLITUD","LTRENDIDX","M","1997-01",100.12,
"CZE","BCI","AMPLITUD","LTRENDIDX","M","1997-02",100.0462,
"CZE","BCI","AMPLITUD","LTRENDIDX","M","1997-03",100.0981,
"CZE","BCI","AMPLITUD","LTRENDIDX","M","1997-04",100.196,
"CZE","BCI","AMPLITUD","LTRENDIDX","M","1997-05",100.4257,
"CZE","BCI","AMPLITUD","LTRENDIDX","M","1997-06",100.7051,
"CZE","BCI","AMPLITUD","LTRENDIDX","M","1997-07",101.0248,
"CZE","BCI","AMPLITUD","LTRENDIDX","M","1997-08",101.248,
"CZE","BCI","AMPLITUD","LTRENDIDX","M","1997-09",101.2607,
"CZE","BCI","AMPLITUD","LTRENDIDX","M","1997-10",101.1104,
"CZE","BCI","AMPLITUD","LTRENDIDX","M","1997-11",101.1341,
"CZE","BCI","AMPLITUD","LTRENDIDX","M","1997-12",101.1511,
"CZE","BCI","AMPLITUD","LTRENDIDX","M","1998-01",101.1932,
"CZE","BCI","AMPLITUD","LTRENDIDX","M","1998-02",101.1734,
"CZE","BCI","AMPLITUD","LTRENDIDX","M","1998-03",100.7495,
"CZE","BCI","AMPLITUD","LTRENDIDX","M","1998-04",100.0664,
"CZE","BCI","AMPLITUD","LTRENDIDX","M","1998-05",99.3947,
"CZE","BCI","AMPLITUD","LTRENDIDX","M","1998-06",99.21771,
"CZE","BCI","AMPLITUD","LTRENDIDX","M","1998-07",98.94138,
"CZE","BCI","AMPLITUD","LTRENDIDX","M","1998-08",98.38954,
"CZE","BCI","AMPLITUD","LTRENDIDX","M","1998-09",97.6565,
"CZE","BCI","AMPLITUD","LTRENDIDX","M","1998-10",96.79574,
"CZE","BCI","AMPLITUD","LTRENDIDX","M","1998-11",96.16056,
"CZE","BCI","AMPLITUD","LTRENDIDX","M","1998-12",95.77391,
"CZE","BCI","AMPLITUD","LTRENDIDX","M","1999-01",95.64969,
"CZE","BCI","AMPLITUD","LTRENDIDX","M","1999-02",95.80269,
"CZE","BCI","AMPLITUD","LTRENDIDX","M","1999-03",95.94914,
"CZE","BCI","AMPLITUD","LTRENDIDX","M","1999-04",96.54644,
"CZE","BCI","AMPLITUD","LTRENDIDX","M","1999-05",97.24987,
"CZE","BCI","AMPLITUD","LTRENDIDX","M","1999-06",98.01037,
"CZE","BCI","AMPLITUD","LTRENDIDX","M","1999-07",98.44947,
"CZE","BCI","AMPLITUD","LTRENDIDX","M","1999-08",98.6683,
"CZE","BCI","AMPLITUD","LTRENDIDX","M","1999-09",99.54611,
"CZE","BCI","AMPLITUD","LTRENDIDX","M","1999-10",100.3399,
"CZE","BCI","AMPLITUD","LTRENDIDX","M","1999-11",100.9925,
"CZE","BCI","AMPLITUD","LTRENDIDX","M","1999-12",101.3075,
"CZE","BCI","AMPLITUD","LTRENDIDX","M","2000-01",101.3797,
"CZE","BCI","AMPLITUD","LTRENDIDX","M","2000-02",101.6092,
"CZE","BCI","AMPLITUD","LTRENDIDX","M","2000-03",102.1277,
"CZE","BCI","AMPLITUD","LTRENDIDX","M","2000-04",102.7094,
"CZE","BCI","AMPLITUD","LTRENDIDX","M","2000-05",103.3518,
"CZE","BCI","AMPLITUD","LTRENDIDX","M","2000-06",103.6933,
"CZE","BCI","AMPLITUD","LTRENDIDX","M","2000-07",103.3604,
"CZE","BCI","AMPLITUD","LTRENDIDX","M","2000-08",102.8181,
"CZE","BCI","AMPLITUD","LTRENDIDX","M","2000-09",102.5423,
"CZE","BCI","AMPLITUD","LTRENDIDX","M","2000-10",102.3372,
"CZE","BCI","AMPLITUD","LTRENDIDX","M","2000-11",101.9566,
"CZE","BCI","AMPLITUD","LTRENDIDX","M","2000-12",101.6075,
"CZE","BCI","AMPLITUD","LTRENDIDX","M","2001-01",101.5457,
"CZE","BCI","AMPLITUD","LTRENDIDX","M","2001-02",101.4362,
"CZE","BCI","AMPLITUD","LTRENDIDX","M","2001-03",101.4821,
"CZE","BCI","AMPLITUD","LTRENDIDX","M","2001-04",101.3574,
"CZE","BCI","AMPLITUD","LTRENDIDX","M","2001-05",100.9139,
"CZE","BCI","AMPLITUD","LTRENDIDX","M","2001-06",100.4479,
"CZE","BCI","AMPLITUD","LTRENDIDX","M","2001-07",100.358,
"CZE","BCI","AMPLITUD","LTRENDIDX","M","2001-08",100.2779,
"CZE","BCI","AMPLITUD","LTRENDIDX","M","2001-09",99.76218,
"CZE","BCI","AMPLITUD","LTRENDIDX","M","2001-10",99.23,
"CZE","BCI","AMPLITUD","LTRENDIDX","M","2001-11",99.02094,
"CZE","BCI","AMPLITUD","LTRENDIDX","M","2001-12",99.33089,
"CZE","BCI","AMPLITUD","LTRENDIDX","M","2002-01",99.73062,
"CZE","BCI","AMPLITUD","LTRENDIDX","M","2002-02",99.82877,
"CZE","BCI","AMPLITUD","LTRENDIDX","M","2002-03",99.95511,
"CZE","BCI","AMPLITUD","LTRENDIDX","M","2002-04",99.88528,
"CZE","BCI","AMPLITUD","LTRENDIDX","M","2002-05",99.82874,
"CZE","BCI","AMPLITUD","LTRENDIDX","M","2002-06",99.83945,
"CZE","BCI","AMPLITUD","LTRENDIDX","M","2002-07",99.90386,
"CZE","BCI","AMPLITUD","LTRENDIDX","M","2002-08",99.93008,
"CZE","BCI","AMPLITUD","LTRENDIDX","M","2002-09",99.85616,
"CZE","BCI","AMPLITUD","LTRENDIDX","M","2002-10",100.0947,
"CZE","BCI","AMPLITUD","LTRENDIDX","M","2002-11",100.2258,
"CZE","BCI","AMPLITUD","LTRENDIDX","M","2002-12",100.3277,
"CZE","BCI","AMPLITUD","LTRENDIDX","M","2003-01",100.4689,
"CZE","BCI","AMPLITUD","LTRENDIDX","M","2003-02",100.5913,
"CZE","BCI","AMPLITUD","LTRENDIDX","M","2003-03",100.6821,
"CZE","BCI","AMPLITUD","LTRENDIDX","M","2003-04",100.7614,
"CZE","BCI","AMPLITUD","LTRENDIDX","M","2003-05",100.588,
"CZE","BCI","AMPLITUD","LTRENDIDX","M","2003-06",100.2854,
"CZE","BCI","AMPLITUD","LTRENDIDX","M","2003-07",100.045,
"CZE","BCI","AMPLITUD","LTRENDIDX","M","2003-08",99.92638,
"CZE","BCI","AMPLITUD","LTRENDIDX","M","2003-09",100.035,
"CZE","BCI","AMPLITUD","LTRENDIDX","M","2003-10",100.6247,
"CZE","BCI","AMPLITUD","LTRENDIDX","M","2003-11",101.205,
"CZE","BCI","AMPLITUD","LTRENDIDX","M","2003-12",101.3163,
"CZE","BCI","AMPLITUD","LTRENDIDX","M","2004-01",101.1583,
"CZE","BCI","AMPLITUD","LTRENDIDX","M","2004-02",101.0235,
"CZE","BCI","AMPLITUD","LTRENDIDX","M","2004-03",100.9841,
"CZE","BCI","AMPLITUD","LTRENDIDX","M","2004-04",101.0744,
"CZE","BCI","AMPLITUD","LTRENDIDX","M","2004-05",101.2198,
"CZE","BCI","AMPLITUD","LTRENDIDX","M","2004-06",101.4607,
"CZE","BCI","AMPLITUD","LTRENDIDX","M","2004-07",101.5874,
"CZE","BCI","AMPLITUD","LTRENDIDX","M","2004-08",101.6525,
"CZE","BCI","AMPLITUD","LTRENDIDX","M","2004-09",101.7656,
"CZE","BCI","AMPLITUD","LTRENDIDX","M","2004-10",101.934,
"CZE","BCI","AMPLITUD","LTRENDIDX","M","2004-11",102.1067,
"CZE","BCI","AMPLITUD","LTRENDIDX","M","2004-12",102.0376,
"CZE","BCI","AMPLITUD","LTRENDIDX","M","2005-01",101.6772,
"CZE","BCI","AMPLITUD","LTRENDIDX","M","2005-02",101.258,
"CZE","BCI","AMPLITUD","LTRENDIDX","M","2005-03",100.8856,
"CZE","BCI","AMPLITUD","LTRENDIDX","M","2005-04",100.7382,
"CZE","BCI","AMPLITUD","LTRENDIDX","M","2005-05",100.8426,
"CZE","BCI","AMPLITUD","LTRENDIDX","M","2005-06",100.9704,
"CZE","BCI","AMPLITUD","LTRENDIDX","M","2005-07",101.083,
"CZE","BCI","AMPLITUD","LTRENDIDX","M","2005-08",101.0155,
"CZE","BCI","AMPLITUD","LTRENDIDX","M","2005-09",101.0076,
"CZE","BCI","AMPLITUD","LTRENDIDX","M","2005-10",101.1589,
"CZE","BCI","AMPLITUD","LTRENDIDX","M","2005-11",101.28,
"CZE","BCI","AMPLITUD","LTRENDIDX","M","2005-12",101.3529,
"CZE","BCI","AMPLITUD","LTRENDIDX","M","2006-01",101.3006,
"CZE","BCI","AMPLITUD","LTRENDIDX","M","2006-02",101.2122,
"CZE","BCI","AMPLITUD","LTRENDIDX","M","2006-03",101.1909,
"CZE","BCI","AMPLITUD","LTRENDIDX","M","2006-04",101.2385,
"CZE","BCI","AMPLITUD","LTRENDIDX","M","2006-05",101.3869,
"CZE","BCI","AMPLITUD","LTRENDIDX","M","2006-06",101.5871,
"CZE","BCI","AMPLITUD","LTRENDIDX","M","2006-07",101.8284,
"CZE","BCI","AMPLITUD","LTRENDIDX","M","2006-08",101.9686,
"CZE","BCI","AMPLITUD","LTRENDIDX","M","2006-09",101.9646,
"CZE","BCI","AMPLITUD","LTRENDIDX","M","2006-10",102.0296,
"CZE","BCI","AMPLITUD","LTRENDIDX","M","2006-11",102.1351,
"CZE","BCI","AMPLITUD","LTRENDIDX","M","2006-12",102.1815,
"CZE","BCI","AMPLITUD","LTRENDIDX","M","2007-01",102.1436,
"CZE","BCI","AMPLITUD","LTRENDIDX","M","2007-02",102.1498,
"CZE","BCI","AMPLITUD","LTRENDIDX","M","2007-03",102.253,
"CZE","BCI","AMPLITUD","LTRENDIDX","M","2007-04",102.3775,
"CZE","BCI","AMPLITUD","LTRENDIDX","M","2007-05",102.5296,
"CZE","BCI","AMPLITUD","LTRENDIDX","M","2007-06",102.6101,
"CZE","BCI","AMPLITUD","LTRENDIDX","M","2007-07",102.6238,
"CZE","BCI","AMPLITUD","LTRENDIDX","M","2007-08",102.5827,
"CZE","BCI","AMPLITUD","LTRENDIDX","M","2007-09",102.4923,
"CZE","BCI","AMPLITUD","LTRENDIDX","M","2007-10",102.4089,
"CZE","BCI","AMPLITUD","LTRENDIDX","M","2007-11",102.3255,
"CZE","BCI","AMPLITUD","LTRENDIDX","M","2007-12",102.3185,
"CZE","BCI","AMPLITUD","LTRENDIDX","M","2008-01",102.3165,
"CZE","BCI","AMPLITUD","LTRENDIDX","M","2008-02",102.2178,
"CZE","BCI","AMPLITUD","LTRENDIDX","M","2008-03",102.0489,
"CZE","BCI","AMPLITUD","LTRENDIDX","M","2008-04",101.8596,
"CZE","BCI","AMPLITUD","LTRENDIDX","M","2008-05",101.5932,
"CZE","BCI","AMPLITUD","LTRENDIDX","M","2008-06",101.3076,
"CZE","BCI","AMPLITUD","LTRENDIDX","M","2008-07",100.9551,
"CZE","BCI","AMPLITUD","LTRENDIDX","M","2008-08",100.3852,
"CZE","BCI","AMPLITUD","LTRENDIDX","M","2008-09",99.4621,
"CZE","BCI","AMPLITUD","LTRENDIDX","M","2008-10",98.24207,
"CZE","BCI","AMPLITUD","LTRENDIDX","M","2008-11",96.93917,
"CZE","BCI","AMPLITUD","LTRENDIDX","M","2008-12",95.63867,
"CZE","BCI","AMPLITUD","LTRENDIDX","M","2009-01",94.87802,
"CZE","BCI","AMPLITUD","LTRENDIDX","M","2009-02",94.62457,
"CZE","BCI","AMPLITUD","LTRENDIDX","M","2009-03",94.94212,
"CZE","BCI","AMPLITUD","LTRENDIDX","M","2009-04",95.53804,
"CZE","BCI","AMPLITUD","LTRENDIDX","M","2009-05",96.07357,
"CZE","BCI","AMPLITUD","LTRENDIDX","M","2009-06",96.55662,
"CZE","BCI","AMPLITUD","LTRENDIDX","M","2009-07",96.88466,
"CZE","BCI","AMPLITUD","LTRENDIDX","M","2009-08",97.13076,
"CZE","BCI","AMPLITUD","LTRENDIDX","M","2009-09",97.29396,
"CZE","BCI","AMPLITUD","LTRENDIDX","M","2009-10",97.27294,
"CZE","BCI","AMPLITUD","LTRENDIDX","M","2009-11",97.42471,
"CZE","BCI","AMPLITUD","LTRENDIDX","M","2009-12",97.86372,
"CZE","BCI","AMPLITUD","LTRENDIDX","M","2010-01",98.40424,
"CZE","BCI","AMPLITUD","LTRENDIDX","M","2010-02",98.92177,
"CZE","BCI","AMPLITUD","LTRENDIDX","M","2010-03",99.29903,
"CZE","BCI","AMPLITUD","LTRENDIDX","M","2010-04",99.77162,
"CZE","BCI","AMPLITUD","LTRENDIDX","M","2010-05",100.1584,
"CZE","BCI","AMPLITUD","LTRENDIDX","M","2010-06",100.4404,
"CZE","BCI","AMPLITUD","LTRENDIDX","M","2010-07",100.688,
"CZE","BCI","AMPLITUD","LTRENDIDX","M","2010-08",100.8259,
"CZE","BCI","AMPLITUD","LTRENDIDX","M","2010-09",100.9504,
"CZE","BCI","AMPLITUD","LTRENDIDX","M","2010-10",101.2389,
"CZE","BCI","AMPLITUD","LTRENDIDX","M","2010-11",101.7152,
"CZE","BCI","AMPLITUD","LTRENDIDX","M","2010-12",102.181,
"CZE","BCI","AMPLITUD","LTRENDIDX","M","2011-01",102.2577,
"CZE","BCI","AMPLITUD","LTRENDIDX","M","2011-02",101.9557,
"CZE","BCI","AMPLITUD","LTRENDIDX","M","2011-03",101.4885,
"CZE","BCI","AMPLITUD","LTRENDIDX","M","2011-04",101.0097,
"CZE","BCI","AMPLITUD","LTRENDIDX","M","2011-05",100.6087,
"CZE","BCI","AMPLITUD","LTRENDIDX","M","2011-06",100.3979,
"CZE","BCI","AMPLITUD","LTRENDIDX","M","2011-07",100.3171,
"CZE","BCI","AMPLITUD","LTRENDIDX","M","2011-08",100.2658,
"CZE","BCI","AMPLITUD","LTRENDIDX","M","2011-09",100.2306,
"CZE","BCI","AMPLITUD","LTRENDIDX","M","2011-10",100.2433,
"CZE","BCI","AMPLITUD","LTRENDIDX","M","2011-11",100.1328,
"CZE","BCI","AMPLITUD","LTRENDIDX","M","2011-12",99.99926,
"CZE","BCI","AMPLITUD","LTRENDIDX","M","2012-01",99.96346,
"CZE","BCI","AMPLITUD","LTRENDIDX","M","2012-02",99.98663,
"CZE","BCI","AMPLITUD","LTRENDIDX","M","2012-03",99.90617,
"CZE","BCI","AMPLITUD","LTRENDIDX","M","2012-04",99.63223,
"CZE","BCI","AMPLITUD","LTRENDIDX","M","2012-05",99.27523,
"CZE","BCI","AMPLITUD","LTRENDIDX","M","2012-06",98.87048,
"CZE","BCI","AMPLITUD","LTRENDIDX","M","2012-07",98.5155,
"CZE","BCI","AMPLITUD","LTRENDIDX","M","2012-08",98.33531,
"CZE","BCI","AMPLITUD","LTRENDIDX","M","2012-09",98.27244,
"CZE","BCI","AMPLITUD","LTRENDIDX","M","2012-10",98.23569,
"CZE","BCI","AMPLITUD","LTRENDIDX","M","2012-11",98.22581,
"CZE","BCI","AMPLITUD","LTRENDIDX","M","2012-12",98.37229,
"CZE","BCI","AMPLITUD","LTRENDIDX","M","2013-01",98.45661,
"CZE","BCI","AMPLITUD","LTRENDIDX","M","2013-02",98.53487,
"CZE","BCI","AMPLITUD","LTRENDIDX","M","2013-03",98.46109,
"CZE","BCI","AMPLITUD","LTRENDIDX","M","2013-04",98.31114,
"CZE","BCI","AMPLITUD","LTRENDIDX","M","2013-05",98.2682,
"CZE","BCI","AMPLITUD","LTRENDIDX","M","2013-06",98.31762,
"CZE","BCI","AMPLITUD","LTRENDIDX","M","2013-07",98.4938,
"CZE","BCI","AMPLITUD","LTRENDIDX","M","2013-08",98.76808,
"CZE","BCI","AMPLITUD","LTRENDIDX","M","2013-09",99.18639,
"CZE","BCI","AMPLITUD","LTRENDIDX","M","2013-10",99.67347,
"CZE","BCI","AMPLITUD","LTRENDIDX","M","2013-11",100.0226,
"CZE","BCI","AMPLITUD","LTRENDIDX","M","2013-12",100.0676,
"CZE","BCI","AMPLITUD","LTRENDIDX","M","2014-01",100.0244,
"CZE","BCI","AMPLITUD","LTRENDIDX","M","2014-02",100.0851,
"CZE","BCI","AMPLITUD","LTRENDIDX","M","2014-03",100.1786,
"CZE","BCI","AMPLITUD","LTRENDIDX","M","2014-04",100.2547,
"CZE","BCI","AMPLITUD","LTRENDIDX","M","2014-05",100.3016,
"CZE","BCI","AMPLITUD","LTRENDIDX","M","2014-06",100.2841,
"CZE","BCI","AMPLITUD","LTRENDIDX","M","2014-07",100.2705,
"CZE","BCI","AMPLITUD","LTRENDIDX","M","2014-08",100.3239,
"CZE","BCI","AMPLITUD","LTRENDIDX","M","2014-09",100.3906,
"CZE","BCI","AMPLITUD","LTRENDIDX","M","2014-10",100.3877,
"CZE","BCI","AMPLITUD","LTRENDIDX","M","2014-11",100.3561,
"CZE","BCI","AMPLITUD","LTRENDIDX","M","2014-12",100.3223,
"CZE","BCI","AMPLITUD","LTRENDIDX","M","2015-01",100.283,
"CZE","BCI","AMPLITUD","LTRENDIDX","M","2015-02",100.3014,
"CZE","BCI","AMPLITUD","LTRENDIDX","M","2015-03",100.3897,
"CZE","BCI","AMPLITUD","LTRENDIDX","M","2015-04",100.4592,
"CZE","BCI","AMPLITUD","LTRENDIDX","M","2015-05",100.5304,
"CZE","BCI","AMPLITUD","LTRENDIDX","M","2015-06",100.5849,
"CZE","BCI","AMPLITUD","LTRENDIDX","M","2015-07",100.5414,
"CZE","BCI","AMPLITUD","LTRENDIDX","M","2015-08",100.4048,
"CZE","BCI","AMPLITUD","LTRENDIDX","M","2015-09",100.2633,
"CZE","BCI","AMPLITUD","LTRENDIDX","M","2015-10",100.1263,
"CZE","BCI","AMPLITUD","LTRENDIDX","M","2015-11",100.0819,
"CZE","BCI","AMPLITUD","LTRENDIDX","M","2015-12",100.1352,
"CZE","BCI","AMPLITUD","LTRENDIDX","M","2016-01",100.2379,
"CZE","BCI","AMPLITUD","LTRENDIDX","M","2016-02",100.2183,
"CZE","BCI","AMPLITUD","LTRENDIDX","M","2016-03",100.1502,
"CZE","BCI","AMPLITUD","LTRENDIDX","M","2016-04",100.1526,
"CZE","BCI","AMPLITUD","LTRENDIDX","M","2016-05",100.2062,
"CZE","BCI","AMPLITUD","LTRENDIDX","M","2016-06",100.2929,
"CZE","BCI","AMPLITUD","LTRENDIDX","M","2016-07",100.4361,
"CZE","BCI","AMPLITUD","LTRENDIDX","M","2016-08",100.567,
"CZE","BCI","AMPLITUD","LTRENDIDX","M","2016-09",100.6323,
"CZE","BCI","AMPLITUD","LTRENDIDX","M","2016-10",100.6987,
"CZE","BCI","AMPLITUD","LTRENDIDX","M","2016-11",100.7937,
"CZE","BCI","AMPLITUD","LTRENDIDX","M","2016-12",100.7761,
"CZE","BCI","AMPLITUD","LTRENDIDX","M","2017-01",100.6181,
"CZE","BCI","AMPLITUD","LTRENDIDX","M","2017-02",100.4224,
"CZE","BCI","AMPLITUD","LTRENDIDX","M","2017-03",100.2355,
"CZE","BCI","AMPLITUD","LTRENDIDX","M","2017-04",100.133,
"CZE","BCI","AMPLITUD","LTRENDIDX","M","2017-05",100.1084,
"CZE","BCI","AMPLITUD","LTRENDIDX","M","2017-06",100.1601,
"CZE","BCI","AMPLITUD","LTRENDIDX","M","2017-07",100.2062,
"IRL","BCI","AMPLITUD","LTRENDIDX","M","1985-01",97.33329,
"IRL","BCI","AMPLITUD","LTRENDIDX","M","1985-02",97.67455,
"IRL","BCI","AMPLITUD","LTRENDIDX","M","1985-03",98.14093,
"IRL","BCI","AMPLITUD","LTRENDIDX","M","1985-04",98.08387,
"IRL","BCI","AMPLITUD","LTRENDIDX","M","1985-05",97.99174,
"IRL","BCI","AMPLITUD","LTRENDIDX","M","1985-06",98.31436,
"IRL","BCI","AMPLITUD","LTRENDIDX","M","1985-07",99.1737,
"IRL","BCI","AMPLITUD","LTRENDIDX","M","1985-08",100.364,
"IRL","BCI","AMPLITUD","LTRENDIDX","M","1985-09",100.8446,
"IRL","BCI","AMPLITUD","LTRENDIDX","M","1985-10",100.6016,
"IRL","BCI","AMPLITUD","LTRENDIDX","M","1985-11",100.05,
"IRL","BCI","AMPLITUD","LTRENDIDX","M","1985-12",99.51384,
"IRL","BCI","AMPLITUD","LTRENDIDX","M","1986-01",99.42506,
"IRL","BCI","AMPLITUD","LTRENDIDX","M","1986-02",99.59832,
"IRL","BCI","AMPLITUD","LTRENDIDX","M","1986-03",99.58369,
"IRL","BCI","AMPLITUD","LTRENDIDX","M","1986-04",98.96293,
"IRL","BCI","AMPLITUD","LTRENDIDX","M","1986-05",98.24454,
"IRL","BCI","AMPLITUD","LTRENDIDX","M","1986-06",97.89978,
"IRL","BCI","AMPLITUD","LTRENDIDX","M","1986-07",97.87796,
"IRL","BCI","AMPLITUD","LTRENDIDX","M","1986-08",98.06848,
"IRL","BCI","AMPLITUD","LTRENDIDX","M","1986-09",97.73583,
"IRL","BCI","AMPLITUD","LTRENDIDX","M","1986-10",97.7647,
"IRL","BCI","AMPLITUD","LTRENDIDX","M","1986-11",98.08743,
"IRL","BCI","AMPLITUD","LTRENDIDX","M","1986-12",98.33006,
"IRL","BCI","AMPLITUD","LTRENDIDX","M","1987-01",98.51676,
"IRL","BCI","AMPLITUD","LTRENDIDX","M","1987-02",99.50214,
"IRL","BCI","AMPLITUD","LTRENDIDX","M","1987-03",100.5836,
"IRL","BCI","AMPLITUD","LTRENDIDX","M","1987-04",100.8929,
"IRL","BCI","AMPLITUD","LTRENDIDX","M","1987-05",100.868,
"IRL","BCI","AMPLITUD","LTRENDIDX","M","1987-06",100.7698,
"IRL","BCI","AMPLITUD","LTRENDIDX","M","1987-07",100.0614,
"IRL","BCI","AMPLITUD","LTRENDIDX","M","1987-08",99.64884,
"IRL","BCI","AMPLITUD","LTRENDIDX","M","1987-09",99.50761,
"IRL","BCI","AMPLITUD","LTRENDIDX","M","1987-10",99.00758,
"IRL","BCI","AMPLITUD","LTRENDIDX","M","1987-11",98.46275,
"IRL","BCI","AMPLITUD","LTRENDIDX","M","1987-12",98.04655,
"IRL","BCI","AMPLITUD","LTRENDIDX","M","1988-01",98.07259,
"IRL","BCI","AMPLITUD","LTRENDIDX","M","1988-02",98.38375,
"IRL","BCI","AMPLITUD","LTRENDIDX","M","1988-03",99.03041,
"IRL","BCI","AMPLITUD","LTRENDIDX","M","1988-04",99.90062,
"IRL","BCI","AMPLITUD","LTRENDIDX","M","1988-05",100.6897,
"IRL","BCI","AMPLITUD","LTRENDIDX","M","1988-06",101.4387,
"IRL","BCI","AMPLITUD","LTRENDIDX","M","1988-07",101.9799,
"IRL","BCI","AMPLITUD","LTRENDIDX","M","1988-08",102.362,
"IRL","BCI","AMPLITUD","LTRENDIDX","M","1988-09",102.6314,
"IRL","BCI","AMPLITUD","LTRENDIDX","M","1988-10",102.4502,
"IRL","BCI","AMPLITUD","LTRENDIDX","M","1988-11",101.854,
"IRL","BCI","AMPLITUD","LTRENDIDX","M","1988-12",101.5211,
"IRL","BCI","AMPLITUD","LTRENDIDX","M","1989-01",101.725,
"IRL","BCI","AMPLITUD","LTRENDIDX","M","1989-02",102.1982,
"IRL","BCI","AMPLITUD","LTRENDIDX","M","1989-03",102.6033,
"IRL","BCI","AMPLITUD","LTRENDIDX","M","1989-04",102.3529,
"IRL","BCI","AMPLITUD","LTRENDIDX","M","1989-05",102.611,
"IRL","BCI","AMPLITUD","LTRENDIDX","M","1989-06",103.198,
"IRL","BCI","AMPLITUD","LTRENDIDX","M","1989-07",103.3891,
"IRL","BCI","AMPLITUD","LTRENDIDX","M","1989-08",103.6748,
"IRL","BCI","AMPLITUD","LTRENDIDX","M","1989-09",104.0147,
"IRL","BCI","AMPLITUD","LTRENDIDX","M","1989-10",104.1091,
"IRL","BCI","AMPLITUD","LTRENDIDX","M","1989-11",103.9397,
"IRL","BCI","AMPLITUD","LTRENDIDX","M","1989-12",103.3525,
"IRL","BCI","AMPLITUD","LTRENDIDX","M","1990-01",102.5497,
"IRL","BCI","AMPLITUD","LTRENDIDX","M","1990-02",101.7085,
"IRL","BCI","AMPLITUD","LTRENDIDX","M","1990-03",101.0506,
"IRL","BCI","AMPLITUD","LTRENDIDX","M","1990-04",100.9202,
"IRL","BCI","AMPLITUD","LTRENDIDX","M","1990-05",100.6809,
"IRL","BCI","AMPLITUD","LTRENDIDX","M","1990-06",100.6073,
"IRL","BCI","AMPLITUD","LTRENDIDX","M","1990-07",100.5393,
"IRL","BCI","AMPLITUD","LTRENDIDX","M","1990-08",99.95589,
"IRL","BCI","AMPLITUD","LTRENDIDX","M","1990-09",99.33411,
"IRL","BCI","AMPLITUD","LTRENDIDX","M","1990-10",98.73717,
"IRL","BCI","AMPLITUD","LTRENDIDX","M","1990-11",98.43618,
"IRL","BCI","AMPLITUD","LTRENDIDX","M","1990-12",98.12777,
"IRL","BCI","AMPLITUD","LTRENDIDX","M","1991-01",97.61665,
"IRL","BCI","AMPLITUD","LTRENDIDX","M","1991-02",97.06527,
"IRL","BCI","AMPLITUD","LTRENDIDX","M","1991-03",96.8887,
"IRL","BCI","AMPLITUD","LTRENDIDX","M","1991-04",96.92675,
"IRL","BCI","AMPLITUD","LTRENDIDX","M","1991-05",96.82594,
"IRL","BCI","AMPLITUD","LTRENDIDX","M","1991-06",96.96991,
"IRL","BCI","AMPLITUD","LTRENDIDX","M","1991-07",97.23025,
"IRL","BCI","AMPLITUD","LTRENDIDX","M","1991-08",97.38016,
"IRL","BCI","AMPLITUD","LTRENDIDX","M","1991-09",97.42101,
"IRL","BCI","AMPLITUD","LTRENDIDX","M","1991-10",98.28348,
"IRL","BCI","AMPLITUD","LTRENDIDX","M","1991-11",99.2629,
"IRL","BCI","AMPLITUD","LTRENDIDX","M","1991-12",99.62192,
"IRL","BCI","AMPLITUD","LTRENDIDX","M","1992-01",99.4305,
"IRL","BCI","AMPLITUD","LTRENDIDX","M","1992-02",99.50036,
"IRL","BCI","AMPLITUD","LTRENDIDX","M","1992-03",99.31676,
"IRL","BCI","AMPLITUD","LTRENDIDX","M","1992-04",99.37502,
"IRL","BCI","AMPLITUD","LTRENDIDX","M","1992-05",99.98482,
"IRL","BCI","AMPLITUD","LTRENDIDX","M","1992-06",100.8305,
"IRL","BCI","AMPLITUD","LTRENDIDX","M","1992-07",100.8013,
"IRL","BCI","AMPLITUD","LTRENDIDX","M","1992-08",100.2274,
"IRL","BCI","AMPLITUD","LTRENDIDX","M","1992-09",99.23592,
"IRL","BCI","AMPLITUD","LTRENDIDX","M","1992-10",98.20764,
"IRL","BCI","AMPLITUD","LTRENDIDX","M","1992-11",97.24257,
"IRL","BCI","AMPLITUD","LTRENDIDX","M","1992-12",96.30773,
"IRL","BCI","AMPLITUD","LTRENDIDX","M","1993-01",96.08489,
"IRL","BCI","AMPLITUD","LTRENDIDX","M","1993-02",96.1762,
"IRL","BCI","AMPLITUD","LTRENDIDX","M","1993-03",96.7063,
"IRL","BCI","AMPLITUD","LTRENDIDX","M","1993-04",96.91045,
"IRL","BCI","AMPLITUD","LTRENDIDX","M","1993-05",96.54128,
"IRL","BCI","AMPLITUD","LTRENDIDX","M","1993-06",95.69394,
"IRL","BCI","AMPLITUD","LTRENDIDX","M","1993-07",95.61553,
"IRL","BCI","AMPLITUD","LTRENDIDX","M","1993-08",95.79607,
"IRL","BCI","AMPLITUD","LTRENDIDX","M","1993-09",96.04251,
"IRL","BCI","AMPLITUD","LTRENDIDX","M","1993-10",96.82633,
"IRL","BCI","AMPLITUD","LTRENDIDX","M","1993-11",97.51121,
"IRL","BCI","AMPLITUD","LTRENDIDX","M","1993-12",98.65046,
"IRL","BCI","AMPLITUD","LTRENDIDX","M","1994-01",99.89358,
"IRL","BCI","AMPLITUD","LTRENDIDX","M","1994-02",100.4023,
"IRL","BCI","AMPLITUD","LTRENDIDX","M","1994-03",100.3955,
"IRL","BCI","AMPLITUD","LTRENDIDX","M","1994-04",100.1706,
"IRL","BCI","AMPLITUD","LTRENDIDX","M","1994-05",99.81731,
"IRL","BCI","AMPLITUD","LTRENDIDX","M","1994-06",99.70633,
"IRL","BCI","AMPLITUD","LTRENDIDX","M","1994-07",100.2559,
"IRL","BCI","AMPLITUD","LTRENDIDX","M","1994-08",100.9277,
"IRL","BCI","AMPLITUD","LTRENDIDX","M","1994-09",101.819,
"IRL","BCI","AMPLITUD","LTRENDIDX","M","1994-10",102.1408,
"IRL","BCI","AMPLITUD","LTRENDIDX","M","1994-11",102.3483,
"IRL","BCI","AMPLITUD","LTRENDIDX","M","1994-12",102.7923,
"IRL","BCI","AMPLITUD","LTRENDIDX","M","1995-01",102.8367,
"IRL","BCI","AMPLITUD","LTRENDIDX","M","1995-02",102.557,
"IRL","BCI","AMPLITUD","LTRENDIDX","M","1995-03",102.6955,
"IRL","BCI","AMPLITUD","LTRENDIDX","M","1995-04",103.21,
"IRL","BCI","AMPLITUD","LTRENDIDX","M","1995-05",103.4284,
"IRL","BCI","AMPLITUD","LTRENDIDX","M","1995-06",103.3244,
"IRL","BCI","AMPLITUD","LTRENDIDX","M","1995-07",102.8885,
"IRL","BCI","AMPLITUD","LTRENDIDX","M","1995-08",102.026,
"IRL","BCI","AMPLITUD","LTRENDIDX","M","1995-09",100.9351,
"IRL","BCI","AMPLITUD","LTRENDIDX","M","1995-10",100.8216,
"IRL","BCI","AMPLITUD","LTRENDIDX","M","1995-11",101.2933,
"IRL","BCI","AMPLITUD","LTRENDIDX","M","1995-12",101.7639,
"IRL","BCI","AMPLITUD","LTRENDIDX","M","1996-01",101.4511,
"IRL","BCI","AMPLITUD","LTRENDIDX","M","1996-02",101.019,
"IRL","BCI","AMPLITUD","LTRENDIDX","M","1996-03",100.8951,
"IRL","BCI","AMPLITUD","LTRENDIDX","M","1996-04",100.1477,
"IRL","BCI","AMPLITUD","LTRENDIDX","M","1996-05",99.51417,
"IRL","BCI","AMPLITUD","LTRENDIDX","M","1996-06",99.27318,
"IRL","BCI","AMPLITUD","LTRENDIDX","M","1996-07",99.17356,
"IRL","BCI","AMPLITUD","LTRENDIDX","M","1996-08",99.7612,
"IRL","BCI","AMPLITUD","LTRENDIDX","M","1996-09",100.0136,
"IRL","BCI","AMPLITUD","LTRENDIDX","M","1996-10",99.92145,
"IRL","BCI","AMPLITUD","LTRENDIDX","M","1996-11",99.6497,
"IRL","BCI","AMPLITUD","LTRENDIDX","M","1996-12",99.57059,
"IRL","BCI","AMPLITUD","LTRENDIDX","M","1997-01",99.77267,
"IRL","BCI","AMPLITUD","LTRENDIDX","M","1997-02",100.0517,
"IRL","BCI","AMPLITUD","LTRENDIDX","M","1997-03",100.3251,
"IRL","BCI","AMPLITUD","LTRENDIDX","M","1997-04",100.9392,
"IRL","BCI","AMPLITUD","LTRENDIDX","M","1997-05",101.3403,
"IRL","BCI","AMPLITUD","LTRENDIDX","M","1997-06",101.3969,
"IRL","BCI","AMPLITUD","LTRENDIDX","M","1997-07",101.2037,
"IRL","BCI","AMPLITUD","LTRENDIDX","M","1997-08",101.2312,
"IRL","BCI","AMPLITUD","LTRENDIDX","M","1997-09",101.5499,
"IRL","BCI","AMPLITUD","LTRENDIDX","M","1997-10",102.0669,
"IRL","BCI","AMPLITUD","LTRENDIDX","M","1997-11",102.4426,
"IRL","BCI","AMPLITUD","LTRENDIDX","M","1997-12",102.3946,
"IRL","BCI","AMPLITUD","LTRENDIDX","M","1998-01",102.6137,
"IRL","BCI","AMPLITUD","LTRENDIDX","M","1998-02",102.6695,
"IRL","BCI","AMPLITUD","LTRENDIDX","M","1998-03",102.1706,
"IRL","BCI","AMPLITUD","LTRENDIDX","M","1998-04",101.8531,
"IRL","BCI","AMPLITUD","LTRENDIDX","M","1998-05",101.8497,
"IRL","BCI","AMPLITUD","LTRENDIDX","M","1998-06",101.7131,
"IRL","BCI","AMPLITUD","LTRENDIDX","M","1998-07",101.3885,
"IRL","BCI","AMPLITUD","LTRENDIDX","M","1998-08",101.1441,
"IRL","BCI","AMPLITUD","LTRENDIDX","M","1998-09",100.9863,
"IRL","BCI","AMPLITUD","LTRENDIDX","M","1998-10",100.0826,
"IRL","BCI","AMPLITUD","LTRENDIDX","M","1998-11",99.09045,
"IRL","BCI","AMPLITUD","LTRENDIDX","M","1998-12",98.50859,
"IRL","BCI","AMPLITUD","LTRENDIDX","M","1999-01",98.5828,
"IRL","BCI","AMPLITUD","LTRENDIDX","M","1999-02",99.62388,
"IRL","BCI","AMPLITUD","LTRENDIDX","M","1999-03",99.82048,
"IRL","BCI","AMPLITUD","LTRENDIDX","M","1999-04",99.80313,
"IRL","BCI","AMPLITUD","LTRENDIDX","M","1999-05",100.2173,
"IRL","BCI","AMPLITUD","LTRENDIDX","M","1999-06",100.8312,
"IRL","BCI","AMPLITUD","LTRENDIDX","M","1999-07",101.6472,
"IRL","BCI","AMPLITUD","LTRENDIDX","M","1999-08",102.3763,
"IRL","BCI","AMPLITUD","LTRENDIDX","M","1999-09",103.2362,
"IRL","BCI","AMPLITUD","LTRENDIDX","M","1999-10",104.1339,
"IRL","BCI","AMPLITUD","LTRENDIDX","M","1999-11",105.2439,
"IRL","BCI","AMPLITUD","LTRENDIDX","M","1999-12",105.4943,
"IRL","BCI","AMPLITUD","LTRENDIDX","M","2000-01",104.9784,
"IRL","BCI","AMPLITUD","LTRENDIDX","M","2000-02",104.3517,
"IRL","BCI","AMPLITUD","LTRENDIDX","M","2000-03",103.9692,
"IRL","BCI","AMPLITUD","LTRENDIDX","M","2000-04",103.6018,
"IRL","BCI","AMPLITUD","LTRENDIDX","M","2000-05",103.5529,
"IRL","BCI","AMPLITUD","LTRENDIDX","M","2000-06",103.7636,
"IRL","BCI","AMPLITUD","LTRENDIDX","M","2000-07",103.7738,
"IRL","BCI","AMPLITUD","LTRENDIDX","M","2000-08",103.3034,
"IRL","BCI","AMPLITUD","LTRENDIDX","M","2000-09",102.6241,
"IRL","BCI","AMPLITUD","LTRENDIDX","M","2000-10",101.5036,
"IRL","BCI","AMPLITUD","LTRENDIDX","M","2000-11",101.2054,
"IRL","BCI","AMPLITUD","LTRENDIDX","M","2000-12",101.7065,
"IRL","BCI","AMPLITUD","LTRENDIDX","M","2001-01",102.2007,
"IRL","BCI","AMPLITUD","LTRENDIDX","M","2001-02",102.0944,
"IRL","BCI","AMPLITUD","LTRENDIDX","M","2001-03",101.334,
"IRL","BCI","AMPLITUD","LTRENDIDX","M","2001-04",99.60269,
"IRL","BCI","AMPLITUD","LTRENDIDX","M","2001-05",97.99006,
"IRL","BCI","AMPLITUD","LTRENDIDX","M","2001-06",96.85022,
"IRL","BCI","AMPLITUD","LTRENDIDX","M","2001-07",96.79793,
"IRL","BCI","AMPLITUD","LTRENDIDX","M","2001-08",97.17802,
"IRL","BCI","AMPLITUD","LTRENDIDX","M","2001-09",96.55787,
"IRL","BCI","AMPLITUD","LTRENDIDX","M","2001-10",95.63402,
"IRL","BCI","AMPLITUD","LTRENDIDX","M","2001-11",95.00582,
"IRL","BCI","AMPLITUD","LTRENDIDX","M","2001-12",95.57102,
"IRL","BCI","AMPLITUD","LTRENDIDX","M","2002-01",96.71825,
"IRL","BCI","AMPLITUD","LTRENDIDX","M","2002-02",97.43454,
"IRL","BCI","AMPLITUD","LTRENDIDX","M","2002-03",97.91663,
"IRL","BCI","AMPLITUD","LTRENDIDX","M","2002-04",98.00365,
"IRL","BCI","AMPLITUD","LTRENDIDX","M","2002-05",97.69277,
"IRL","BCI","AMPLITUD","LTRENDIDX","M","2002-06",97.22827,
"IRL","BCI","AMPLITUD","LTRENDIDX","M","2002-07",97.41244,
"IRL","BCI","AMPLITUD","LTRENDIDX","M","2002-08",98.36797,
"IRL","BCI","AMPLITUD","LTRENDIDX","M","2002-09",99.4125,
"IRL","BCI","AMPLITUD","LTRENDIDX","M","2002-10",99.65845,
"IRL","BCI","AMPLITUD","LTRENDIDX","M","2002-11",99.19877,
"IRL","BCI","AMPLITUD","LTRENDIDX","M","2002-12",98.30339,
"IRL","BCI","AMPLITUD","LTRENDIDX","M","2003-01",97.26266,
"IRL","BCI","AMPLITUD","LTRENDIDX","M","2003-02",96.40237,
"IRL","BCI","AMPLITUD","LTRENDIDX","M","2003-03",96.03858,
"IRL","BCI","AMPLITUD","LTRENDIDX","M","2003-04",96.3403,
"IRL","BCI","AMPLITUD","LTRENDIDX","M","2003-05",96.66602,
"IRL","BCI","AMPLITUD","LTRENDIDX","M","2003-06",96.99347,
"IRL","BCI","AMPLITUD","LTRENDIDX","M","2003-07",97.47656,
"IRL","BCI","AMPLITUD","LTRENDIDX","M","2003-08",97.94177,
"IRL","BCI","AMPLITUD","LTRENDIDX","M","2003-09",98.63764,
"IRL","BCI","AMPLITUD","LTRENDIDX","M","2003-10",99.59348,
"IRL","BCI","AMPLITUD","LTRENDIDX","M","2003-11",99.86478,
"IRL","BCI","AMPLITUD","LTRENDIDX","M","2003-12",99.62942,
"IRL","BCI","AMPLITUD","LTRENDIDX","M","2004-01",99.38805,
"IRL","BCI","AMPLITUD","LTRENDIDX","M","2004-02",98.82027,
"IRL","BCI","AMPLITUD","LTRENDIDX","M","2004-03",98.78674,
"IRL","BCI","AMPLITUD","LTRENDIDX","M","2004-04",99.90144,
"IRL","BCI","AMPLITUD","LTRENDIDX","M","2004-05",100.8044,
"IRL","BCI","AMPLITUD","LTRENDIDX","M","2004-06",100.8619,
"IRL","BCI","AMPLITUD","LTRENDIDX","M","2004-07",99.90949,
"IRL","BCI","AMPLITUD","LTRENDIDX","M","2004-08",98.63427,
"IRL","BCI","AMPLITUD","LTRENDIDX","M","2004-09",98.41233,
"IRL","BCI","AMPLITUD","LTRENDIDX","M","2004-10",98.35812,
"IRL","BCI","AMPLITUD","LTRENDIDX","M","2004-11",98.09946,
"IRL","BCI","AMPLITUD","LTRENDIDX","M","2004-12",98.09591,
"IRL","BCI","AMPLITUD","LTRENDIDX","M","2005-01",98.43013,
"IRL","BCI","AMPLITUD","LTRENDIDX","M","2005-02",99.39828,
"IRL","BCI","AMPLITUD","LTRENDIDX","M","2005-03",99.7673,
"IRL","BCI","AMPLITUD","LTRENDIDX","M","2005-04",99.53358,
"IRL","BCI","AMPLITUD","LTRENDIDX","M","2005-05",99.26057,
"IRL","BCI","AMPLITUD","LTRENDIDX","M","2005-06",99.60818,
"IRL","BCI","AMPLITUD","LTRENDIDX","M","2005-07",99.84496,
"IRL","BCI","AMPLITUD","LTRENDIDX","M","2005-08",99.37876,
"IRL","BCI","AMPLITUD","LTRENDIDX","M","2005-09",98.81107,
"IRL","BCI","AMPLITUD","LTRENDIDX","M","2005-10",98.37836,
"IRL","BCI","AMPLITUD","LTRENDIDX","M","2005-11",98.60787,
"IRL","BCI","AMPLITUD","LTRENDIDX","M","2005-12",98.84279,
"IRL","BCI","AMPLITUD","LTRENDIDX","M","2006-01",99.24301,
"IRL","BCI","AMPLITUD","LTRENDIDX","M","2006-02",100.022,
"IRL","BCI","AMPLITUD","LTRENDIDX","M","2006-03",100.6946,
"IRL","BCI","AMPLITUD","LTRENDIDX","M","2006-04",100.941,
"IRL","BCI","AMPLITUD","LTRENDIDX","M","2006-05",101.3723,
"IRL","BCI","AMPLITUD","LTRENDIDX","M","2006-06",102.4628,
"IRL","BCI","AMPLITUD","LTRENDIDX","M","2006-07",102.9737,
"IRL","BCI","AMPLITUD","LTRENDIDX","M","2006-08",102.3255,
"IRL","BCI","AMPLITUD","LTRENDIDX","M","2006-09",101.6427,
"IRL","BCI","AMPLITUD","LTRENDIDX","M","2006-10",101.2911,
"IRL","BCI","AMPLITUD","LTRENDIDX","M","2006-11",101.3553,
"IRL","BCI","AMPLITUD","LTRENDIDX","M","2006-12",101.726,
"IRL","BCI","AMPLITUD","LTRENDIDX","M","2007-01",101.9775,
"IRL","BCI","AMPLITUD","LTRENDIDX","M","2007-02",102.053,
"IRL","BCI","AMPLITUD","LTRENDIDX","M","2007-03",101.8668,
"IRL","BCI","AMPLITUD","LTRENDIDX","M","2007-04",101.639,
"IRL","BCI","AMPLITUD","LTRENDIDX","M","2007-05",101.29,
"IRL","BCI","AMPLITUD","LTRENDIDX","M","2007-06",100.5803,
"IRL","BCI","AMPLITUD","LTRENDIDX","M","2007-07",100.4271,
"IRL","BCI","AMPLITUD","LTRENDIDX","M","2007-08",100.7099,
"IRL","BCI","AMPLITUD","LTRENDIDX","M","2007-09",101.039,
"IRL","BCI","AMPLITUD","LTRENDIDX","M","2007-10",101.2067,
"IRL","BCI","AMPLITUD","LTRENDIDX","M","2007-11",100.9463,
"IRL","BCI","AMPLITUD","LTRENDIDX","M","2007-12",100.3806,
"IRL","BCI","AMPLITUD","LTRENDIDX","M","2008-01",100.1357,
"IRL","BCI","AMPLITUD","LTRENDIDX","M","2008-02",99.70545,
"IRL","BCI","AMPLITUD","LTRENDIDX","M","2008-03",99.95635,
"IRL","BCI","AMPLITUD","LTRENDIDX","M","2008-04",99.94799,
"AUS","BCI","AMPLITUD","LTRENDIDX","M","1966-02",100.2006,
"AUS","BCI","AMPLITUD","LTRENDIDX","M","1966-03",100.2702,
"AUS","BCI","AMPLITUD","LTRENDIDX","M","1966-04",100.3207,
"AUS","BCI","AMPLITUD","LTRENDIDX","M","1966-05",99.71494,
"AUS","BCI","AMPLITUD","LTRENDIDX","M","1966-06",99.74751,
"AUS","BCI","AMPLITUD","LTRENDIDX","M","1966-07",99.79712,
"AUS","BCI","AMPLITUD","LTRENDIDX","M","1966-08",99.89665,
"AUS","BCI","AMPLITUD","LTRENDIDX","M","1966-09",100.0765,
"AUS","BCI","AMPLITUD","LTRENDIDX","M","1966-10",100.2965,
"AUS","BCI","AMPLITUD","LTRENDIDX","M","1966-11",100.5056,
"AUS","BCI","AMPLITUD","LTRENDIDX","M","1966-12",100.6622,
"AUS","BCI","AMPLITUD","LTRENDIDX","M","1967-01",100.7643,
"AUS","BCI","AMPLITUD","LTRENDIDX","M","1967-02",100.802,
"AUS","BCI","AMPLITUD","LTRENDIDX","M","1967-03",100.7637,
"AUS","BCI","AMPLITUD","LTRENDIDX","M","1967-04",100.7069,
"AUS","BCI","AMPLITUD","LTRENDIDX","M","1967-05",100.6987,
"AUS","BCI","AMPLITUD","LTRENDIDX","M","1967-06",100.7746,
"AUS","BCI","AMPLITUD","LTRENDIDX","M","1967-07",100.849,
"AUS","BCI","AMPLITUD","LTRENDIDX","M","1967-08",100.7898,
"AUS","BCI","AMPLITUD","LTRENDIDX","M","1967-09",100.4941,
"AUS","BCI","AMPLITUD","LTRENDIDX","M","1967-10",100.098,
"AUS","BCI","AMPLITUD","LTRENDIDX","M","1967-11",99.78625,
"AUS","BCI","AMPLITUD","LTRENDIDX","M","1967-12",99.70305,
"AUS","BCI","AMPLITUD","LTRENDIDX","M","1968-01",99.77771,
"AUS","BCI","AMPLITUD","LTRENDIDX","M","1968-02",99.93192,
"AUS","BCI","AMPLITUD","LTRENDIDX","M","1968-03",100.1289,
"AUS","BCI","AMPLITUD","LTRENDIDX","M","1968-04",100.3432,
"AUS","BCI","AMPLITUD","LTRENDIDX","M","1968-05",100.5624,
"AUS","BCI","AMPLITUD","LTRENDIDX","M","1968-06",100.7724,
"AUS","BCI","AMPLITUD","LTRENDIDX","M","1968-07",100.9373,
"AUS","BCI","AMPLITUD","LTRENDIDX","M","1968-08",100.993,
"AUS","BCI","AMPLITUD","LTRENDIDX","M","1968-09",100.8858,
"AUS","BCI","AMPLITUD","LTRENDIDX","M","1968-10",100.7215,
"AUS","BCI","AMPLITUD","LTRENDIDX","M","1968-11",100.6379,
"AUS","BCI","AMPLITUD","LTRENDIDX","M","1968-12",100.7354,
"AUS","BCI","AMPLITUD","LTRENDIDX","M","1969-01",100.9272,
"AUS","BCI","AMPLITUD","LTRENDIDX","M","1969-02",101.0978,
"AUS","BCI","AMPLITUD","LTRENDIDX","M","1969-03",101.1679,
"AUS","BCI","AMPLITUD","LTRENDIDX","M","1969-04",101.1802,
"AUS","BCI","AMPLITUD","LTRENDIDX","M","1969-05",101.1978,
"AUS","BCI","AMPLITUD","LTRENDIDX","M","1969-06",101.2605,
"AUS","BCI","AMPLITUD","LTRENDIDX","M","1969-07",101.3361,
"AUS","BCI","AMPLITUD","LTRENDIDX","M","1969-08",101.3704,
"AUS","BCI","AMPLITUD","LTRENDIDX","M","1969-09",101.3243,
"AUS","BCI","AMPLITUD","LTRENDIDX","M","1969-10",101.2529,
"AUS","BCI","AMPLITUD","LTRENDIDX","M","1969-11",101.2294,
"AUS","BCI","AMPLITUD","LTRENDIDX","M","1969-12",101.2943,
"AUS","BCI","AMPLITUD","LTRENDIDX","M","1970-01",101.3577,
"AUS","BCI","AMPLITUD","LTRENDIDX","M","1970-02",101.28,
"AUS","BCI","AMPLITUD","LTRENDIDX","M","1970-03",100.9552,
"AUS","BCI","AMPLITUD","LTRENDIDX","M","1970-04",100.5342,
"AUS","BCI","AMPLITUD","LTRENDIDX","M","1970-05",100.2242,
"AUS","BCI","AMPLITUD","LTRENDIDX","M","1970-06",100.1836,
"AUS","BCI","AMPLITUD","LTRENDIDX","M","1970-07",100.3066,
"AUS","BCI","AMPLITUD","LTRENDIDX","M","1970-08",100.4575,
"AUS","BCI","AMPLITUD","LTRENDIDX","M","1970-09",100.5425,
"AUS","BCI","AMPLITUD","LTRENDIDX","M","1970-10",100.5523,
"AUS","BCI","AMPLITUD","LTRENDIDX","M","1970-11",100.4783,
"AUS","BCI","AMPLITUD","LTRENDIDX","M","1970-12",100.3033,
"AUS","BCI","AMPLITUD","LTRENDIDX","M","1971-01",100.0763,
"AUS","BCI","AMPLITUD","LTRENDIDX","M","1971-02",99.84613,
"AUS","BCI","AMPLITUD","LTRENDIDX","M","1971-03",99.64752,
"AUS","BCI","AMPLITUD","LTRENDIDX","M","1971-04",99.4905,
"AUS","BCI","AMPLITUD","LTRENDIDX","M","1971-05",99.38982,
"AUS","BCI","AMPLITUD","LTRENDIDX","M","1971-06",99.3531,
"AUS","BCI","AMPLITUD","LTRENDIDX","M","1971-07",99.31247,
"AUS","BCI","AMPLITUD","LTRENDIDX","M","1971-08",99.17427,
"AUS","BCI","AMPLITUD","LTRENDIDX","M","1971-09",98.87267,
"AUS","BCI","AMPLITUD","LTRENDIDX","M","1971-10",98.52079,
"AUS","BCI","AMPLITUD","LTRENDIDX","M","1971-11",98.28177,
"AUS","BCI","AMPLITUD","LTRENDIDX","M","1971-12",98.29009,
"AUS","BCI","AMPLITUD","LTRENDIDX","M","1972-01",98.46008,
"AUS","BCI","AMPLITUD","LTRENDIDX","M","1972-02",98.70193,
"AUS","BCI","AMPLITUD","LTRENDIDX","M","1972-03",98.9763,
"AUS","BCI","AMPLITUD","LTRENDIDX","M","1972-04",99.2767,
"AUS","BCI","AMPLITUD","LTRENDIDX","M","1972-05",99.62531,
"AUS","BCI","AMPLITUD","LTRENDIDX","M","1972-06",100.0424,
"AUS","BCI","AMPLITUD","LTRENDIDX","M","1972-07",100.4678,
"AUS","BCI","AMPLITUD","LTRENDIDX","M","1972-08",100.8123,
"AUS","BCI","AMPLITUD","LTRENDIDX","M","1972-09",101.0012,
"AUS","BCI","AMPLITUD","LTRENDIDX","M","1972-10",101.0976,
"AUS","BCI","AMPLITUD","LTRENDIDX","M","1972-11",101.1778,
"AUS","BCI","AMPLITUD","LTRENDIDX","M","1972-12",101.2978,
"AUS","BCI","AMPLITUD","LTRENDIDX","M","1973-01",101.4764,
"AUS","BCI","AMPLITUD","LTRENDIDX","M","1973-02",101.7432,
"AUS","BCI","AMPLITUD","LTRENDIDX","M","1973-03",102.1273,
"AUS","BCI","AMPLITUD","LTRENDIDX","M","1973-04",102.5589,
"AUS","BCI","AMPLITUD","LTRENDIDX","M","1973-05",102.9468,
"AUS","BCI","AMPLITUD","LTRENDIDX","M","1973-06",103.2101,
"AUS","BCI","AMPLITUD","LTRENDIDX","M","1973-07",103.3524,
"AUS","BCI","AMPLITUD","LTRENDIDX","M","1973-08",103.3529,
"AUS","BCI","AMPLITUD","LTRENDIDX","M","1973-09",103.1771,
"AUS","BCI","AMPLITUD","LTRENDIDX","M","1973-10",102.9307,
"AUS","BCI","AMPLITUD","LTRENDIDX","M","1973-11",102.7287,
"AUS","BCI","AMPLITUD","LTRENDIDX","M","1973-12",102.6357,
"AUS","BCI","AMPLITUD","LTRENDIDX","M","1974-01",102.5612,
"AUS","BCI","AMPLITUD","LTRENDIDX","M","1974-02",102.3493,
"AUS","BCI","AMPLITUD","LTRENDIDX","M","1974-03",101.8498,
"AUS","BCI","AMPLITUD","LTRENDIDX","M","1974-04",101.1266,
"AUS","BCI","AMPLITUD","LTRENDIDX","M","1974-05",100.2205,
"AUS","BCI","AMPLITUD","LTRENDIDX","M","1974-06",99.13513,
"AUS","BCI","AMPLITUD","LTRENDIDX","M","1974-07",98.00705,
"AUS","BCI","AMPLITUD","LTRENDIDX","M","1974-08",97.01447,
"AUS","BCI","AMPLITUD","LTRENDIDX","M","1974-09",96.32949,
"AUS","BCI","AMPLITUD","LTRENDIDX","M","1974-10",95.93452,
"AUS","BCI","AMPLITUD","LTRENDIDX","M","1974-11",95.88699,
"AUS","BCI","AMPLITUD","LTRENDIDX","M","1974-12",96.294,
"AUS","BCI","AMPLITUD","LTRENDIDX","M","1975-01",96.93954,
"AUS","BCI","AMPLITUD","LTRENDIDX","M","1975-02",97.60578,
"AUS","BCI","AMPLITUD","LTRENDIDX","M","1975-03",98.1558,
"AUS","BCI","AMPLITUD","LTRENDIDX","M","1975-04",98.5957,
"AUS","BCI","AMPLITUD","LTRENDIDX","M","1975-05",98.93457,
"AUS","BCI","AMPLITUD","LTRENDIDX","M","1975-06",99.15462,
"AUS","BCI","AMPLITUD","LTRENDIDX","M","1975-07",99.28233,
"AUS","BCI","AMPLITUD","LTRENDIDX","M","1975-08",99.31548,
"AUS","BCI","AMPLITUD","LTRENDIDX","M","1975-09",99.24258,
"AUS","BCI","AMPLITUD","LTRENDIDX","M","1975-10",99.15672,
"AUS","BCI","AMPLITUD","LTRENDIDX","M","1975-11",99.18018,
"AUS","BCI","AMPLITUD","LTRENDIDX","M","1975-12",99.40201,
"AUS","BCI","AMPLITUD","LTRENDIDX","M","1976-01",99.70615,
"AUS","BCI","AMPLITUD","LTRENDIDX","M","1976-02",99.93853,
"AUS","BCI","AMPLITUD","LTRENDIDX","M","1976-03",99.99155,
"AUS","BCI","AMPLITUD","LTRENDIDX","M","1976-04",99.96062,
"AUS","BCI","AMPLITUD","LTRENDIDX","M","1976-05",99.97398,
"AUS","BCI","AMPLITUD","LTRENDIDX","M","1976-06",100.1066,
"AUS","BCI","AMPLITUD","LTRENDIDX","M","1976-07",100.2498,
"AUS","BCI","AMPLITUD","LTRENDIDX","M","1976-08",100.2297,
"AUS","BCI","AMPLITUD","LTRENDIDX","M","1976-09",99.91542,
"AUS","BCI","AMPLITUD","LTRENDIDX","M","1976-10",99.49039,
"AUS","BCI","AMPLITUD","LTRENDIDX","M","1976-11",99.20661,
"AUS","BCI","AMPLITUD","LTRENDIDX","M","1976-12",99.24992,
"AUS","BCI","AMPLITUD","LTRENDIDX","M","1977-01",99.46384,
"AUS","BCI","AMPLITUD","LTRENDIDX","M","1977-02",99.63723,
"AUS","BCI","AMPLITUD","LTRENDIDX","M","1977-03",99.62117,
"AUS","BCI","AMPLITUD","LTRENDIDX","M","1977-04",99.48649,
"AUS","BCI","AMPLITUD","LTRENDIDX","M","1977-05",99.34019,
"AUS","BCI","AMPLITUD","LTRENDIDX","M","1977-06",99.26067,
"AUS","BCI","AMPLITUD","LTRENDIDX","M","1977-07",99.24429,
"AUS","BCI","AMPLITUD","LTRENDIDX","M","1977-08",99.28544,
"AUS","BCI","AMPLITUD","LTRENDIDX","M","1977-09",99.3933,
"AUS","BCI","AMPLITUD","LTRENDIDX","M","1977-10",99.55109,
"AUS","BCI","AMPLITUD","LTRENDIDX","M","1977-11",99.75491,
"AUS","BCI","AMPLITUD","LTRENDIDX","M","1977-12",100.0027,
"AUS","BCI","AMPLITUD","LTRENDIDX","M","1978-01",100.237,
"AUS","BCI","AMPLITUD","LTRENDIDX","M","1978-02",100.3748,
"AUS","BCI","AMPLITUD","LTRENDIDX","M","1978-03",100.3505,
"AUS","BCI","AMPLITUD","LTRENDIDX","M","1978-04",100.2555,
"AUS","BCI","AMPLITUD","LTRENDIDX","M","1978-05",100.2057,
"AUS","BCI","AMPLITUD","LTRENDIDX","M","1978-06",100.2794,
"AUS","BCI","AMPLITUD","LTRENDIDX","M","1978-07",100.4104,
"AUS","BCI","AMPLITUD","LTRENDIDX","M","1978-08",100.5048,
"AUS","BCI","AMPLITUD","LTRENDIDX","M","1978-09",100.4992,
"AUS","BCI","AMPLITUD","LTRENDIDX","M","1978-10",100.4575,
"AUS","BCI","AMPLITUD","LTRENDIDX","M","1978-11",100.475,
"AUS","BCI","AMPLITUD","LTRENDIDX","M","1978-12",100.6202,
"AUS","BCI","AMPLITUD","LTRENDIDX","M","1979-01",100.8166,
"AUS","BCI","AMPLITUD","LTRENDIDX","M","1979-02",100.9525,
"AUS","BCI","AMPLITUD","LTRENDIDX","M","1979-03",100.94,
"AUS","BCI","AMPLITUD","LTRENDIDX","M","1979-04",100.8341,
"AUS","BCI","AMPLITUD","LTRENDIDX","M","1979-05",100.6993,
"AUS","BCI","AMPLITUD","LTRENDIDX","M","1979-06",100.5701,
"AUS","BCI","AMPLITUD","LTRENDIDX","M","1979-07",100.4393,
"AUS","BCI","AMPLITUD","LTRENDIDX","M","1979-08",100.2845,
"AUS","BCI","AMPLITUD","LTRENDIDX","M","1979-09",100.0954,
"AUS","BCI","AMPLITUD","LTRENDIDX","M","1979-10",99.92577,
"AUS","BCI","AMPLITUD","LTRENDIDX","M","1979-11",99.8613,
"AUS","BCI","AMPLITUD","LTRENDIDX","M","1979-12",99.96811,
"AUS","BCI","AMPLITUD","LTRENDIDX","M","1980-01",100.1363,
"AUS","BCI","AMPLITUD","LTRENDIDX","M","1980-02",100.2225,
"AUS","BCI","AMPLITUD","LTRENDIDX","M","1980-03",100.1317,
"AUS","BCI","AMPLITUD","LTRENDIDX","M","1980-04",99.98045,
"AUS","BCI","AMPLITUD","LTRENDIDX","M","1980-05",99.93719,
"AUS","BCI","AMPLITUD","LTRENDIDX","M","1980-06",100.1236,
"AUS","BCI","AMPLITUD","LTRENDIDX","M","1980-07",100.4075,
"AUS","BCI","AMPLITUD","LTRENDIDX","M","1980-08",100.6065,
"AUS","BCI","AMPLITUD","LTRENDIDX","M","1980-09",100.5936,
"AUS","BCI","AMPLITUD","LTRENDIDX","M","1980-10",100.4893,
"AUS","BCI","AMPLITUD","LTRENDIDX","M","1980-11",100.4664,
"AUS","BCI","AMPLITUD","LTRENDIDX","M","1980-12",100.6483,
"AUS","BCI","AMPLITUD","LTRENDIDX","M","1981-01",100.9249,
"AUS","BCI","AMPLITUD","LTRENDIDX","M","1981-02",101.1343,
"AUS","BCI","AMPLITUD","LTRENDIDX","M","1981-03",101.1502,
"AUS","BCI","AMPLITUD","LTRENDIDX","M","1981-04",101.0366,
"AUS","BCI","AMPLITUD","LTRENDIDX","M","1981-05",100.8689,
"AUS","BCI","AMPLITUD","LTRENDIDX","M","1981-06",100.6846,
"AUS","BCI","AMPLITUD","LTRENDIDX","M","1981-07",100.4879,
"AUS","BCI","AMPLITUD","LTRENDIDX","M","1981-08",100.2599,
"AUS","BCI","AMPLITUD","LTRENDIDX","M","1981-09",99.98131,
"AUS","BCI","AMPLITUD","LTRENDIDX","M","1981-10",99.68623,
"AUS","BCI","AMPLITUD","LTRENDIDX","M","1981-11",99.41869,
"AUS","BCI","AMPLITUD","LTRENDIDX","M","1981-12",99.20597,
"AUS","BCI","AMPLITUD","LTRENDIDX","M","1982-01",99.00418,
"AUS","BCI","AMPLITUD","LTRENDIDX","M","1982-02",98.74665,
"AUS","BCI","AMPLITUD","LTRENDIDX","M","1982-03",98.38142,
"AUS","BCI","AMPLITUD","LTRENDIDX","M","1982-04",97.96434,
"AUS","BCI","AMPLITUD","LTRENDIDX","M","1982-05",97.5695,
"AUS","BCI","AMPLITUD","LTRENDIDX","M","1982-06",97.2514,
"AUS","BCI","AMPLITUD","LTRENDIDX","M","1982-07",96.9849,
"AUS","BCI","AMPLITUD","LTRENDIDX","M","1982-08",96.74465,
"AUS","BCI","AMPLITUD","LTRENDIDX","M","1982-09",96.53296,
"AUS","BCI","AMPLITUD","LTRENDIDX","M","1982-10",96.38134,
"AUS","BCI","AMPLITUD","LTRENDIDX","M","1982-11",96.37427,
"AUS","BCI","AMPLITUD","LTRENDIDX","M","1982-12",96.61283,
"AUS","BCI","AMPLITUD","LTRENDIDX","M","1983-01",97.03383,
"AUS","BCI","AMPLITUD","LTRENDIDX","M","1983-02",97.60088,
"AUS","BCI","AMPLITUD","LTRENDIDX","M","1983-03",98.31306,
"AUS","BCI","AMPLITUD","LTRENDIDX","M","1983-04",99.06762,
"AUS","BCI","AMPLITUD","LTRENDIDX","M","1983-05",99.74086,
"AUS","BCI","AMPLITUD","LTRENDIDX","M","1983-06",100.2267,
"AUS","BCI","AMPLITUD","LTRENDIDX","M","1983-07",100.5567,
"AUS","BCI","AMPLITUD","LTRENDIDX","M","1983-08",100.7396,
"AUS","BCI","AMPLITUD","LTRENDIDX","M","1983-09",100.7572,
"AUS","BCI","AMPLITUD","LTRENDIDX","M","1983-10",100.7067,
"AUS","BCI","AMPLITUD","LTRENDIDX","M","1983-11",100.6876,
"AUS","BCI","AMPLITUD","LTRENDIDX","M","1983-12",100.756,
"AUS","BCI","AMPLITUD","LTRENDIDX","M","1984-01",100.8474,
"AUS","BCI","AMPLITUD","LTRENDIDX","M","1984-02",100.8614,
"AUS","BCI","AMPLITUD","LTRENDIDX","M","1984-03",100.7225,
"AUS","BCI","AMPLITUD","LTRENDIDX","M","1984-04",100.5188,
"AUS","BCI","AMPLITUD","LTRENDIDX","M","1984-05",100.3673,
"AUS","BCI","AMPLITUD","LTRENDIDX","M","1984-06",100.3453,
"AUS","BCI","AMPLITUD","LTRENDIDX","M","1984-07",100.3676,
"AUS","BCI","AMPLITUD","LTRENDIDX","M","1984-08",100.3087,
"AUS","BCI","AMPLITUD","LTRENDIDX","M","1984-09",100.0803,
"AUS","BCI","AMPLITUD","LTRENDIDX","M","1984-10",99.78908,
"AUS","BCI","AMPLITUD","LTRENDIDX","M","1984-11",99.59238,
"AUS","BCI","AMPLITUD","LTRENDIDX","M","1984-12",99.61561,
"AUS","BCI","AMPLITUD","LTRENDIDX","M","1985-01",99.77562,
"AUS","BCI","AMPLITUD","LTRENDIDX","M","1985-02",99.9714,
"AUS","BCI","AMPLITUD","LTRENDIDX","M","1985-03",100.138,
"AUS","BCI","AMPLITUD","LTRENDIDX","M","1985-04",100.2649,
"AUS","BCI","AMPLITUD","LTRENDIDX","M","1985-05",100.3469,
"AUS","BCI","AMPLITUD","LTRENDIDX","M","1985-06",100.3758,
"AUS","BCI","AMPLITUD","LTRENDIDX","M","1985-07",100.3763,
"AUS","BCI","AMPLITUD","LTRENDIDX","M","1985-08",100.3682,
"AUS","BCI","AMPLITUD","LTRENDIDX","M","1985-09",100.3578,
"AUS","BCI","AMPLITUD","LTRENDIDX","M","1985-10",100.3372,
"AUS","BCI","AMPLITUD","LTRENDIDX","M","1985-11",100.2814,
"AUS","BCI","AMPLITUD","LTRENDIDX","M","1985-12",100.1542,
"AUS","BCI","AMPLITUD","LTRENDIDX","M","1986-01",99.95126,
"AUS","BCI","AMPLITUD","LTRENDIDX","M","1986-02",99.64528,
"AUS","BCI","AMPLITUD","LTRENDIDX","M","1986-03",99.20868,
"AUS","BCI","AMPLITUD","LTRENDIDX","M","1986-04",98.73839,
"AUS","BCI","AMPLITUD","LTRENDIDX","M","1986-05",98.36734,
"AUS","BCI","AMPLITUD","LTRENDIDX","M","1986-06",98.20963,
"AUS","BCI","AMPLITUD","LTRENDIDX","M","1986-07",98.20644,
"AUS","BCI","AMPLITUD","LTRENDIDX","M","1986-08",98.30954,
"AUS","BCI","AMPLITUD","LTRENDIDX","M","1986-09",98.51034,
"AUS","BCI","AMPLITUD","LTRENDIDX","M","1986-10",98.76261,
"AUS","BCI","AMPLITUD","LTRENDIDX","M","1986-11",99.03376,
"AUS","BCI","AMPLITUD","LTRENDIDX","M","1986-12",99.30463,
"AUS","BCI","AMPLITUD","LTRENDIDX","M","1987-01",99.55045,
"AUS","BCI","AMPLITUD","LTRENDIDX","M","1987-02",99.73689,
"AUS","BCI","AMPLITUD","LTRENDIDX","M","1987-03",99.84119,
"AUS","BCI","AMPLITUD","LTRENDIDX","M","1987-04",99.93272,
"AUS","BCI","AMPLITUD","LTRENDIDX","M","1987-05",100.1017,
"AUS","BCI","AMPLITUD","LTRENDIDX","M","1987-06",100.4006,
"AUS","BCI","AMPLITUD","LTRENDIDX","M","1987-07",100.7085,
"AUS","BCI","AMPLITUD","LTRENDIDX","M","1987-08",100.8422,
"AUS","BCI","AMPLITUD","LTRENDIDX","M","1987-09",100.6596,
"AUS","BCI","AMPLITUD","LTRENDIDX","M","1987-10",100.3357,
"AUS","BCI","AMPLITUD","LTRENDIDX","M","1987-11",100.1054,
"AUS","BCI","AMPLITUD","LTRENDIDX","M","1987-12",100.1464,
"AUS","BCI","AMPLITUD","LTRENDIDX","M","1988-01",100.3686,
"AUS","BCI","AMPLITUD","LTRENDIDX","M","1988-02",100.6604,
"AUS","BCI","AMPLITUD","LTRENDIDX","M","1988-03",100.9535,
"AUS","BCI","AMPLITUD","LTRENDIDX","M","1988-04",101.2175,
"AUS","BCI","AMPLITUD","LTRENDIDX","M","1988-05",101.4297,
"AUS","BCI","AMPLITUD","LTRENDIDX","M","1988-06",101.5732,
"AUS","BCI","AMPLITUD","LTRENDIDX","M","1988-07",101.687,
"AUS","BCI","AMPLITUD","LTRENDIDX","M","1988-08",101.8084,
"AUS","BCI","AMPLITUD","LTRENDIDX","M","1988-09",101.9447,
"AUS","BCI","AMPLITUD","LTRENDIDX","M","1988-10",102.0378,
"AUS","BCI","AMPLITUD","LTRENDIDX","M","1988-11",101.9797,
"AUS","BCI","AMPLITUD","LTRENDIDX","M","1988-12",101.6716,
"AUS","BCI","AMPLITUD","LTRENDIDX","M","1989-01",101.2336,
"AUS","BCI","AMPLITUD","LTRENDIDX","M","1989-02",100.8085,
"AUS","BCI","AMPLITUD","LTRENDIDX","M","1989-03",100.4953,
"AUS","BCI","AMPLITUD","LTRENDIDX","M","1989-04",100.2697,
"AUS","BCI","AMPLITUD","LTRENDIDX","M","1989-05",100.0941,
"AUS","BCI","AMPLITUD","LTRENDIDX","M","1989-06",99.9411,
"AUS","BCI","AMPLITUD","LTRENDIDX","M","1989-07",99.76534,
"AUS","BCI","AMPLITUD","LTRENDIDX","M","1989-08",99.50813,
"AUS","BCI","AMPLITUD","LTRENDIDX","M","1989-09",99.12434,
"AUS","BCI","AMPLITUD","LTRENDIDX","M","1989-10",98.69067,
"AUS","BCI","AMPLITUD","LTRENDIDX","M","1989-11",98.31248,
"AUS","BCI","AMPLITUD","LTRENDIDX","M","1989-12",98.08045,
"AUS","BCI","AMPLITUD","LTRENDIDX","M","1990-01",97.97164,
"AUS","BCI","AMPLITUD","LTRENDIDX","M","1990-02",97.97332,
"AUS","BCI","AMPLITUD","LTRENDIDX","M","1990-03",98.08337,
"AUS","BCI","AMPLITUD","LTRENDIDX","M","1990-04",98.20033,
"AUS","BCI","AMPLITUD","LTRENDIDX","M","1990-05",98.19314,
"AUS","BCI","AMPLITUD","LTRENDIDX","M","1990-06",97.96394,
"AUS","BCI","AMPLITUD","LTRENDIDX","M","1990-07",97.63505,
"AUS","BCI","AMPLITUD","LTRENDIDX","M","1990-08",97.36917,
"AUS","BCI","AMPLITUD","LTRENDIDX","M","1990-09",97.28927,
"AUS","BCI","AMPLITUD","LTRENDIDX","M","1990-10",97.33551,
"AUS","BCI","AMPLITUD","LTRENDIDX","M","1990-11",97.43716,
"AUS","BCI","AMPLITUD","LTRENDIDX","M","1990-12",97.55843,
"AUS","BCI","AMPLITUD","LTRENDIDX","M","1991-01",97.6888,
"AUS","BCI","AMPLITUD","LTRENDIDX","M","1991-02",97.83806,
"AUS","BCI","AMPLITUD","LTRENDIDX","M","1991-03",98.02209,
"AUS","BCI","AMPLITUD","LTRENDIDX","M","1991-04",98.22987,
"AUS","BCI","AMPLITUD","LTRENDIDX","M","1991-05",98.44999,
"AUS","BCI","AMPLITUD","LTRENDIDX","M","1991-06",98.67353,
"AUS","BCI","AMPLITUD","LTRENDIDX","M","1991-07",98.88451,
"AUS","BCI","AMPLITUD","LTRENDIDX","M","1991-08",99.05715,
"AUS","BCI","AMPLITUD","LTRENDIDX","M","1991-09",99.16574,
"AUS","BCI","AMPLITUD","LTRENDIDX","M","1991-10",99.23267,
"AUS","BCI","AMPLITUD","LTRENDIDX","M","1991-11",99.27509,
"AUS","BCI","AMPLITUD","LTRENDIDX","M","1991-12",99.29304,
"AUS","BCI","AMPLITUD","LTRENDIDX","M","1992-01",99.28219,
"AUS","BCI","AMPLITUD","LTRENDIDX","M","1992-02",99.22797,
"AUS","BCI","AMPLITUD","LTRENDIDX","M","1992-03",99.12851,
"AUS","BCI","AMPLITUD","LTRENDIDX","M","1992-04",99.06092,
"AUS","BCI","AMPLITUD","LTRENDIDX","M","1992-05",99.14411,
"AUS","BCI","AMPLITUD","LTRENDIDX","M","1992-06",99.46983,
"AUS","BCI","AMPLITUD","LTRENDIDX","M","1992-07",99.88284,
"AUS","BCI","AMPLITUD","LTRENDIDX","M","1992-08",100.1753,
"AUS","BCI","AMPLITUD","LTRENDIDX","M","1992-09",100.1937,
"AUS","BCI","AMPLITUD","LTRENDIDX","M","1992-10",100.0668,
"AUS","BCI","AMPLITUD","LTRENDIDX","M","1992-11",99.96604,
"AUS","BCI","AMPLITUD","LTRENDIDX","M","1992-12",100.0112,
"AUS","BCI","AMPLITUD","LTRENDIDX","M","1993-01",100.1506,
"AUS","BCI","AMPLITUD","LTRENDIDX","M","1993-02",100.3028,
"AUS","BCI","AMPLITUD","LTRENDIDX","M","1993-03",100.4042,
"AUS","BCI","AMPLITUD","LTRENDIDX","M","1993-04",100.4438,
"AUS","BCI","AMPLITUD","LTRENDIDX","M","1993-05",100.4064,
"AUS","BCI","AMPLITUD","LTRENDIDX","M","1993-06",100.277,
"AUS","BCI","AMPLITUD","LTRENDIDX","M","1993-07",100.1228,
"AUS","BCI","AMPLITUD","LTRENDIDX","M","1993-08",100.0315,
"AUS","BCI","AMPLITUD","LTRENDIDX","M","1993-09",100.0745,
"AUS","BCI","AMPLITUD","LTRENDIDX","M","1993-10",100.2068,
"AUS","BCI","AMPLITUD","LTRENDIDX","M","1993-11",100.3798,
"AUS","BCI","AMPLITUD","LTRENDIDX","M","1993-12",100.5631,
"AUS","BCI","AMPLITUD","LTRENDIDX","M","1994-01",100.7271,
"AUS","BCI","AMPLITUD","LTRENDIDX","M","1994-02",100.8376,
"AUS","BCI","AMPLITUD","LTRENDIDX","M","1994-03",100.8701,
"AUS","BCI","AMPLITUD","LTRENDIDX","M","1994-04",100.8773,
"AUS","BCI","AMPLITUD","LTRENDIDX","M","1994-05",100.923,
"AUS","BCI","AMPLITUD","LTRENDIDX","M","1994-06",101.0405,
"AUS","BCI","AMPLITUD","LTRENDIDX","M","1994-07",101.1542,
"AUS","BCI","AMPLITUD","LTRENDIDX","M","1994-08",101.1425,
"AUS","BCI","AMPLITUD","LTRENDIDX","M","1994-09",100.9067,
"AUS","BCI","AMPLITUD","LTRENDIDX","M","1994-10",100.5634,
"AUS","BCI","AMPLITUD","LTRENDIDX","M","1994-11",100.2571,
"AUS","BCI","AMPLITUD","LTRENDIDX","M","1994-12",100.0793,
"AUS","BCI","AMPLITUD","LTRENDIDX","M","1995-01",99.95123,
"AUS","BCI","AMPLITUD","LTRENDIDX","M","1995-02",99.7541,
"AUS","BCI","AMPLITUD","LTRENDIDX","M","1995-03",99.41076,
"AUS","BCI","AMPLITUD","LTRENDIDX","M","1995-04",99.03545,
"AUS","BCI","AMPLITUD","LTRENDIDX","M","1995-05",98.80135,
"AUS","BCI","AMPLITUD","LTRENDIDX","M","1995-06",98.83992,
"AUS","BCI","AMPLITUD","LTRENDIDX","M","1995-07",98.99911,
"AUS","BCI","AMPLITUD","LTRENDIDX","M","1995-08",99.08049,
"AUS","BCI","AMPLITUD","LTRENDIDX","M","1995-09",98.95587,
"AUS","BCI","AMPLITUD","LTRENDIDX","M","1995-10",98.76166,
"AUS","BCI","AMPLITUD","LTRENDIDX","M","1995-11",98.70734,
"AUS","BCI","AMPLITUD","LTRENDIDX","M","1995-12",98.95364,
"AUS","BCI","AMPLITUD","LTRENDIDX","M","1996-01",99.35062,
"AUS","BCI","AMPLITUD","LTRENDIDX","M","1996-02",99.69628,
"AUS","BCI","AMPLITUD","LTRENDIDX","M","1996-03",99.8443,
"AUS","BCI","AMPLITUD","LTRENDIDX","M","1996-04",99.86317,
"AUS","BCI","AMPLITUD","LTRENDIDX","M","1996-05",99.84335,
"AUS","BCI","AMPLITUD","LTRENDIDX","M","1996-06",99.83359,
"AUS","BCI","AMPLITUD","LTRENDIDX","M","1996-07",99.81577,
"AUS","BCI","AMPLITUD","LTRENDIDX","M","1996-08",99.74498,
"AUS","BCI","AMPLITUD","LTRENDIDX","M","1996-09",99.59753,
"AUS","BCI","AMPLITUD","LTRENDIDX","M","1996-10",99.47192,
"AUS","BCI","AMPLITUD","LTRENDIDX","M","1996-11",99.51981,
"AUS","BCI","AMPLITUD","LTRENDIDX","M","1996-12",99.85521,
"AUS","BCI","AMPLITUD","LTRENDIDX","M","1997-01",100.2901,
"AUS","BCI","AMPLITUD","LTRENDIDX","M","1997-02",100.5671,
"AUS","BCI","AMPLITUD","LTRENDIDX","M","1997-03",100.4925,
"AUS","BCI","AMPLITUD","LTRENDIDX","M","1997-04",100.2275,
"AUS","BCI","AMPLITUD","LTRENDIDX","M","1997-05",99.98333,
"AUS","BCI","AMPLITUD","LTRENDIDX","M","1997-06",99.90654,
"AUS","BCI","AMPLITUD","LTRENDIDX","M","1997-07",99.94409,
"AUS","BCI","AMPLITUD","LTRENDIDX","M","1997-08",100.0124,
"AUS","BCI","AMPLITUD","LTRENDIDX","M","1997-09",100.0522,
"AUS","BCI","AMPLITUD","LTRENDIDX","M","1997-10",100.0527,
"AUS","BCI","AMPLITUD","LTRENDIDX","M","1997-11",100.0034,
"AUS","BCI","AMPLITUD","LTRENDIDX","M","1997-12",99.88448,
"AUS","BCI","AMPLITUD","LTRENDIDX","M","1998-01",99.70816,
"AUS","BCI","AMPLITUD","LTRENDIDX","M","1998-02",99.47737,
"AUS","BCI","AMPLITUD","LTRENDIDX","M","1998-03",99.20237,
"AUS","BCI","AMPLITUD","LTRENDIDX","M","1998-04",98.97163,
"AUS","BCI","AMPLITUD","LTRENDIDX","M","1998-05",98.92611,
"AUS","BCI","AMPLITUD","LTRENDIDX","M","1998-06",99.18926,
"AUS","BCI","AMPLITUD","LTRENDIDX","M","1998-07",99.61185,
"AUS","BCI","AMPLITUD","LTRENDIDX","M","1998-08",100.0113,
"AUS","BCI","AMPLITUD","LTRENDIDX","M","1998-09",100.2518,
"AUS","BCI","AMPLITUD","LTRENDIDX","M","1998-10",100.3475,
"AUS","BCI","AMPLITUD","LTRENDIDX","M","1998-11",100.3108,
"AUS","BCI","AMPLITUD","LTRENDIDX","M","1998-12",100.147,
"AUS","BCI","AMPLITUD","LTRENDIDX","M","1999-01",99.97958,
"AUS","BCI","AMPLITUD","LTRENDIDX","M","1999-02",99.96666,
"AUS","BCI","AMPLITUD","LTRENDIDX","M","1999-03",100.2215,
"AUS","BCI","AMPLITUD","LTRENDIDX","M","1999-04",100.5776,
"AUS","BCI","AMPLITUD","LTRENDIDX","M","1999-05",100.8099,
"AUS","BCI","AMPLITUD","LTRENDIDX","M","1999-06",100.7533,
"AUS","BCI","AMPLITUD","LTRENDIDX","M","1999-07",100.5462,
"AUS","BCI","AMPLITUD","LTRENDIDX","M","1999-08",100.3775,
"AUS","BCI","AMPLITUD","LTRENDIDX","M","1999-09",100.3831,
"AUS","BCI","AMPLITUD","LTRENDIDX","M","1999-10",100.5053,
"AUS","BCI","AMPLITUD","LTRENDIDX","M","1999-11",100.6585,
"AUS","BCI","AMPLITUD","LTRENDIDX","M","1999-12",100.779,
"AUS","BCI","AMPLITUD","LTRENDIDX","M","2000-01",100.8433,
"AUS","BCI","AMPLITUD","LTRENDIDX","M","2000-02",100.8219,
"AUS","BCI","AMPLITUD","LTRENDIDX","M","2000-03",100.6891,
"AUS","BCI","AMPLITUD","LTRENDIDX","M","2000-04",100.5178,
"AUS","BCI","AMPLITUD","LTRENDIDX","M","2000-05",100.3908,
"AUS","BCI","AMPLITUD","LTRENDIDX","M","2000-06",100.3494,
"AUS","BCI","AMPLITUD","LTRENDIDX","M","2000-07",100.2982,
"AUS","BCI","AMPLITUD","LTRENDIDX","M","2000-08",100.0861,
"AUS","BCI","AMPLITUD","LTRENDIDX","M","2000-09",99.59666,
"AUS","BCI","AMPLITUD","LTRENDIDX","M","2000-10",98.99972,
"AUS","BCI","AMPLITUD","LTRENDIDX","M","2000-11",98.53063,
"AUS","BCI","AMPLITUD","LTRENDIDX","M","2000-12",98.37688,
"AUS","BCI","AMPLITUD","LTRENDIDX","M","2001-01",98.4369,
"AUS","BCI","AMPLITUD","LTRENDIDX","M","2001-02",98.603,
"AUS","BCI","AMPLITUD","LTRENDIDX","M","2001-03",98.83052,
"AUS","BCI","AMPLITUD","LTRENDIDX","M","2001-04",99.10104,
"AUS","BCI","AMPLITUD","LTRENDIDX","M","2001-05",99.42677,
"AUS","BCI","AMPLITUD","LTRENDIDX","M","2001-06",99.81217,
"AUS","BCI","AMPLITUD","LTRENDIDX","M","2001-07",100.1603,
"AUS","BCI","AMPLITUD","LTRENDIDX","M","2001-08",100.3217,
"AUS","BCI","AMPLITUD","LTRENDIDX","M","2001-09",100.1812,
"AUS","BCI","AMPLITUD","LTRENDIDX","M","2001-10",99.93055,
"AUS","BCI","AMPLITUD","LTRENDIDX","M","2001-11",99.82355,
"AUS","BCI","AMPLITUD","LTRENDIDX","M","2001-12",100.0406,
"AUS","BCI","AMPLITUD","LTRENDIDX","M","2002-01",100.4101,
"AUS","BCI","AMPLITUD","LTRENDIDX","M","2002-02",100.6903,
"AUS","BCI","AMPLITUD","LTRENDIDX","M","2002-03",100.6994,
"AUS","BCI","AMPLITUD","LTRENDIDX","M","2002-04",100.5339,
"AUS","BCI","AMPLITUD","LTRENDIDX","M","2002-05",100.3218,
"AUS","BCI","AMPLITUD","LTRENDIDX","M","2002-06",100.1501,
"AUS","BCI","AMPLITUD","LTRENDIDX","M","2002-07",100.039,
"AUS","BCI","AMPLITUD","LTRENDIDX","M","2002-08",100.0059,
"AUS","BCI","AMPLITUD","LTRENDIDX","M","2002-09",100.0698,
"AUS","BCI","AMPLITUD","LTRENDIDX","M","2002-10",100.177,
"AUS","BCI","AMPLITUD","LTRENDIDX","M","2002-11",100.2687,
"AUS","BCI","AMPLITUD","LTRENDIDX","M","2002-12",100.3058,
"AUS","BCI","AMPLITUD","LTRENDIDX","M","2003-01",100.3091,
"AUS","BCI","AMPLITUD","LTRENDIDX","M","2003-02",100.3112,
"AUS","BCI","AMPLITUD","LTRENDIDX","M","2003-03",100.3437,
"AUS","BCI","AMPLITUD","LTRENDIDX","M","2003-04",100.4245,
"AUS","BCI","AMPLITUD","LTRENDIDX","M","2003-05",100.5823,
"AUS","BCI","AMPLITUD","LTRENDIDX","M","2003-06",100.8332,
"AUS","BCI","AMPLITUD","LTRENDIDX","M","2003-07",101.0801,
"AUS","BCI","AMPLITUD","LTRENDIDX","M","2003-08",101.1814,
"AUS","BCI","AMPLITUD","LTRENDIDX","M","2003-09",101.0238,
"AUS","BCI","AMPLITUD","LTRENDIDX","M","2003-10",100.7411,
"AUS","BCI","AMPLITUD","LTRENDIDX","M","2003-11",100.5032,
"AUS","BCI","AMPLITUD","LTRENDIDX","M","2003-12",100.4297,
"AUS","BCI","AMPLITUD","LTRENDIDX","M","2004-01",100.4598,
"AUS","BCI","AMPLITUD","LTRENDIDX","M","2004-02",100.5092,
"AUS","BCI","AMPLITUD","LTRENDIDX","M","2004-03",100.5251,
"AUS","BCI","AMPLITUD","LTRENDIDX","M","2004-04",100.52,
"AUS","BCI","AMPLITUD","LTRENDIDX","M","2004-05",100.5251,
"AUS","BCI","AMPLITUD","LTRENDIDX","M","2004-06",100.5637,
"AUS","BCI","AMPLITUD","LTRENDIDX","M","2004-07",100.6147,
"AUS","BCI","AMPLITUD","LTRENDIDX","M","2004-08",100.641,
"AUS","BCI","AMPLITUD","LTRENDIDX","M","2004-09",100.6058,
"AUS","BCI","AMPLITUD","LTRENDIDX","M","2004-10",100.5129,
"AUS","BCI","AMPLITUD","LTRENDIDX","M","2004-11",100.3588,
"AUS","BCI","AMPLITUD","LTRENDIDX","M","2004-12",100.1423,
"AUS","BCI","AMPLITUD","LTRENDIDX","M","2005-01",99.93534,
"AUS","BCI","AMPLITUD","LTRENDIDX","M","2005-02",99.83686,
"AUS","BCI","AMPLITUD","LTRENDIDX","M","2005-03",99.91684,
"AUS","BCI","AMPLITUD","LTRENDIDX","M","2005-04",100.0521,
"AUS","BCI","AMPLITUD","LTRENDIDX","M","2005-05",100.0743,
"AUS","BCI","AMPLITUD","LTRENDIDX","M","2005-06",99.86214,
"AUS","BCI","AMPLITUD","LTRENDIDX","M","2005-07",99.54716,
"AUS","BCI","AMPLITUD","LTRENDIDX","M","2005-08",99.31307,
"AUS","BCI","AMPLITUD","LTRENDIDX","M","2005-09",99.29772,
"AUS","BCI","AMPLITUD","LTRENDIDX","M","2005-10",99.41431,
"AUS","BCI","AMPLITUD","LTRENDIDX","M","2005-11",99.54799,
"AUS","BCI","AMPLITUD","LTRENDIDX","M","2005-12",99.6204,
"AUS","BCI","AMPLITUD","LTRENDIDX","M","2006-01",99.63731,
"AUS","BCI","AMPLITUD","LTRENDIDX","M","2006-02",99.61856,
"AUS","BCI","AMPLITUD","LTRENDIDX","M","2006-03",99.58344,
"AUS","BCI","AMPLITUD","LTRENDIDX","M","2006-04",99.57186,
"AUS","BCI","AMPLITUD","LTRENDIDX","M","2006-05",99.63992,
"AUS","BCI","AMPLITUD","LTRENDIDX","M","2006-06",99.83197,
"AUS","BCI","AMPLITUD","LTRENDIDX","M","2006-07",100.073,
"AUS","BCI","AMPLITUD","LTRENDIDX","M","2006-08",100.2651,
"AUS","BCI","AMPLITUD","LTRENDIDX","M","2006-09",100.3357,
"AUS","BCI","AMPLITUD","LTRENDIDX","M","2006-10",100.3333,
"AUS","BCI","AMPLITUD","LTRENDIDX","M","2006-11",100.3173,
"AUS","BCI","AMPLITUD","LTRENDIDX","M","2006-12",100.3193,
"AUS","BCI","AMPLITUD","LTRENDIDX","M","2007-01",100.319,
"AUS","BCI","AMPLITUD","LTRENDIDX","M","2007-02",100.2768,
"AUS","BCI","AMPLITUD","LTRENDIDX","M","2007-03",100.168,
"AUS","BCI","AMPLITUD","LTRENDIDX","M","2007-04",100.0601,
"AUS","BCI","AMPLITUD","LTRENDIDX","M","2007-05",100.057,
"AUS","BCI","AMPLITUD","LTRENDIDX","M","2007-06",100.2425,
"AUS","BCI","AMPLITUD","LTRENDIDX","M","2007-07",100.5189,
"AUS","BCI","AMPLITUD","LTRENDIDX","M","2007-08",100.7566,
"AUS","BCI","AMPLITUD","LTRENDIDX","M","2007-09",100.8535,
"AUS","BCI","AMPLITUD","LTRENDIDX","M","2007-10",100.8325,
"AUS","BCI","AMPLITUD","LTRENDIDX","M","2007-11",100.7065,
"AUS","BCI","AMPLITUD","LTRENDIDX","M","2007-12",100.4615,
"AUS","BCI","AMPLITUD","LTRENDIDX","M","2008-01",100.1449,
"AUS","BCI","AMPLITUD","LTRENDIDX","M","2008-02",99.79765,
"AUS","BCI","AMPLITUD","LTRENDIDX","M","2008-03",99.45869,
"AUS","BCI","AMPLITUD","LTRENDIDX","M","2008-04",99.19923,
"AUS","BCI","AMPLITUD","LTRENDIDX","M","2008-05",99.12941,
"AUS","BCI","AMPLITUD","LTRENDIDX","M","2008-06",99.3251,
"AUS","BCI","AMPLITUD","LTRENDIDX","M","2008-07",99.56526,
"AUS","BCI","AMPLITUD","LTRENDIDX","M","2008-08",99.53816,
"AUS","BCI","AMPLITUD","LTRENDIDX","M","2008-09",99.00323,
"AUS","BCI","AMPLITUD","LTRENDIDX","M","2008-10",98.22015,
"AUS","BCI","AMPLITUD","LTRENDIDX","M","2008-11",97.53484,
"AUS","BCI","AMPLITUD","LTRENDIDX","M","2008-12",97.21368,
"AUS","BCI","AMPLITUD","LTRENDIDX","M","2009-01",97.17988,
"AUS","BCI","AMPLITUD","LTRENDIDX","M","2009-02",97.36511,
"AUS","BCI","AMPLITUD","LTRENDIDX","M","2009-03",97.7739,
"AUS","BCI","AMPLITUD","LTRENDIDX","M","2009-04",98.32883,
"AUS","BCI","AMPLITUD","LTRENDIDX","M","2009-05",98.9931,
"AUS","BCI","AMPLITUD","LTRENDIDX","M","2009-06",99.74674,
"AUS","BCI","AMPLITUD","LTRENDIDX","M","2009-07",100.4538,
"AUS","BCI","AMPLITUD","LTRENDIDX","M","2009-08",100.9105,
"AUS","BCI","AMPLITUD","LTRENDIDX","M","2009-09",100.9407,
"AUS","BCI","AMPLITUD","LTRENDIDX","M","2009-10",100.741,
"AUS","BCI","AMPLITUD","LTRENDIDX","M","2009-11",100.5367,
"AUS","BCI","AMPLITUD","LTRENDIDX","M","2009-12",100.4673,
"AUS","BCI","AMPLITUD","LTRENDIDX","M","2010-01",100.4774,
"AUS","BCI","AMPLITUD","LTRENDIDX","M","2010-02",100.4669,
"AUS","BCI","AMPLITUD","LTRENDIDX","M","2010-03",100.3624,
"AUS","BCI","AMPLITUD","LTRENDIDX","M","2010-04",100.2093,
"AUS","BCI","AMPLITUD","LTRENDIDX","M","2010-05",100.0788,
"AUS","BCI","AMPLITUD","LTRENDIDX","M","2010-06",100.0236,
"AUS","BCI","AMPLITUD","LTRENDIDX","M","2010-07",100.0104,
"AUS","BCI","AMPLITUD","LTRENDIDX","M","2010-08",99.9975,
"AUS","BCI","AMPLITUD","LTRENDIDX","M","2010-09",99.96973,
"AUS","BCI","AMPLITUD","LTRENDIDX","M","2010-10",99.9734,
"AUS","BCI","AMPLITUD","LTRENDIDX","M","2010-11",100.0891,
"AUS","BCI","AMPLITUD","LTRENDIDX","M","2010-12",100.3732,
"AUS","BCI","AMPLITUD","LTRENDIDX","M","2011-01",100.6872,
"AUS","BCI","AMPLITUD","LTRENDIDX","M","2011-02",100.8302,
"AUS","BCI","AMPLITUD","LTRENDIDX","M","2011-03",100.6408,
"AUS","BCI","AMPLITUD","LTRENDIDX","M","2011-04",100.2703,
"AUS","BCI","AMPLITUD","LTRENDIDX","M","2011-05",99.90805,
"AUS","BCI","AMPLITUD","LTRENDIDX","M","2011-06",99.68703,
"AUS","BCI","AMPLITUD","LTRENDIDX","M","2011-07",99.58157,
"AUS","BCI","AMPLITUD","LTRENDIDX","M","2011-08",99.55605,
"AUS","BCI","AMPLITUD","LTRENDIDX","M","2011-09",99.59788,
"AUS","BCI","AMPLITUD","LTRENDIDX","M","2011-10",99.67068,
"AUS","BCI","AMPLITUD","LTRENDIDX","M","2011-11",99.74861,
"AUS","BCI","AMPLITUD","LTRENDIDX","M","2011-12",99.81977,
"AUS","BCI","AMPLITUD","LTRENDIDX","M","2012-01",99.88441,
"AUS","BCI","AMPLITUD","LTRENDIDX","M","2012-02",99.94759,
"AUS","BCI","AMPLITUD","LTRENDIDX","M","2012-03",100.0183,
"AUS","BCI","AMPLITUD","LTRENDIDX","M","2012-04",100.1102,
"AUS","BCI","AMPLITUD","LTRENDIDX","M","2012-05",100.2429,
"AUS","BCI","AMPLITUD","LTRENDIDX","M","2012-06",100.4227,
"AUS","BCI","AMPLITUD","LTRENDIDX","M","2012-07",100.5821,
"AUS","BCI","AMPLITUD","LTRENDIDX","M","2012-08",100.6157,
"AUS","BCI","AMPLITUD","LTRENDIDX","M","2012-09",100.436,
"AUS","BCI","AMPLITUD","LTRENDIDX","M","2012-10",100.1563,
"AUS","BCI","AMPLITUD","LTRENDIDX","M","2012-11",99.92025,
"AUS","BCI","AMPLITUD","LTRENDIDX","M","2012-12",99.83274,
"AUS","BCI","AMPLITUD","LTRENDIDX","M","2013-01",99.84672,
"AUS","BCI","AMPLITUD","LTRENDIDX","M","2013-02",99.90221,
"AUS","BCI","AMPLITUD","LTRENDIDX","M","2013-03",99.96389,
"AUS","BCI","AMPLITUD","LTRENDIDX","M","2013-04",100.0172,
"AUS","BCI","AMPLITUD","LTRENDIDX","M","2013-05",100.0584,
"AUS","BCI","AMPLITUD","LTRENDIDX","M","2013-06",100.0922,
"AUS","BCI","AMPLITUD","LTRENDIDX","M","2013-07",100.1431,
"AUS","BCI","AMPLITUD","LTRENDIDX","M","2013-08",100.2466,
"AUS","BCI","AMPLITUD","LTRENDIDX","M","2013-09",100.4241,
"AUS","BCI","AMPLITUD","LTRENDIDX","M","2013-10",100.6059,
"AUS","BCI","AMPLITUD","LTRENDIDX","M","2013-11",100.685,
"AUS","BCI","AMPLITUD","LTRENDIDX","M","2013-12",100.5676,
"AUS","BCI","AMPLITUD","LTRENDIDX","M","2014-01",100.3262,
"AUS","BCI","AMPLITUD","LTRENDIDX","M","2014-02",100.0462,
"AUS","BCI","AMPLITUD","LTRENDIDX","M","2014-03",99.7968,
"AUS","BCI","AMPLITUD","LTRENDIDX","M","2014-04",99.63963,
"AUS","BCI","AMPLITUD","LTRENDIDX","M","2014-05",99.67242,
"AUS","BCI","AMPLITUD","LTRENDIDX","M","2014-06",99.97968,
"AUS","BCI","AMPLITUD","LTRENDIDX","M","2014-07",100.3937,
"AUS","BCI","AMPLITUD","LTRENDIDX","M","2014-08",100.7029,
"AUS","BCI","AMPLITUD","LTRENDIDX","M","2014-09",100.7536,
"AUS","BCI","AMPLITUD","LTRENDIDX","M","2014-10",100.6564,
"AUS","BCI","AMPLITUD","LTRENDIDX","M","2014-11",100.5553,
"AUS","BCI","AMPLITUD","LTRENDIDX","M","2014-12",100.5439,
"AUS","BCI","AMPLITUD","LTRENDIDX","M","2015-01",100.5865,
"AUS","BCI","AMPLITUD","LTRENDIDX","M","2015-02",100.6195,
"AUS","BCI","AMPLITUD","LTRENDIDX","M","2015-03",100.5988,
"AUS","BCI","AMPLITUD","LTRENDIDX","M","2015-04",100.5578,
"AUS","BCI","AMPLITUD","LTRENDIDX","M","2015-05",100.5499,
"AUS","BCI","AMPLITUD","LTRENDIDX","M","2015-06",100.6125,
"AUS","BCI","AMPLITUD","LTRENDIDX","M","2015-07",100.6975,
"AUS","BCI","AMPLITUD","LTRENDIDX","M","2015-08",100.7378,
"AUS","BCI","AMPLITUD","LTRENDIDX","M","2015-09",100.6909,
"AUS","BCI","AMPLITUD","LTRENDIDX","M","2015-10",100.6278,
"AUS","BCI","AMPLITUD","LTRENDIDX","M","2015-11",100.6509,
"AUS","BCI","AMPLITUD","LTRENDIDX","M","2015-12",100.8282,
"AUS","BCI","AMPLITUD","LTRENDIDX","M","2016-01",101.0413,
"AUS","BCI","AMPLITUD","LTRENDIDX","M","2016-02",101.1171,
"AUS","BCI","AMPLITUD","LTRENDIDX","M","2016-03",100.925,
"AUS","BCI","AMPLITUD","LTRENDIDX","M","2016-04",100.6095,
"AUS","BCI","AMPLITUD","LTRENDIDX","M","2016-05",100.3706,
"AUS","BCI","AMPLITUD","LTRENDIDX","M","2016-06",100.3661,
"AUS","BCI","AMPLITUD","LTRENDIDX","M","2016-07",100.5386,
"AUS","BCI","AMPLITUD","LTRENDIDX","M","2016-08",100.8254,
"AUS","BCI","AMPLITUD","LTRENDIDX","M","2016-09",101.1932,
"AUS","BCI","AMPLITUD","LTRENDIDX","M","2016-10",101.557,
"AUS","BCI","AMPLITUD","LTRENDIDX","M","2016-11",101.812,
"AUS","BCI","AMPLITUD","LTRENDIDX","M","2016-12",101.8699,
"AUS","BCI","AMPLITUD","LTRENDIDX","M","2017-01",101.803,
"AUS","BCI","AMPLITUD","LTRENDIDX","M","2017-02",101.6835,
"AUS","BCI","AMPLITUD","LTRENDIDX","M","2017-03",101.5474,
"AUS","BCI","AMPLITUD","LTRENDIDX","M","2017-04",101.4102,
"AUS","BCI","AMPLITUD","LTRENDIDX","M","2017-05",101.2748,
"CHE","BCI","AMPLITUD","LTRENDIDX","M","1966-01",99.84339,
"CHE","BCI","AMPLITUD","LTRENDIDX","M","1966-02",99.84637,
"CHE","BCI","AMPLITUD","LTRENDIDX","M","1966-03",99.93755,
"CHE","BCI","AMPLITUD","LTRENDIDX","M","1966-04",100.1019,
"CHE","BCI","AMPLITUD","LTRENDIDX","M","1966-05",100.3004,
"CHE","BCI","AMPLITUD","LTRENDIDX","M","1966-06",100.6187,
"CHE","BCI","AMPLITUD","LTRENDIDX","M","1966-07",100.7417,
"CHE","BCI","AMPLITUD","LTRENDIDX","M","1966-08",100.6828,
"CHE","BCI","AMPLITUD","LTRENDIDX","M","1966-09",100.7408,
"CHE","BCI","AMPLITUD","LTRENDIDX","M","1966-10",100.8041,
"CHE","BCI","AMPLITUD","LTRENDIDX","M","1966-11",100.8505,
"CHE","BCI","AMPLITUD","LTRENDIDX","M","1966-12",100.7773,
"CHE","BCI","AMPLITUD","LTRENDIDX","M","1967-01",100.5286,
"CHE","BCI","AMPLITUD","LTRENDIDX","M","1967-02",100.0853,
"CHE","BCI","AMPLITUD","LTRENDIDX","M","1967-03",99.91073,
"CHE","BCI","AMPLITUD","LTRENDIDX","M","1967-04",99.67203,
"CHE","BCI","AMPLITUD","LTRENDIDX","M","1967-05",99.51006,
"CHE","BCI","AMPLITUD","LTRENDIDX","M","1967-06",99.46861,
"CHE","BCI","AMPLITUD","LTRENDIDX","M","1967-07",99.55244,
"CHE","BCI","AMPLITUD","LTRENDIDX","M","1967-08",99.72969,
"CHE","BCI","AMPLITUD","LTRENDIDX","M","1967-09",99.89368,
"CHE","BCI","AMPLITUD","LTRENDIDX","M","1967-10",99.99181,
"CHE","BCI","AMPLITUD","LTRENDIDX","M","1967-11",99.96823,
"CHE","BCI","AMPLITUD","LTRENDIDX","M","1967-12",99.99071,
"CHE","BCI","AMPLITUD","LTRENDIDX","M","1968-01",100.0491,
"CHE","BCI","AMPLITUD","LTRENDIDX","M","1968-02",100.202,
"CHE","BCI","AMPLITUD","LTRENDIDX","M","1968-03",100.2911,
"CHE","BCI","AMPLITUD","LTRENDIDX","M","1968-04",100.4578,
"CHE","BCI","AMPLITUD","LTRENDIDX","M","1968-05",100.697,
"CHE","BCI","AMPLITUD","LTRENDIDX","M","1968-06",100.9301,
"CHE","BCI","AMPLITUD","LTRENDIDX","M","1968-07",101.1373,
"CHE","BCI","AMPLITUD","LTRENDIDX","M","1968-08",101.2823,
"CHE","BCI","AMPLITUD","LTRENDIDX","M","1968-09",101.4771,
"CHE","BCI","AMPLITUD","LTRENDIDX","M","1968-10",101.8909,
"CHE","BCI","AMPLITUD","LTRENDIDX","M","1968-11",102.3651,
"CHE","BCI","AMPLITUD","LTRENDIDX","M","1968-12",102.659,
"CHE","BCI","AMPLITUD","LTRENDIDX","M","1969-01",102.8643,
"CHE","BCI","AMPLITUD","LTRENDIDX","M","1969-02",103.147,
"CHE","BCI","AMPLITUD","LTRENDIDX","M","1969-03",103.6313,
"CHE","BCI","AMPLITUD","LTRENDIDX","M","1969-04",103.9732,
"CHE","BCI","AMPLITUD","LTRENDIDX","M","1969-05",103.8066,
"CHE","BCI","AMPLITUD","LTRENDIDX","M","1969-06",103.6663,
"CHE","BCI","AMPLITUD","LTRENDIDX","M","1969-07",103.8296,
"CHE","BCI","AMPLITUD","LTRENDIDX","M","1969-08",104.0419,
"CHE","BCI","AMPLITUD","LTRENDIDX","M","1969-09",104.2279,
"CHE","BCI","AMPLITUD","LTRENDIDX","M","1969-10",104.2546,
"CHE","BCI","AMPLITUD","LTRENDIDX","M","1969-11",104.1388,
"CHE","BCI","AMPLITUD","LTRENDIDX","M","1969-12",104.0776,
"CHE","BCI","AMPLITUD","LTRENDIDX","M","1970-01",103.9327,
"CHE","BCI","AMPLITUD","LTRENDIDX","M","1970-02",103.8135,
"CHE","BCI","AMPLITUD","LTRENDIDX","M","1970-03",103.7987,
"CHE","BCI","AMPLITUD","LTRENDIDX","M","1970-04",103.9511,
"CHE","BCI","AMPLITUD","LTRENDIDX","M","1970-05",104.0876,
"CHE","BCI","AMPLITUD","LTRENDIDX","M","1970-06",103.9755,
"CHE","BCI","AMPLITUD","LTRENDIDX","M","1970-07",103.7585,
"CHE","BCI","AMPLITUD","LTRENDIDX","M","1970-08",103.5372,
"CHE","BCI","AMPLITUD","LTRENDIDX","M","1970-09",103.2488,
"CHE","BCI","AMPLITUD","LTRENDIDX","M","1970-10",102.9188,
"CHE","BCI","AMPLITUD","LTRENDIDX","M","1970-11",102.7092,
"CHE","BCI","AMPLITUD","LTRENDIDX","M","1970-12",102.5828,
"CHE","BCI","AMPLITUD","LTRENDIDX","M","1971-01",102.5117,
"CHE","BCI","AMPLITUD","LTRENDIDX","M","1971-02",102.3869,
"CHE","BCI","AMPLITUD","LTRENDIDX","M","1971-03",102.1617,
"CHE","BCI","AMPLITUD","LTRENDIDX","M","1971-04",101.8709,
"CHE","BCI","AMPLITUD","LTRENDIDX","M","1971-05",101.6904,
"CHE","BCI","AMPLITUD","LTRENDIDX","M","1971-06",101.6085,
"CHE","BCI","AMPLITUD","LTRENDIDX","M","1971-07",101.3213,
"CHE","BCI","AMPLITUD","LTRENDIDX","M","1971-08",100.9544,
"CHE","BCI","AMPLITUD","LTRENDIDX","M","1971-09",100.8098,
"CHE","BCI","AMPLITUD","LTRENDIDX","M","1971-10",100.6557,
"CHE","BCI","AMPLITUD","LTRENDIDX","M","1971-11",100.2548,
"CHE","BCI","AMPLITUD","LTRENDIDX","M","1971-12",99.79839,
"CHE","BCI","AMPLITUD","LTRENDIDX","M","1972-01",99.40257,
"CHE","BCI","AMPLITUD","LTRENDIDX","M","1972-02",99.23328,
"CHE","BCI","AMPLITUD","LTRENDIDX","M","1972-03",99.41113,
"CHE","BCI","AMPLITUD","LTRENDIDX","M","1972-04",99.59329,
"CHE","BCI","AMPLITUD","LTRENDIDX","M","1972-05",99.48732,
"CHE","BCI","AMPLITUD","LTRENDIDX","M","1972-06",99.43672,
"CHE","BCI","AMPLITUD","LTRENDIDX","M","1972-07",99.6707,
"CHE","BCI","AMPLITUD","LTRENDIDX","M","1972-08",100.0549,
"CHE","BCI","AMPLITUD","LTRENDIDX","M","1972-09",100.3921,
"CHE","BCI","AMPLITUD","LTRENDIDX","M","1972-10",100.7316,
"CHE","BCI","AMPLITUD","LTRENDIDX","M","1972-11",101.1364,
"CHE","BCI","AMPLITUD","LTRENDIDX","M","1972-12",101.4472,
"CHE","BCI","AMPLITUD","LTRENDIDX","M","1973-01",101.8036,
"CHE","BCI","AMPLITUD","LTRENDIDX","M","1973-02",101.9981,
"CHE","BCI","AMPLITUD","LTRENDIDX","M","1973-03",101.9282,
"CHE","BCI","AMPLITUD","LTRENDIDX","M","1973-04",101.7407,
"CHE","BCI","AMPLITUD","LTRENDIDX","M","1973-05",101.5504,
"CHE","BCI","AMPLITUD","LTRENDIDX","M","1973-06",101.5502,
"CHE","BCI","AMPLITUD","LTRENDIDX","M","1973-07",101.6339,
"CHE","BCI","AMPLITUD","LTRENDIDX","M","1973-08",101.7366,
"CHE","BCI","AMPLITUD","LTRENDIDX","M","1973-09",101.8192,
"CHE","BCI","AMPLITUD","LTRENDIDX","M","1973-10",101.8829,
"CHE","BCI","AMPLITUD","LTRENDIDX","M","1973-11",101.9006,
"CHE","BCI","AMPLITUD","LTRENDIDX","M","1973-12",101.9085,
"CHE","BCI","AMPLITUD","LTRENDIDX","M","1974-01",101.9197,
"CHE","BCI","AMPLITUD","LTRENDIDX","M","1974-02",101.7999,
"CHE","BCI","AMPLITUD","LTRENDIDX","M","1974-03",101.6476,
"CHE","BCI","AMPLITUD","LTRENDIDX","M","1974-04",101.5028,
"CHE","BCI","AMPLITUD","LTRENDIDX","M","1974-05",101.324,
"CHE","BCI","AMPLITUD","LTRENDIDX","M","1974-06",101.0457,
"CHE","BCI","AMPLITUD","LTRENDIDX","M","1974-07",100.707,
"CHE","BCI","AMPLITUD","LTRENDIDX","M","1974-08",100.3484,
"CHE","BCI","AMPLITUD","LTRENDIDX","M","1974-09",99.88717,
"CHE","BCI","AMPLITUD","LTRENDIDX","M","1974-10",99.18463,
"CHE","BCI","AMPLITUD","LTRENDIDX","M","1974-11",98.42375,
"CHE","BCI","AMPLITUD","LTRENDIDX","M","1974-12",97.79747,
"CHE","BCI","AMPLITUD","LTRENDIDX","M","1975-01",97.10287,
"CHE","BCI","AMPLITUD","LTRENDIDX","M","1975-02",96.32547,
"CHE","BCI","AMPLITUD","LTRENDIDX","M","1975-03",95.77412,
"CHE","BCI","AMPLITUD","LTRENDIDX","M","1975-04",95.375,
"CHE","BCI","AMPLITUD","LTRENDIDX","M","1975-05",95.15348,
"CHE","BCI","AMPLITUD","LTRENDIDX","M","1975-06",95.19981,
"CHE","BCI","AMPLITUD","LTRENDIDX","M","1975-07",95.33926,
"CHE","BCI","AMPLITUD","LTRENDIDX","M","1975-08",95.35503,
"CHE","BCI","AMPLITUD","LTRENDIDX","M","1975-09",95.18587,
"CHE","BCI","AMPLITUD","LTRENDIDX","M","1975-10",95.38894,
"CHE","BCI","AMPLITUD","LTRENDIDX","M","1975-11",95.81409,
"CHE","BCI","AMPLITUD","LTRENDIDX","M","1975-12",96.27582,
"CHE","BCI","AMPLITUD","LTRENDIDX","M","1976-01",96.78483,
"CHE","BCI","AMPLITUD","LTRENDIDX","M","1976-02",97.4168,
"CHE","BCI","AMPLITUD","LTRENDIDX","M","1976-03",98.01693,
"CHE","BCI","AMPLITUD","LTRENDIDX","M","1976-04",98.50976,
"CHE","BCI","AMPLITUD","LTRENDIDX","M","1976-05",98.72031,
"CHE","BCI","AMPLITUD","LTRENDIDX","M","1976-06",98.71026,
"CHE","BCI","AMPLITUD","LTRENDIDX","M","1976-07",98.67146,
"CHE","BCI","AMPLITUD","LTRENDIDX","M","1976-08",98.62038,
"CHE","BCI","AMPLITUD","LTRENDIDX","M","1976-09",98.71278,
"CHE","BCI","AMPLITUD","LTRENDIDX","M","1976-10",98.87433,
"CHE","BCI","AMPLITUD","LTRENDIDX","M","1976-11",98.71806,
"CHE","BCI","AMPLITUD","LTRENDIDX","M","1976-12",98.36614,
"CHE","BCI","AMPLITUD","LTRENDIDX","M","1977-01",98.29533,
"CHE","BCI","AMPLITUD","LTRENDIDX","M","1977-02",98.43745,
"CHE","BCI","AMPLITUD","LTRENDIDX","M","1977-03",98.56365,
"CHE","BCI","AMPLITUD","LTRENDIDX","M","1977-04",98.61674,
"CHE","BCI","AMPLITUD","LTRENDIDX","M","1977-05",98.71143,
"CHE","BCI","AMPLITUD","LTRENDIDX","M","1977-06",98.75038,
"CHE","BCI","AMPLITUD","LTRENDIDX","M","1977-07",98.83192,
"CHE","BCI","AMPLITUD","LTRENDIDX","M","1977-08",98.93156,
"CHE","BCI","AMPLITUD","LTRENDIDX","M","1977-09",98.96049,
"CHE","BCI","AMPLITUD","LTRENDIDX","M","1977-10",99.01826,
"CHE","BCI","AMPLITUD","LTRENDIDX","M","1977-11",99.10897,
"CHE","BCI","AMPLITUD","LTRENDIDX","M","1977-12",99.27301,
"CHE","BCI","AMPLITUD","LTRENDIDX","M","1978-01",99.31183,
"CHE","BCI","AMPLITUD","LTRENDIDX","M","1978-02",99.20955,
"CHE","BCI","AMPLITUD","LTRENDIDX","M","1978-03",99.02352,
"CHE","BCI","AMPLITUD","LTRENDIDX","M","1978-04",98.88673,
"CHE","BCI","AMPLITUD","LTRENDIDX","M","1978-05",98.84283,
"CHE","BCI","AMPLITUD","LTRENDIDX","M","1978-06",98.97666,
"CHE","BCI","AMPLITUD","LTRENDIDX","M","1978-07",99.08215,
"CHE","BCI","AMPLITUD","LTRENDIDX","M","1978-08",99.09901,
"CHE","BCI","AMPLITUD","LTRENDIDX","M","1978-09",98.93758,
"CHE","BCI","AMPLITUD","LTRENDIDX","M","1978-10",98.57566,
"CHE","BCI","AMPLITUD","LTRENDIDX","M","1978-11",98.26952,
"CHE","BCI","AMPLITUD","LTRENDIDX","M","1978-12",98.26327,
"CHE","BCI","AMPLITUD","LTRENDIDX","M","1979-01",98.46628,
"CHE","BCI","AMPLITUD","LTRENDIDX","M","1979-02",98.7355,
"CHE","BCI","AMPLITUD","LTRENDIDX","M","1979-03",99.10213,
"CHE","BCI","AMPLITUD","LTRENDIDX","M","1979-04",99.54282,
"CHE","BCI","AMPLITUD","LTRENDIDX","M","1979-05",99.94521,
"CHE","BCI","AMPLITUD","LTRENDIDX","M","1979-06",100.2761,
"CHE","BCI","AMPLITUD","LTRENDIDX","M","1979-07",100.4657,
"CHE","BCI","AMPLITUD","LTRENDIDX","M","1979-08",100.721,
"CHE","BCI","AMPLITUD","LTRENDIDX","M","1979-09",101.0151,
"CHE","BCI","AMPLITUD","LTRENDIDX","M","1979-10",101.3516,
"CHE","BCI","AMPLITUD","LTRENDIDX","M","1979-11",101.5782,
"CHE","BCI","AMPLITUD","LTRENDIDX","M","1979-12",101.6684,
"CHE","BCI","AMPLITUD","LTRENDIDX","M","1980-01",101.6675,
"CHE","BCI","AMPLITUD","LTRENDIDX","M","1980-02",101.7213,
"CHE","BCI","AMPLITUD","LTRENDIDX","M","1980-03",101.6671,
"CHE","BCI","AMPLITUD","LTRENDIDX","M","1980-04",101.3556,
"CHE","BCI","AMPLITUD","LTRENDIDX","M","1980-05",100.9826,
"CHE","BCI","AMPLITUD","LTRENDIDX","M","1980-06",100.7368,
"CHE","BCI","AMPLITUD","LTRENDIDX","M","1980-07",100.639,
"CHE","BCI","AMPLITUD","LTRENDIDX","M","1980-08",100.5282,
"CHE","BCI","AMPLITUD","LTRENDIDX","M","1980-09",100.4261,
"CHE","BCI","AMPLITUD","LTRENDIDX","M","1980-10",100.4694,
"CHE","BCI","AMPLITUD","LTRENDIDX","M","1980-11",100.4645,
"CHE","BCI","AMPLITUD","LTRENDIDX","M","1980-12",100.3717,
"CHE","BCI","AMPLITUD","LTRENDIDX","M","1981-01",100.2266,
"CHE","BCI","AMPLITUD","LTRENDIDX","M","1981-02",100.0984,
"CHE","BCI","AMPLITUD","LTRENDIDX","M","1981-03",99.96806,
"CHE","BCI","AMPLITUD","LTRENDIDX","M","1981-04",99.83109,
"CHE","BCI","AMPLITUD","LTRENDIDX","M","1981-05",99.70198,
"CHE","BCI","AMPLITUD","LTRENDIDX","M","1981-06",99.52928,
"CHE","BCI","AMPLITUD","LTRENDIDX","M","1981-07",99.46284,
"CHE","BCI","AMPLITUD","LTRENDIDX","M","1981-08",99.42658,
"CHE","BCI","AMPLITUD","LTRENDIDX","M","1981-09",99.3,
"CHE","BCI","AMPLITUD","LTRENDIDX","M","1981-10",99.20745,
"CHE","BCI","AMPLITUD","LTRENDIDX","M","1981-11",99.17357,
"CHE","BCI","AMPLITUD","LTRENDIDX","M","1981-12",99.08345,
"CHE","BCI","AMPLITUD","LTRENDIDX","M","1982-01",98.79942,
"CHE","BCI","AMPLITUD","LTRENDIDX","M","1982-02",98.39578,
"CHE","BCI","AMPLITUD","LTRENDIDX","M","1982-03",98.04897,
"CHE","BCI","AMPLITUD","LTRENDIDX","M","1982-04",97.82458,
"CHE","BCI","AMPLITUD","LTRENDIDX","M","1982-05",97.64168,
"CHE","BCI","AMPLITUD","LTRENDIDX","M","1982-06",97.45315,
"CHE","BCI","AMPLITUD","LTRENDIDX","M","1982-07",97.17686,
"CHE","BCI","AMPLITUD","LTRENDIDX","M","1982-08",96.94753,
"CHE","BCI","AMPLITUD","LTRENDIDX","M","1982-09",96.84938,
"CHE","BCI","AMPLITUD","LTRENDIDX","M","1982-10",96.84553,
"CHE","BCI","AMPLITUD","LTRENDIDX","M","1982-11",96.95495,
"CHE","BCI","AMPLITUD","LTRENDIDX","M","1982-12",97.09758,
"CHE","BCI","AMPLITUD","LTRENDIDX","M","1983-01",97.23035,
"CHE","BCI","AMPLITUD","LTRENDIDX","M","1983-02",97.45531,
"CHE","BCI","AMPLITUD","LTRENDIDX","M","1983-03",97.71271,
"CHE","BCI","AMPLITUD","LTRENDIDX","M","1983-04",98.04184,
"CHE","BCI","AMPLITUD","LTRENDIDX","M","1983-05",98.43736,
"CHE","BCI","AMPLITUD","LTRENDIDX","M","1983-06",98.76569,
"CHE","BCI","AMPLITUD","LTRENDIDX","M","1983-07",99.01346,
"CHE","BCI","AMPLITUD","LTRENDIDX","M","1983-08",99.13342,
"CHE","BCI","AMPLITUD","LTRENDIDX","M","1983-09",99.16338,
"CHE","BCI","AMPLITUD","LTRENDIDX","M","1983-10",99.15849,
"CHE","BCI","AMPLITUD","LTRENDIDX","M","1983-11",99.18173,
"CHE","BCI","AMPLITUD","LTRENDIDX","M","1983-12",99.33896,
"CHE","BCI","AMPLITUD","LTRENDIDX","M","1984-01",99.51009,
"CHE","BCI","AMPLITUD","LTRENDIDX","M","1984-02",99.68624,
"CHE","BCI","AMPLITUD","LTRENDIDX","M","1984-03",99.8407,
"CHE","BCI","AMPLITUD","LTRENDIDX","M","1984-04",99.88755,
"CHE","BCI","AMPLITUD","LTRENDIDX","M","1984-05",99.86193,
"CHE","BCI","AMPLITUD","LTRENDIDX","M","1984-06",99.91643,
"CHE","BCI","AMPLITUD","LTRENDIDX","M","1984-07",99.92741,
"CHE","BCI","AMPLITUD","LTRENDIDX","M","1984-08",100.013,
"CHE","BCI","AMPLITUD","LTRENDIDX","M","1984-09",100.1922,
"CHE","BCI","AMPLITUD","LTRENDIDX","M","1984-10",100.3734,
"CHE","BCI","AMPLITUD","LTRENDIDX","M","1984-11",100.5149,
"CHE","BCI","AMPLITUD","LTRENDIDX","M","1984-12",100.5713,
"CHE","BCI","AMPLITUD","LTRENDIDX","M","1985-01",100.5961,
"CHE","BCI","AMPLITUD","LTRENDIDX","M","1985-02",100.5915,
"CHE","BCI","AMPLITUD","LTRENDIDX","M","1985-03",100.5574,
"CHE","BCI","AMPLITUD","LTRENDIDX","M","1985-04",100.5854,
"CHE","BCI","AMPLITUD","LTRENDIDX","M","1985-05",100.7227,
"CHE","BCI","AMPLITUD","LTRENDIDX","M","1985-06",100.8599,
"CHE","BCI","AMPLITUD","LTRENDIDX","M","1985-07",100.9436,
"CHE","BCI","AMPLITUD","LTRENDIDX","M","1985-08",100.9606,
"CHE","BCI","AMPLITUD","LTRENDIDX","M","1985-09",100.8859,
"CHE","BCI","AMPLITUD","LTRENDIDX","M","1985-10",100.8614,
"CHE","BCI","AMPLITUD","LTRENDIDX","M","1985-11",100.9257,
"CHE","BCI","AMPLITUD","LTRENDIDX","M","1985-12",101.0836,
"CHE","BCI","AMPLITUD","LTRENDIDX","M","1986-01",101.2634,
"CHE","BCI","AMPLITUD","LTRENDIDX","M","1986-02",101.4045,
"CHE","BCI","AMPLITUD","LTRENDIDX","M","1986-03",101.4047,
"CHE","BCI","AMPLITUD","LTRENDIDX","M","1986-04",101.2228,
"CHE","BCI","AMPLITUD","LTRENDIDX","M","1986-05",100.9026,
"CHE","BCI","AMPLITUD","LTRENDIDX","M","1986-06",100.5465,
"CHE","BCI","AMPLITUD","LTRENDIDX","M","1986-07",100.4426,
"CHE","BCI","AMPLITUD","LTRENDIDX","M","1986-08",100.5202,
"CHE","BCI","AMPLITUD","LTRENDIDX","M","1986-09",100.4855,
"CHE","BCI","AMPLITUD","LTRENDIDX","M","1986-10",100.3301,
"CHE","BCI","AMPLITUD","LTRENDIDX","M","1986-11",100.1768,
"CHE","BCI","AMPLITUD","LTRENDIDX","M","1986-12",100.0904,
"CHE","BCI","AMPLITUD","LTRENDIDX","M","1987-01",100.0803,
"CHE","BCI","AMPLITUD","LTRENDIDX","M","1987-02",100.076,
"CHE","BCI","AMPLITUD","LTRENDIDX","M","1987-03",100.1151,
"CHE","BCI","AMPLITUD","LTRENDIDX","M","1987-04",100.1489,
"CHE","BCI","AMPLITUD","LTRENDIDX","M","1987-05",100.1102,
"CHE","BCI","AMPLITUD","LTRENDIDX","M","1987-06",100.1137,
"CHE","BCI","AMPLITUD","LTRENDIDX","M","1987-07",100.2092,
"CHE","BCI","AMPLITUD","LTRENDIDX","M","1987-08",100.3252,
"CHE","BCI","AMPLITUD","LTRENDIDX","M","1987-09",100.4762,
"CHE","BCI","AMPLITUD","LTRENDIDX","M","1987-10",100.5956,
"CHE","BCI","AMPLITUD","LTRENDIDX","M","1987-11",100.5208,
"CHE","BCI","AMPLITUD","LTRENDIDX","M","1987-12",100.3222,
"CHE","BCI","AMPLITUD","LTRENDIDX","M","1988-01",100.1684,
"CHE","BCI","AMPLITUD","LTRENDIDX","M","1988-02",100.1401,
"CHE","BCI","AMPLITUD","LTRENDIDX","M","1988-03",100.2434,
"CHE","BCI","AMPLITUD","LTRENDIDX","M","1988-04",100.444,
"CHE","BCI","AMPLITUD","LTRENDIDX","M","1988-05",100.704,
"CHE","BCI","AMPLITUD","LTRENDIDX","M","1988-06",100.9578,
"CHE","BCI","AMPLITUD","LTRENDIDX","M","1988-07",101.1187,
"CHE","BCI","AMPLITUD","LTRENDIDX","M","1988-08",101.2248,
"CHE","BCI","AMPLITUD","LTRENDIDX","M","1988-09",101.304,
"CHE","BCI","AMPLITUD","LTRENDIDX","M","1988-10",101.4197,
"CHE","BCI","AMPLITUD","LTRENDIDX","M","1988-11",101.5565,
"CHE","BCI","AMPLITUD","LTRENDIDX","M","1988-12",101.7023,
"CHE","BCI","AMPLITUD","LTRENDIDX","M","1989-01",101.743,
"CHE","BCI","AMPLITUD","LTRENDIDX","M","1989-02",101.6749,
"CHE","BCI","AMPLITUD","LTRENDIDX","M","1989-03",101.5069,
"CHE","BCI","AMPLITUD","LTRENDIDX","M","1989-04",101.39,
"CHE","BCI","AMPLITUD","LTRENDIDX","M","1989-05",101.4363,
"CHE","BCI","AMPLITUD","LTRENDIDX","M","1989-06",101.5349,
"CHE","BCI","AMPLITUD","LTRENDIDX","M","1989-07",101.5795,
"CHE","BCI","AMPLITUD","LTRENDIDX","M","1989-08",101.6262,
"CHE","BCI","AMPLITUD","LTRENDIDX","M","1989-09",101.7163,
"CHE","BCI","AMPLITUD","LTRENDIDX","M","1989-10",101.8027,
"CHE","BCI","AMPLITUD","LTRENDIDX","M","1989-11",101.9173,
"CHE","BCI","AMPLITUD","LTRENDIDX","M","1989-12",102.0155,
"CHE","BCI","AMPLITUD","LTRENDIDX","M","1990-01",102.0152,
"CHE","BCI","AMPLITUD","LTRENDIDX","M","1990-02",101.9507,
"CHE","BCI","AMPLITUD","LTRENDIDX","M","1990-03",101.8649,
"CHE","BCI","AMPLITUD","LTRENDIDX","M","1990-04",101.7235,
"CHE","BCI","AMPLITUD","LTRENDIDX","M","1990-05",101.5578,
"CHE","BCI","AMPLITUD","LTRENDIDX","M","1990-06",101.3533,
"CHE","BCI","AMPLITUD","LTRENDIDX","M","1990-07",101.1184,
"CHE","BCI","AMPLITUD","LTRENDIDX","M","1990-08",100.8651,
"CHE","BCI","AMPLITUD","LTRENDIDX","M","1990-09",100.5542,
"CHE","BCI","AMPLITUD","LTRENDIDX","M","1990-10",100.2081,
"CHE","BCI","AMPLITUD","LTRENDIDX","M","1990-11",99.86017,
"CHE","BCI","AMPLITUD","LTRENDIDX","M","1990-12",99.51622,
"CHE","BCI","AMPLITUD","LTRENDIDX","M","1991-01",99.2191,
"CHE","BCI","AMPLITUD","LTRENDIDX","M","1991-02",98.93465,
"CHE","BCI","AMPLITUD","LTRENDIDX","M","1991-03",98.71368,
"CHE","BCI","AMPLITUD","LTRENDIDX","M","1991-04",98.47992,
"CHE","BCI","AMPLITUD","LTRENDIDX","M","1991-05",98.33086,
"CHE","BCI","AMPLITUD","LTRENDIDX","M","1991-06",98.16734,
"CHE","BCI","AMPLITUD","LTRENDIDX","M","1991-07",98.07103,
"CHE","BCI","AMPLITUD","LTRENDIDX","M","1991-08",98.03712,
"CHE","BCI","AMPLITUD","LTRENDIDX","M","1991-09",97.97916,
"CHE","BCI","AMPLITUD","LTRENDIDX","M","1991-10",97.94279,
"CHE","BCI","AMPLITUD","LTRENDIDX","M","1991-11",97.94714,
"CHE","BCI","AMPLITUD","LTRENDIDX","M","1991-12",97.99186,
"CHE","BCI","AMPLITUD","LTRENDIDX","M","1992-01",98.07166,
"CHE","BCI","AMPLITUD","LTRENDIDX","M","1992-02",98.15499,
"CHE","BCI","AMPLITUD","LTRENDIDX","M","1992-03",98.20946,
"CHE","BCI","AMPLITUD","LTRENDIDX","M","1992-04",98.22443,
"CHE","BCI","AMPLITUD","LTRENDIDX","M","1992-05",98.15241,
"CHE","BCI","AMPLITUD","LTRENDIDX","M","1992-06",98.04744,
"CHE","BCI","AMPLITUD","LTRENDIDX","M","1992-07",97.97653,
"CHE","BCI","AMPLITUD","LTRENDIDX","M","1992-08",97.84196,
"CHE","BCI","AMPLITUD","LTRENDIDX","M","1992-09",97.68128,
"CHE","BCI","AMPLITUD","LTRENDIDX","M","1992-10",97.57048,
"CHE","BCI","AMPLITUD","LTRENDIDX","M","1992-11",97.42066,
"CHE","BCI","AMPLITUD","LTRENDIDX","M","1992-12",97.26292,
"CHE","BCI","AMPLITUD","LTRENDIDX","M","1993-01",97.1865,
"CHE","BCI","AMPLITUD","LTRENDIDX","M","1993-02",97.13904,
"CHE","BCI","AMPLITUD","LTRENDIDX","M","1993-03",97.09502,
"CHE","BCI","AMPLITUD","LTRENDIDX","M","1993-04",97.07507,
"CHE","BCI","AMPLITUD","LTRENDIDX","M","1993-05",97.12451,
"CHE","BCI","AMPLITUD","LTRENDIDX","M","1993-06",97.22855,
"CHE","BCI","AMPLITUD","LTRENDIDX","M","1993-07",97.42498,
"CHE","BCI","AMPLITUD","LTRENDIDX","M","1993-08",97.68041,
"CHE","BCI","AMPLITUD","LTRENDIDX","M","1993-09",97.93826,
"CHE","BCI","AMPLITUD","LTRENDIDX","M","1993-10",98.15086,
"CHE","BCI","AMPLITUD","LTRENDIDX","M","1993-11",98.38833,
"CHE","BCI","AMPLITUD","LTRENDIDX","M","1993-12",98.61833,
"CHE","BCI","AMPLITUD","LTRENDIDX","M","1994-01",98.7766,
"CHE","BCI","AMPLITUD","LTRENDIDX","M","1994-02",98.92867,
"CHE","BCI","AMPLITUD","LTRENDIDX","M","1994-03",99.17102,
"CHE","BCI","AMPLITUD","LTRENDIDX","M","1994-04",99.47883,
"CHE","BCI","AMPLITUD","LTRENDIDX","M","1994-05",99.74619,
"CHE","BCI","AMPLITUD","LTRENDIDX","M","1994-06",99.90215,
"CHE","BCI","AMPLITUD","LTRENDIDX","M","1994-07",99.96966,
"CHE","BCI","AMPLITUD","LTRENDIDX","M","1994-08",100.0005,
"CHE","BCI","AMPLITUD","LTRENDIDX","M","1994-09",100.0187,
"CHE","BCI","AMPLITUD","LTRENDIDX","M","1994-10",100.0328,
"CHE","BCI","AMPLITUD","LTRENDIDX","M","1994-11",100.1121,
"CHE","BCI","AMPLITUD","LTRENDIDX","M","1994-12",100.2503,
"CHE","BCI","AMPLITUD","LTRENDIDX","M","1995-01",100.3366,
"CHE","BCI","AMPLITUD","LTRENDIDX","M","1995-02",100.3164,
"CHE","BCI","AMPLITUD","LTRENDIDX","M","1995-03",100.2033,
"CHE","BCI","AMPLITUD","LTRENDIDX","M","1995-04",100.0073,
"CHE","BCI","AMPLITUD","LTRENDIDX","M","1995-05",99.78718,
"CHE","BCI","AMPLITUD","LTRENDIDX","M","1995-06",99.60276,
"CHE","BCI","AMPLITUD","LTRENDIDX","M","1995-07",99.4637,
"CHE","BCI","AMPLITUD","LTRENDIDX","M","1995-08",99.25934,
"CHE","BCI","AMPLITUD","LTRENDIDX","M","1995-09",99.05804,
"CHE","BCI","AMPLITUD","LTRENDIDX","M","1995-10",98.90572,
"CHE","BCI","AMPLITUD","LTRENDIDX","M","1995-11",98.77875,
"CHE","BCI","AMPLITUD","LTRENDIDX","M","1995-12",98.65766,
"CHE","BCI","AMPLITUD","LTRENDIDX","M","1996-01",98.5276,
"CHE","BCI","AMPLITUD","LTRENDIDX","M","1996-02",98.43214,
"CHE","BCI","AMPLITUD","LTRENDIDX","M","1996-03",98.3265,
"CHE","BCI","AMPLITUD","LTRENDIDX","M","1996-04",98.20577,
"CHE","BCI","AMPLITUD","LTRENDIDX","M","1996-05",98.11433,
"CHE","BCI","AMPLITUD","LTRENDIDX","M","1996-06",98.06721,
"CHE","BCI","AMPLITUD","LTRENDIDX","M","1996-07",98.06057,
"CHE","BCI","AMPLITUD","LTRENDIDX","M","1996-08",98.05756,
"CHE","BCI","AMPLITUD","LTRENDIDX","M","1996-09",98.05418,
"CHE","BCI","AMPLITUD","LTRENDIDX","M","1996-10",98.09626,
"CHE","BCI","AMPLITUD","LTRENDIDX","M","1996-11",98.16185,
"CHE","BCI","AMPLITUD","LTRENDIDX","M","1996-12",98.21648,
"CHE","BCI","AMPLITUD","LTRENDIDX","M","1997-01",98.28205,
"CHE","BCI","AMPLITUD","LTRENDIDX","M","1997-02",98.43351,
"CHE","BCI","AMPLITUD","LTRENDIDX","M","1997-03",98.66806,
"CHE","BCI","AMPLITUD","LTRENDIDX","M","1997-04",98.86094,
"CHE","BCI","AMPLITUD","LTRENDIDX","M","1997-05",99.05009,
"CHE","BCI","AMPLITUD","LTRENDIDX","M","1997-06",99.22739,
"CHE","BCI","AMPLITUD","LTRENDIDX","M","1997-07",99.46578,
"CHE","BCI","AMPLITUD","LTRENDIDX","M","1997-08",99.75385,
"CHE","BCI","AMPLITUD","LTRENDIDX","M","1997-09",100.1574,
"CHE","BCI","AMPLITUD","LTRENDIDX","M","1997-10",100.4756,
"CHE","BCI","AMPLITUD","LTRENDIDX","M","1997-11",100.573,
"CHE","BCI","AMPLITUD","LTRENDIDX","M","1997-12",100.5337,
"CHE","BCI","AMPLITUD","LTRENDIDX","M","1998-01",100.4112,
"CHE","BCI","AMPLITUD","LTRENDIDX","M","1998-02",100.2063,
"CHE","BCI","AMPLITUD","LTRENDIDX","M","1998-03",100.0471,
"CHE","BCI","AMPLITUD","LTRENDIDX","M","1998-04",100.0033,
"CHE","BCI","AMPLITUD","LTRENDIDX","M","1998-05",100.0108,
"CHE","BCI","AMPLITUD","LTRENDIDX","M","1998-06",99.97311,
"CHE","BCI","AMPLITUD","LTRENDIDX","M","1998-07",99.82211,
"CHE","BCI","AMPLITUD","LTRENDIDX","M","1998-08",99.59743,
"CHE","BCI","AMPLITUD","LTRENDIDX","M","1998-09",99.35523,
"CHE","BCI","AMPLITUD","LTRENDIDX","M","1998-10",99.12199,
"CHE","BCI","AMPLITUD","LTRENDIDX","M","1998-11",99.02001,
"CHE","BCI","AMPLITUD","LTRENDIDX","M","1998-12",99.05151,
"CHE","BCI","AMPLITUD","LTRENDIDX","M","1999-01",99.12987,
"CHE","BCI","AMPLITUD","LTRENDIDX","M","1999-02",99.188,
"CHE","BCI","AMPLITUD","LTRENDIDX","M","1999-03",99.23438,
"CHE","BCI","AMPLITUD","LTRENDIDX","M","1999-04",99.32914,
"CHE","BCI","AMPLITUD","LTRENDIDX","M","1999-05",99.3972,
"CHE","BCI","AMPLITUD","LTRENDIDX","M","1999-06",99.42812,
"CHE","BCI","AMPLITUD","LTRENDIDX","M","1999-07",99.5682,
"CHE","BCI","AMPLITUD","LTRENDIDX","M","1999-08",99.85554,
"CHE","BCI","AMPLITUD","LTRENDIDX","M","1999-09",100.2469,
"CHE","BCI","AMPLITUD","LTRENDIDX","M","1999-10",100.5351,
"CHE","BCI","AMPLITUD","LTRENDIDX","M","1999-11",100.6741,
"CHE","BCI","AMPLITUD","LTRENDIDX","M","1999-12",100.8343,
"CHE","BCI","AMPLITUD","LTRENDIDX","M","2000-01",100.9994,
"CHE","BCI","AMPLITUD","LTRENDIDX","M","2000-02",101.3075,
"CHE","BCI","AMPLITUD","LTRENDIDX","M","2000-03",101.6777,
"CHE","BCI","AMPLITUD","LTRENDIDX","M","2000-04",101.8612,
"CHE","BCI","AMPLITUD","LTRENDIDX","M","2000-05",101.9649,
"CHE","BCI","AMPLITUD","LTRENDIDX","M","2000-06",102.0624,
"CHE","BCI","AMPLITUD","LTRENDIDX","M","2000-07",102.0768,
"CHE","BCI","AMPLITUD","LTRENDIDX","M","2000-08",102.0796,
"CHE","BCI","AMPLITUD","LTRENDIDX","M","2000-09",102.1067,
"CHE","BCI","AMPLITUD","LTRENDIDX","M","2000-10",102.1789,
"CHE","BCI","AMPLITUD","LTRENDIDX","M","2000-11",102.2105,
"CHE","BCI","AMPLITUD","LTRENDIDX","M","2000-12",102.1288,
"CHE","BCI","AMPLITUD","LTRENDIDX","M","2001-01",101.9301,
"CHE","BCI","AMPLITUD","LTRENDIDX","M","2001-02",101.6118,
"CHE","BCI","AMPLITUD","LTRENDIDX","M","2001-03",101.2218,
"CHE","BCI","AMPLITUD","LTRENDIDX","M","2001-04",100.8516,
"CHE","BCI","AMPLITUD","LTRENDIDX","M","2001-05",100.5399,
"CHE","BCI","AMPLITUD","LTRENDIDX","M","2001-06",100.3137,
"CHE","BCI","AMPLITUD","LTRENDIDX","M","2001-07",100.0968,
"CHE","BCI","AMPLITUD","LTRENDIDX","M","2001-08",99.75031,
"CHE","BCI","AMPLITUD","LTRENDIDX","M","2001-09",99.20666,
"CHE","BCI","AMPLITUD","LTRENDIDX","M","2001-10",98.72163,
"CHE","BCI","AMPLITUD","LTRENDIDX","M","2001-11",98.50733,
"CHE","BCI","AMPLITUD","LTRENDIDX","M","2001-12",98.57774,
"CHE","BCI","AMPLITUD","LTRENDIDX","M","2002-01",98.82607,
"CHE","BCI","AMPLITUD","LTRENDIDX","M","2002-02",99.08833,
"CHE","BCI","AMPLITUD","LTRENDIDX","M","2002-03",99.26402,
"CHE","BCI","AMPLITUD","LTRENDIDX","M","2002-04",99.4016,
"CHE","BCI","AMPLITUD","LTRENDIDX","M","2002-05",99.48106,
"CHE","BCI","AMPLITUD","LTRENDIDX","M","2002-06",99.50882,
"CHE","BCI","AMPLITUD","LTRENDIDX","M","2002-07",99.47199,
"CHE","BCI","AMPLITUD","LTRENDIDX","M","2002-08",99.36681,
"CHE","BCI","AMPLITUD","LTRENDIDX","M","2002-09",99.24732,
"CHE","BCI","AMPLITUD","LTRENDIDX","M","2002-10",99.1027,
"CHE","BCI","AMPLITUD","LTRENDIDX","M","2002-11",99.00185,
"CHE","BCI","AMPLITUD","LTRENDIDX","M","2002-12",98.89323,
"CHE","BCI","AMPLITUD","LTRENDIDX","M","2003-01",98.74694,
"CHE","BCI","AMPLITUD","LTRENDIDX","M","2003-02",98.54932,
"CHE","BCI","AMPLITUD","LTRENDIDX","M","2003-03",98.46397,
"CHE","BCI","AMPLITUD","LTRENDIDX","M","2003-04",98.42734,
"CHE","BCI","AMPLITUD","LTRENDIDX","M","2003-05",98.462,
"CHE","BCI","AMPLITUD","LTRENDIDX","M","2003-06",98.49321,
"CHE","BCI","AMPLITUD","LTRENDIDX","M","2003-07",98.57896,
"CHE","BCI","AMPLITUD","LTRENDIDX","M","2003-08",98.77824,
"CHE","BCI","AMPLITUD","LTRENDIDX","M","2003-09",99.04984,
"CHE","BCI","AMPLITUD","LTRENDIDX","M","2003-10",99.40469,
"CHE","BCI","AMPLITUD","LTRENDIDX","M","2003-11",99.74821,
"CHE","BCI","AMPLITUD","LTRENDIDX","M","2003-12",99.95011,
"CHE","BCI","AMPLITUD","LTRENDIDX","M","2004-01",99.95503,
"CHE","BCI","AMPLITUD","LTRENDIDX","M","2004-02",100.0103,
"CHE","BCI","AMPLITUD","LTRENDIDX","M","2004-03",100.1362,
"CHE","BCI","AMPLITUD","LTRENDIDX","M","2004-04",100.2958,
"CHE","BCI","AMPLITUD","LTRENDIDX","M","2004-05",100.4633,
"CHE","BCI","AMPLITUD","LTRENDIDX","M","2004-06",100.6083,
"CHE","BCI","AMPLITUD","LTRENDIDX","M","2004-07",100.6666,
"CHE","BCI","AMPLITUD","LTRENDIDX","M","2004-08",100.6583,
"CHE","BCI","AMPLITUD","LTRENDIDX","M","2004-09",100.5753,
"CHE","BCI","AMPLITUD","LTRENDIDX","M","2004-10",100.4287,
"CHE","BCI","AMPLITUD","LTRENDIDX","M","2004-11",100.3073,
"CHE","BCI","AMPLITUD","LTRENDIDX","M","2004-12",100.3156,
"CHE","BCI","AMPLITUD","LTRENDIDX","M","2005-01",100.3943,
"CHE","BCI","AMPLITUD","LTRENDIDX","M","2005-02",100.3856,
"CHE","BCI","AMPLITUD","LTRENDIDX","M","2005-03",100.3493,
"CHE","BCI","AMPLITUD","LTRENDIDX","M","2005-04",100.3219,
"CHE","BCI","AMPLITUD","LTRENDIDX","M","2005-05",100.2515,
"CHE","BCI","AMPLITUD","LTRENDIDX","M","2005-06",100.1861,
"CHE","BCI","AMPLITUD","LTRENDIDX","M","2005-07",100.235,
"CHE","BCI","AMPLITUD","LTRENDIDX","M","2005-08",100.3349,
"CHE","BCI","AMPLITUD","LTRENDIDX","M","2005-09",100.4951,
"CHE","BCI","AMPLITUD","LTRENDIDX","M","2005-10",100.698,
"CHE","BCI","AMPLITUD","LTRENDIDX","M","2005-11",100.8841,
"CHE","BCI","AMPLITUD","LTRENDIDX","M","2005-12",101.0834,
"CHE","BCI","AMPLITUD","LTRENDIDX","M","2006-01",101.2972,
"CHE","BCI","AMPLITUD","LTRENDIDX","M","2006-02",101.5105,
"CHE","BCI","AMPLITUD","LTRENDIDX","M","2006-03",101.689,
"CHE","BCI","AMPLITUD","LTRENDIDX","M","2006-04",101.8216,
"CHE","BCI","AMPLITUD","LTRENDIDX","M","2006-05",101.8607,
"CHE","BCI","AMPLITUD","LTRENDIDX","M","2006-06",101.854,
"CHE","BCI","AMPLITUD","LTRENDIDX","M","2006-07",101.8669,
"CHE","BCI","AMPLITUD","LTRENDIDX","M","2006-08",101.9292,
"CHE","BCI","AMPLITUD","LTRENDIDX","M","2006-09",102.0961,
"CHE","BCI","AMPLITUD","LTRENDIDX","M","2006-10",102.2979,
"CHE","BCI","AMPLITUD","LTRENDIDX","M","2006-11",102.4314,
"CHE","BCI","AMPLITUD","LTRENDIDX","M","2006-12",102.5251,
"CHE","BCI","AMPLITUD","LTRENDIDX","M","2007-01",102.6344,
"CHE","BCI","AMPLITUD","LTRENDIDX","M","2007-02",102.7198,
"CHE","BCI","AMPLITUD","LTRENDIDX","M","2007-03",102.6677,
"CHE","BCI","AMPLITUD","LTRENDIDX","M","2007-04",102.4352,
"CHE","BCI","AMPLITUD","LTRENDIDX","M","2007-05",102.292,
"CHE","BCI","AMPLITUD","LTRENDIDX","M","2007-06",102.328,
"CHE","BCI","AMPLITUD","LTRENDIDX","M","2007-07",102.3859,
"CHE","BCI","AMPLITUD","LTRENDIDX","M","2007-08",102.3954,
"CHE","BCI","AMPLITUD","LTRENDIDX","M","2007-09",102.3599,
"CHE","BCI","AMPLITUD","LTRENDIDX","M","2007-10",102.2812,
"CHE","BCI","AMPLITUD","LTRENDIDX","M","2007-11",102.2699,
"CHE","BCI","AMPLITUD","LTRENDIDX","M","2007-12",102.2126,
"CHE","BCI","AMPLITUD","LTRENDIDX","M","2008-01",102.0741,
"CHE","BCI","AMPLITUD","LTRENDIDX","M","2008-02",101.9441,
"CHE","BCI","AMPLITUD","LTRENDIDX","M","2008-03",101.8854,
"CHE","BCI","AMPLITUD","LTRENDIDX","M","2008-04",101.8624,
"CHE","BCI","AMPLITUD","LTRENDIDX","M","2008-05",101.7588,
"CHE","BCI","AMPLITUD","LTRENDIDX","M","2008-06",101.5344,
"CHE","BCI","AMPLITUD","LTRENDIDX","M","2008-07",101.2895,
"CHE","BCI","AMPLITUD","LTRENDIDX","M","2008-08",100.9781,
"CHE","BCI","AMPLITUD","LTRENDIDX","M","2008-09",100.5085,
"CHE","BCI","AMPLITUD","LTRENDIDX","M","2008-10",99.89857,
"CHE","BCI","AMPLITUD","LTRENDIDX","M","2008-11",99.18752,
"CHE","BCI","AMPLITUD","LTRENDIDX","M","2008-12",98.48714,
"CHE","BCI","AMPLITUD","LTRENDIDX","M","2009-01",97.8236,
"CHE","BCI","AMPLITUD","LTRENDIDX","M","2009-02",97.16537,
"CHE","BCI","AMPLITUD","LTRENDIDX","M","2009-03",96.70262,
"CHE","BCI","AMPLITUD","LTRENDIDX","M","2009-04",96.5385,
"CHE","BCI","AMPLITUD","LTRENDIDX","M","2009-05",96.65728,
"CHE","BCI","AMPLITUD","LTRENDIDX","M","2009-06",96.888,
"CHE","BCI","AMPLITUD","LTRENDIDX","M","2009-07",97.20227,
"CHE","BCI","AMPLITUD","LTRENDIDX","M","2009-08",97.53339,
"CHE","BCI","AMPLITUD","LTRENDIDX","M","2009-09",97.94781,
"CHE","BCI","AMPLITUD","LTRENDIDX","M","2009-10",98.36046,
"CHE","BCI","AMPLITUD","LTRENDIDX","M","2009-11",98.77448,
"CHE","BCI","AMPLITUD","LTRENDIDX","M","2009-12",99.15887,
"CHE","BCI","AMPLITUD","LTRENDIDX","M","2010-01",99.49609,
"CHE","BCI","AMPLITUD","LTRENDIDX","M","2010-02",99.82905,
"CHE","BCI","AMPLITUD","LTRENDIDX","M","2010-03",100.0906,
"CHE","BCI","AMPLITUD","LTRENDIDX","M","2010-04",100.3567,
"CHE","BCI","AMPLITUD","LTRENDIDX","M","2010-05",100.5655,
"CHE","BCI","AMPLITUD","LTRENDIDX","M","2010-06",100.7868,
"CHE","BCI","AMPLITUD","LTRENDIDX","M","2010-07",100.9942,
"CHE","BCI","AMPLITUD","LTRENDIDX","M","2010-08",101.1693,
"CHE","BCI","AMPLITUD","LTRENDIDX","M","2010-09",101.291,
"CHE","BCI","AMPLITUD","LTRENDIDX","M","2010-10",101.4551,
"CHE","BCI","AMPLITUD","LTRENDIDX","M","2010-11",101.5765,
"CHE","BCI","AMPLITUD","LTRENDIDX","M","2010-12",101.6215,
"CHE","BCI","AMPLITUD","LTRENDIDX","M","2011-01",101.5778,
"CHE","BCI","AMPLITUD","LTRENDIDX","M","2011-02",101.5139,
"CHE","BCI","AMPLITUD","LTRENDIDX","M","2011-03",101.5591,
"CHE","BCI","AMPLITUD","LTRENDIDX","M","2011-04",101.5133,
"CHE","BCI","AMPLITUD","LTRENDIDX","M","2011-05",101.3464,
"CHE","BCI","AMPLITUD","LTRENDIDX","M","2011-06",101.0645,
"CHE","BCI","AMPLITUD","LTRENDIDX","M","2011-07",100.6386,
"CHE","BCI","AMPLITUD","LTRENDIDX","M","2011-08",100.1818,
"CHE","BCI","AMPLITUD","LTRENDIDX","M","2011-09",99.8198,
"CHE","BCI","AMPLITUD","LTRENDIDX","M","2011-10",99.57225,
"CHE","BCI","AMPLITUD","LTRENDIDX","M","2011-11",99.41055,
"CHE","BCI","AMPLITUD","LTRENDIDX","M","2011-12",99.34891,
"CHE","BCI","AMPLITUD","LTRENDIDX","M","2012-01",99.39005,
"CHE","BCI","AMPLITUD","LTRENDIDX","M","2012-02",99.52944,
"CHE","BCI","AMPLITUD","LTRENDIDX","M","2012-03",99.68665,
"CHE","BCI","AMPLITUD","LTRENDIDX","M","2012-04",99.71719,
"CHE","BCI","AMPLITUD","LTRENDIDX","M","2012-05",99.68791,
"CHE","BCI","AMPLITUD","LTRENDIDX","M","2012-06",99.69469,
"CHE","BCI","AMPLITUD","LTRENDIDX","M","2012-07",99.7431,
"CHE","BCI","AMPLITUD","LTRENDIDX","M","2012-08",99.78024,
"CHE","BCI","AMPLITUD","LTRENDIDX","M","2012-09",99.68333,
"CHE","BCI","AMPLITUD","LTRENDIDX","M","2012-10",99.56316,
"CHE","BCI","AMPLITUD","LTRENDIDX","M","2012-11",99.53423,
"CHE","BCI","AMPLITUD","LTRENDIDX","M","2012-12",99.62359,
"CHE","BCI","AMPLITUD","LTRENDIDX","M","2013-01",99.83485,
"CHE","BCI","AMPLITUD","LTRENDIDX","M","2013-02",99.96432,
"CHE","BCI","AMPLITUD","LTRENDIDX","M","2013-03",99.93104,
"CHE","BCI","AMPLITUD","LTRENDIDX","M","2013-04",99.87553,
"CHE","BCI","AMPLITUD","LTRENDIDX","M","2013-05",99.85353,
"CHE","BCI","AMPLITUD","LTRENDIDX","M","2013-06",99.88354,
"CHE","BCI","AMPLITUD","LTRENDIDX","M","2013-07",99.97002,
"CHE","BCI","AMPLITUD","LTRENDIDX","M","2013-08",100.0644,
"CHE","BCI","AMPLITUD","LTRENDIDX","M","2013-09",100.172,
"CHE","BCI","AMPLITUD","LTRENDIDX","M","2013-10",100.2903,
"CHE","BCI","AMPLITUD","LTRENDIDX","M","2013-11",100.4145,
"CHE","BCI","AMPLITUD","LTRENDIDX","M","2013-12",100.5043,
"CHE","BCI","AMPLITUD","LTRENDIDX","M","2014-01",100.5192,
"CHE","BCI","AMPLITUD","LTRENDIDX","M","2014-02",100.5425,
"CHE","BCI","AMPLITUD","LTRENDIDX","M","2014-03",100.5362,
"CHE","BCI","AMPLITUD","LTRENDIDX","M","2014-04",100.4387,
"CHE","BCI","AMPLITUD","LTRENDIDX","M","2014-05",100.3307,
"CHE","BCI","AMPLITUD","LTRENDIDX","M","2014-06",100.2022,
"CHE","BCI","AMPLITUD","LTRENDIDX","M","2014-07",100.0744,
"CHE","BCI","AMPLITUD","LTRENDIDX","M","2014-08",100.0201,
"CHE","BCI","AMPLITUD","LTRENDIDX","M","2014-09",100.0617,
"CHE","BCI","AMPLITUD","LTRENDIDX","M","2014-10",100.0808,
"CHE","BCI","AMPLITUD","LTRENDIDX","M","2014-11",100.0168,
"CHE","BCI","AMPLITUD","LTRENDIDX","M","2014-12",99.85397,
"CHE","BCI","AMPLITUD","LTRENDIDX","M","2015-01",99.53204,
"CHE","BCI","AMPLITUD","LTRENDIDX","M","2015-02",99.13397,
"CHE","BCI","AMPLITUD","LTRENDIDX","M","2015-03",99.01375,
"CHE","BCI","AMPLITUD","LTRENDIDX","M","2015-04",99.00861,
"CHE","BCI","AMPLITUD","LTRENDIDX","M","2015-05",98.99614,
"CHE","BCI","AMPLITUD","LTRENDIDX","M","2015-06",99.01324,
"CHE","BCI","AMPLITUD","LTRENDIDX","M","2015-07",99.16383,
"CHE","BCI","AMPLITUD","LTRENDIDX","M","2015-08",99.29871,
"CHE","BCI","AMPLITUD","LTRENDIDX","M","2015-09",99.30647,
"CHE","BCI","AMPLITUD","LTRENDIDX","M","2015-10",99.28818,
"CHE","BCI","AMPLITUD","LTRENDIDX","M","2015-11",99.27284,
"CHE","BCI","AMPLITUD","LTRENDIDX","M","2015-12",99.27767,
"CHE","BCI","AMPLITUD","LTRENDIDX","M","2016-01",99.34557,
"CHE","BCI","AMPLITUD","LTRENDIDX","M","2016-02",99.42452,
"CHE","BCI","AMPLITUD","LTRENDIDX","M","2016-03",99.51234,
"CHE","BCI","AMPLITUD","LTRENDIDX","M","2016-04",99.56407,
"CHE","BCI","AMPLITUD","LTRENDIDX","M","2016-05",99.62309,
"CHE","BCI","AMPLITUD","LTRENDIDX","M","2016-06",99.69334,
"CHE","BCI","AMPLITUD","LTRENDIDX","M","2016-07",99.70466,
"CHE","BCI","AMPLITUD","LTRENDIDX","M","2016-08",99.6729,
"CHE","BCI","AMPLITUD","LTRENDIDX","M","2016-09",99.66908,
"CHE","BCI","AMPLITUD","LTRENDIDX","M","2016-10",99.67605,
"CHE","BCI","AMPLITUD","LTRENDIDX","M","2016-11",99.70247,
"CHE","BCI","AMPLITUD","LTRENDIDX","M","2016-12",99.76701,
"CHE","BCI","AMPLITUD","LTRENDIDX","M","2017-01",99.83691,
"CHE","BCI","AMPLITUD","LTRENDIDX","M","2017-02",99.93552,
"CHE","BCI","AMPLITUD","LTRENDIDX","M","2017-03",100.0671,
"CHE","BCI","AMPLITUD","LTRENDIDX","M","2017-04",100.2352,
"CHE","BCI","AMPLITUD","LTRENDIDX","M","2017-05",100.4656,
"CHE","BCI","AMPLITUD","LTRENDIDX","M","2017-06",100.7314,
"OECD","BCI","AMPLITUD","LTRENDIDX","M","1974-06",100.4889,
"OECD","BCI","AMPLITUD","LTRENDIDX","M","1974-07",100.077,
"OECD","BCI","AMPLITUD","LTRENDIDX","M","1974-08",99.51289,
"OECD","BCI","AMPLITUD","LTRENDIDX","M","1974-09",98.77766,
"OECD","BCI","AMPLITUD","LTRENDIDX","M","1974-10",98.03333,
"OECD","BCI","AMPLITUD","LTRENDIDX","M","1974-11",97.33278,
"OECD","BCI","AMPLITUD","LTRENDIDX","M","1974-12",96.79377,
"OECD","BCI","AMPLITUD","LTRENDIDX","M","1975-01",96.58168,
"OECD","BCI","AMPLITUD","LTRENDIDX","M","1975-02",96.60708,
"OECD","BCI","AMPLITUD","LTRENDIDX","M","1975-03",96.72471,
"OECD","BCI","AMPLITUD","LTRENDIDX","M","1975-04",97.04152,
"OECD","BCI","AMPLITUD","LTRENDIDX","M","1975-05",97.44218,
"OECD","BCI","AMPLITUD","LTRENDIDX","M","1975-06",97.86137,
"OECD","BCI","AMPLITUD","LTRENDIDX","M","1975-07",98.2823,
"OECD","BCI","AMPLITUD","LTRENDIDX","M","1975-08",98.71867,
"OECD","BCI","AMPLITUD","LTRENDIDX","M","1975-09",99.09541,
"OECD","BCI","AMPLITUD","LTRENDIDX","M","1975-10",99.37192,
"OECD","BCI","AMPLITUD","LTRENDIDX","M","1975-11",99.57932,
"OECD","BCI","AMPLITUD","LTRENDIDX","M","1975-12",99.8405,
"OECD","BCI","AMPLITUD","LTRENDIDX","M","1976-01",100.1249,
"OECD","BCI","AMPLITUD","LTRENDIDX","M","1976-02",100.357,
"OECD","BCI","AMPLITUD","LTRENDIDX","M","1976-03",100.4709,
"OECD","BCI","AMPLITUD","LTRENDIDX","M","1976-04",100.5578,
"OECD","BCI","AMPLITUD","LTRENDIDX","M","1976-05",100.5556,
"OECD","BCI","AMPLITUD","LTRENDIDX","M","1976-06",100.4916,
"OECD","BCI","AMPLITUD","LTRENDIDX","M","1976-07",100.362,
"OECD","BCI","AMPLITUD","LTRENDIDX","M","1976-08",100.213,
"OECD","BCI","AMPLITUD","LTRENDIDX","M","1976-09",100.0805,
"OECD","BCI","AMPLITUD","LTRENDIDX","M","1976-10",99.98547,
"OECD","BCI","AMPLITUD","LTRENDIDX","M","1976-11",99.93552,
"OECD","BCI","AMPLITUD","LTRENDIDX","M","1976-12",99.97416,
"OECD","BCI","AMPLITUD","LTRENDIDX","M","1977-01",99.97226,
"OECD","BCI","AMPLITUD","LTRENDIDX","M","1977-02",99.99068,
"OECD","BCI","AMPLITUD","LTRENDIDX","M","1977-03",100.0248,
"OECD","BCI","AMPLITUD","LTRENDIDX","M","1977-04",99.98027,
"OECD","BCI","AMPLITUD","LTRENDIDX","M","1977-05",99.9202,
"OECD","BCI","AMPLITUD","LTRENDIDX","M","1977-06",99.79745,
"OECD","BCI","AMPLITUD","LTRENDIDX","M","1977-07",99.68315,
"OECD","BCI","AMPLITUD","LTRENDIDX","M","1977-08",99.56153,
"OECD","BCI","AMPLITUD","LTRENDIDX","M","1977-09",99.50719,
"OECD","BCI","AMPLITUD","LTRENDIDX","M","1977-10",99.55743,
"OECD","BCI","AMPLITUD","LTRENDIDX","M","1977-11",99.66625,
"OECD","BCI","AMPLITUD","LTRENDIDX","M","1977-12",99.77206,
"OECD","BCI","AMPLITUD","LTRENDIDX","M","1978-01",99.7668,
"OECD","BCI","AMPLITUD","LTRENDIDX","M","1978-02",99.74908,
"OECD","BCI","AMPLITUD","LTRENDIDX","M","1978-03",99.81001,
"OECD","BCI","AMPLITUD","LTRENDIDX","M","1978-04",99.99525,
"OECD","BCI","AMPLITUD","LTRENDIDX","M","1978-05",100.2252,
"OECD","BCI","AMPLITUD","LTRENDIDX","M","1978-06",100.4283,
"OECD","BCI","AMPLITUD","LTRENDIDX","M","1978-07",100.5861,
"OECD","BCI","AMPLITUD","LTRENDIDX","M","1978-08",100.6683,
"OECD","BCI","AMPLITUD","LTRENDIDX","M","1978-09",100.7259,
"OECD","BCI","AMPLITUD","LTRENDIDX","M","1978-10",100.7744,
"OECD","BCI","AMPLITUD","LTRENDIDX","M","1978-11",100.7985,
"OECD","BCI","AMPLITUD","LTRENDIDX","M","1978-12",100.763,
"OECD","BCI","AMPLITUD","LTRENDIDX","M","1979-01",100.7404,
"OECD","BCI","AMPLITUD","LTRENDIDX","M","1979-02",100.7495,
"OECD","BCI","AMPLITUD","LTRENDIDX","M","1979-03",100.779,
"OECD","BCI","AMPLITUD","LTRENDIDX","M","1979-04",100.7797,
"OECD","BCI","AMPLITUD","LTRENDIDX","M","1979-05",100.7198,
"OECD","BCI","AMPLITUD","LTRENDIDX","M","1979-06",100.5901,
"OECD","BCI","AMPLITUD","LTRENDIDX","M","1979-07",100.4205,
"OECD","BCI","AMPLITUD","LTRENDIDX","M","1979-08",100.2653,
"OECD","BCI","AMPLITUD","LTRENDIDX","M","1979-09",100.1606,
"OECD","BCI","AMPLITUD","LTRENDIDX","M","1979-10",100.0526,
"OECD","BCI","AMPLITUD","LTRENDIDX","M","1979-11",99.92657,
"OECD","BCI","AMPLITUD","LTRENDIDX","M","1979-12",99.82272,
"OECD","BCI","AMPLITUD","LTRENDIDX","M","1980-01",99.77382,
"OECD","BCI","AMPLITUD","LTRENDIDX","M","1980-02",99.61278,
"OECD","BCI","AMPLITUD","LTRENDIDX","M","1980-03",99.12609,
"OECD","BCI","AMPLITUD","LTRENDIDX","M","1980-04",98.46935,
"OECD","BCI","AMPLITUD","LTRENDIDX","M","1980-05",97.9151,
"OECD","BCI","AMPLITUD","LTRENDIDX","M","1980-06",97.7793,
"OECD","BCI","AMPLITUD","LTRENDIDX","M","1980-07",98.04755,
"OECD","BCI","AMPLITUD","LTRENDIDX","M","1980-08",98.56359,
"OECD","BCI","AMPLITUD","LTRENDIDX","M","1980-09",99.02914,
"OECD","BCI","AMPLITUD","LTRENDIDX","M","1980-10",99.3271,
"OECD","BCI","AMPLITUD","LTRENDIDX","M","1980-11",99.39265,
"OECD","BCI","AMPLITUD","LTRENDIDX","M","1980-12",99.21618,
"OECD","BCI","AMPLITUD","LTRENDIDX","M","1981-01",98.98901,
"OECD","BCI","AMPLITUD","LTRENDIDX","M","1981-02",98.87861,
"OECD","BCI","AMPLITUD","LTRENDIDX","M","1981-03",98.9007,
"OECD","BCI","AMPLITUD","LTRENDIDX","M","1981-04",99.00109,
"OECD","BCI","AMPLITUD","LTRENDIDX","M","1981-05",99.06989,
"OECD","BCI","AMPLITUD","LTRENDIDX","M","1981-06",99.01171,
"OECD","BCI","AMPLITUD","LTRENDIDX","M","1981-07",98.87931,
"OECD","BCI","AMPLITUD","LTRENDIDX","M","1981-08",98.72634,
"OECD","BCI","AMPLITUD","LTRENDIDX","M","1981-09",98.46941,
"OECD","BCI","AMPLITUD","LTRENDIDX","M","1981-10",98.21721,
"OECD","BCI","AMPLITUD","LTRENDIDX","M","1981-11",98.03334,
"OECD","BCI","AMPLITUD","LTRENDIDX","M","1981-12",97.98221,
"OECD","BCI","AMPLITUD","LTRENDIDX","M","1982-01",97.98349,
"OECD","BCI","AMPLITUD","LTRENDIDX","M","1982-02",97.9744,
"OECD","BCI","AMPLITUD","LTRENDIDX","M","1982-03",97.92152,
"OECD","BCI","AMPLITUD","LTRENDIDX","M","1982-04",97.84623,
"OECD","BCI","AMPLITUD","LTRENDIDX","M","1982-05",97.75311,
"OECD","BCI","AMPLITUD","LTRENDIDX","M","1982-06",97.70521,
"OECD","BCI","AMPLITUD","LTRENDIDX","M","1982-07",97.64217,
"OECD","BCI","AMPLITUD","LTRENDIDX","M","1982-08",97.58834,
"OECD","BCI","AMPLITUD","LTRENDIDX","M","1982-09",97.58722,
"OECD","BCI","AMPLITUD","LTRENDIDX","M","1982-10",97.64727,
"OECD","BCI","AMPLITUD","LTRENDIDX","M","1982-11",97.82443,
"OECD","BCI","AMPLITUD","LTRENDIDX","M","1982-12",98.17377,
"OECD","BCI","AMPLITUD","LTRENDIDX","M","1983-01",98.61442,
"OECD","BCI","AMPLITUD","LTRENDIDX","M","1983-02",99.05685,
"OECD","BCI","AMPLITUD","LTRENDIDX","M","1983-03",99.3157,
"OECD","BCI","AMPLITUD","LTRENDIDX","M","1983-04",99.47799,
"OECD","BCI","AMPLITUD","LTRENDIDX","M","1983-05",99.65845,
"OECD","BCI","AMPLITUD","LTRENDIDX","M","1983-06",99.89959,
"OECD","BCI","AMPLITUD","LTRENDIDX","M","1983-07",100.1859,
"OECD","BCI","AMPLITUD","LTRENDIDX","M","1983-08",100.3829,
"OECD","BCI","AMPLITUD","LTRENDIDX","M","1983-09",100.5358,
"OECD","BCI","AMPLITUD","LTRENDIDX","M","1983-10",100.7164,
"OECD","BCI","AMPLITUD","LTRENDIDX","M","1983-11",100.8793,
"OECD","BCI","AMPLITUD","LTRENDIDX","M","1983-12",100.928,
"OECD","BCI","AMPLITUD","LTRENDIDX","M","1984-01",100.77,
"OECD","BCI","AMPLITUD","LTRENDIDX","M","1984-02",100.6553,
"OECD","BCI","AMPLITUD","LTRENDIDX","M","1984-03",100.5891,
"OECD","BCI","AMPLITUD","LTRENDIDX","M","1984-04",100.5802,
"OECD","BCI","AMPLITUD","LTRENDIDX","M","1984-05",100.5434,
"OECD","BCI","AMPLITUD","LTRENDIDX","M","1984-06",100.4807,
"OECD","BCI","AMPLITUD","LTRENDIDX","M","1984-07",100.3401,
"OECD","BCI","AMPLITUD","LTRENDIDX","M","1984-08",100.143,
"OECD","BCI","AMPLITUD","LTRENDIDX","M","1984-09",99.97229,
"OECD","BCI","AMPLITUD","LTRENDIDX","M","1984-10",99.8953,
"OECD","BCI","AMPLITUD","LTRENDIDX","M","1984-11",99.86751,
"OECD","BCI","AMPLITUD","LTRENDIDX","M","1984-12",99.87101,
"OECD","BCI","AMPLITUD","LTRENDIDX","M","1985-01",99.85336,
"OECD","BCI","AMPLITUD","LTRENDIDX","M","1985-02",99.79597,
"OECD","BCI","AMPLITUD","LTRENDIDX","M","1985-03",99.70985,
"OECD","BCI","AMPLITUD","LTRENDIDX","M","1985-04",99.66795,
"OECD","BCI","AMPLITUD","LTRENDIDX","M","1985-05",99.65435,
"OECD","BCI","AMPLITUD","LTRENDIDX","M","1985-06",99.66986,
"OECD","BCI","AMPLITUD","LTRENDIDX","M","1985-07",99.69402,
"OECD","BCI","AMPLITUD","LTRENDIDX","M","1985-08",99.75171,
"OECD","BCI","AMPLITUD","LTRENDIDX","M","1985-09",99.85595,
"OECD","BCI","AMPLITUD","LTRENDIDX","M","1985-10",99.94369,
"OECD","BCI","AMPLITUD","LTRENDIDX","M","1985-11",99.97839,
"OECD","BCI","AMPLITUD","LTRENDIDX","M","1985-12",99.94071,
"OECD","BCI","AMPLITUD","LTRENDIDX","M","1986-01",99.88638,
"OECD","BCI","AMPLITUD","LTRENDIDX","M","1986-02",99.83642,
"OECD","BCI","AMPLITUD","LTRENDIDX","M","1986-03",99.77885,
"OECD","BCI","AMPLITUD","LTRENDIDX","M","1986-04",99.72601,
"OECD","BCI","AMPLITUD","LTRENDIDX","M","1986-05",99.71348,
"OECD","BCI","AMPLITUD","LTRENDIDX","M","1986-06",99.64238,
"OECD","BCI","AMPLITUD","LTRENDIDX","M","1986-07",99.60827,
"OECD","BCI","AMPLITUD","LTRENDIDX","M","1986-08",99.67645,
"OECD","BCI","AMPLITUD","LTRENDIDX","M","1986-09",99.70689,
"OECD","BCI","AMPLITUD","LTRENDIDX","M","1986-10",99.68877,
"OECD","BCI","AMPLITUD","LTRENDIDX","M","1986-11",99.6873,
"OECD","BCI","AMPLITUD","LTRENDIDX","M","1986-12",99.72964,
"OECD","BCI","AMPLITUD","LTRENDIDX","M","1987-01",99.82973,
"OECD","BCI","AMPLITUD","LTRENDIDX","M","1987-02",99.90446,
"OECD","BCI","AMPLITUD","LTRENDIDX","M","1987-03",100.0243,
"OECD","BCI","AMPLITUD","LTRENDIDX","M","1987-04",100.1483,
"OECD","BCI","AMPLITUD","LTRENDIDX","M","1987-05",100.2817,
"OECD","BCI","AMPLITUD","LTRENDIDX","M","1987-06",100.4025,
"OECD","BCI","AMPLITUD","LTRENDIDX","M","1987-07",100.5368,
"OECD","BCI","AMPLITUD","LTRENDIDX","M","1987-08",100.7019,
"OECD","BCI","AMPLITUD","LTRENDIDX","M","1987-09",100.8361,
"OECD","BCI","AMPLITUD","LTRENDIDX","M","1987-10",100.9175,
"OECD","BCI","AMPLITUD","LTRENDIDX","M","1987-11",100.9381,
"OECD","BCI","AMPLITUD","LTRENDIDX","M","1987-12",100.9406,
"OECD","BCI","AMPLITUD","LTRENDIDX","M","1988-01",100.879,
"OECD","BCI","AMPLITUD","LTRENDIDX","M","1988-02",100.8174,
"OECD","BCI","AMPLITUD","LTRENDIDX","M","1988-03",100.8048,
"OECD","BCI","AMPLITUD","LTRENDIDX","M","1988-04",100.8876,
"OECD","BCI","AMPLITUD","LTRENDIDX","M","1988-05",101.0275,
"OECD","BCI","AMPLITUD","LTRENDIDX","M","1988-06",101.1829,
"OECD","BCI","AMPLITUD","LTRENDIDX","M","1988-07",101.2274,
"OECD","BCI","AMPLITUD","LTRENDIDX","M","1988-08",101.1928,
"OECD","BCI","AMPLITUD","LTRENDIDX","M","1988-09",101.1696,
"OECD","BCI","AMPLITUD","LTRENDIDX","M","1988-10",101.1975,
"OECD","BCI","AMPLITUD","LTRENDIDX","M","1988-11",101.222,
"OECD","BCI","AMPLITUD","LTRENDIDX","M","1988-12",101.2202,
"OECD","BCI","AMPLITUD","LTRENDIDX","M","1989-01",101.1616,
"OECD","BCI","AMPLITUD","LTRENDIDX","M","1989-02",101.0591,
"OECD","BCI","AMPLITUD","LTRENDIDX","M","1989-03",100.9279,
"OECD","BCI","AMPLITUD","LTRENDIDX","M","1989-04",100.816,
"OECD","BCI","AMPLITUD","LTRENDIDX","M","1989-05",100.6783,
"OECD","BCI","AMPLITUD","LTRENDIDX","M","1989-06",100.5401,
"OECD","BCI","AMPLITUD","LTRENDIDX","M","1989-07",100.4183,
"OECD","BCI","AMPLITUD","LTRENDIDX","M","1989-08",100.3256,
"OECD","BCI","AMPLITUD","LTRENDIDX","M","1989-09",100.2857,
"OECD","BCI","AMPLITUD","LTRENDIDX","M","1989-10",100.2811,
"OECD","BCI","AMPLITUD","LTRENDIDX","M","1989-11",100.2922,
"OECD","BCI","AMPLITUD","LTRENDIDX","M","1989-12",100.3188,
"OECD","BCI","AMPLITUD","LTRENDIDX","M","1990-01",100.3584,
"OECD","BCI","AMPLITUD","LTRENDIDX","M","1990-02",100.4151,
"OECD","BCI","AMPLITUD","LTRENDIDX","M","1990-03",100.4579,
"OECD","BCI","AMPLITUD","LTRENDIDX","M","1990-04",100.4531,
"OECD","BCI","AMPLITUD","LTRENDIDX","M","1990-05",100.3836,
"OECD","BCI","AMPLITUD","LTRENDIDX","M","1990-06",100.2641,
"OECD","BCI","AMPLITUD","LTRENDIDX","M","1990-07",100.0929,
"OECD","BCI","AMPLITUD","LTRENDIDX","M","1990-08",99.91675,
"OECD","BCI","AMPLITUD","LTRENDIDX","M","1990-09",99.7345,
"OECD","BCI","AMPLITUD","LTRENDIDX","M","1990-10",99.54401,
"OECD","BCI","AMPLITUD","LTRENDIDX","M","1990-11",99.35838,
"OECD","BCI","AMPLITUD","LTRENDIDX","M","1990-12",99.19801,
"OECD","BCI","AMPLITUD","LTRENDIDX","M","1991-01",99.05997,
"OECD","BCI","AMPLITUD","LTRENDIDX","M","1991-02",99.00574,
"OECD","BCI","AMPLITUD","LTRENDIDX","M","1991-03",99.04307,
"OECD","BCI","AMPLITUD","LTRENDIDX","M","1991-04",99.17435,
"OECD","BCI","AMPLITUD","LTRENDIDX","M","1991-05",99.36647,
"OECD","BCI","AMPLITUD","LTRENDIDX","M","1991-06",99.61159,
"OECD","BCI","AMPLITUD","LTRENDIDX","M","1991-07",99.80042,
"OECD","BCI","AMPLITUD","LTRENDIDX","M","1991-08",99.93557,
"OECD","BCI","AMPLITUD","LTRENDIDX","M","1991-09",99.9552,
"OECD","BCI","AMPLITUD","LTRENDIDX","M","1991-10",99.81702,
"OECD","BCI","AMPLITUD","LTRENDIDX","M","1991-11",99.5898,
"OECD","BCI","AMPLITUD","LTRENDIDX","M","1991-12",99.41579,
"OECD","BCI","AMPLITUD","LTRENDIDX","M","1992-01",99.42928,
"OECD","BCI","AMPLITUD","LTRENDIDX","M","1992-02",99.60592,
"OECD","BCI","AMPLITUD","LTRENDIDX","M","1992-03",99.77093,
"OECD","BCI","AMPLITUD","LTRENDIDX","M","1992-04",99.84787,
"OECD","BCI","AMPLITUD","LTRENDIDX","M","1992-05",99.87885,
"OECD","BCI","AMPLITUD","LTRENDIDX","M","1992-06",99.78693,
"OECD","BCI","AMPLITUD","LTRENDIDX","M","1992-07",99.62938,
"OECD","BCI","AMPLITUD","LTRENDIDX","M","1992-08",99.42235,
"OECD","BCI","AMPLITUD","LTRENDIDX","M","1992-09",99.20261,
"OECD","BCI","AMPLITUD","LTRENDIDX","M","1992-10",99.07765,
"OECD","BCI","AMPLITUD","LTRENDIDX","M","1992-11",99.04977,
"OECD","BCI","AMPLITUD","LTRENDIDX","M","1992-12",99.05278,
"OECD","BCI","AMPLITUD","LTRENDIDX","M","1993-01",99.05641,
"OECD","BCI","AMPLITUD","LTRENDIDX","M","1993-02",99.02049,
"OECD","BCI","AMPLITUD","LTRENDIDX","M","1993-03",98.94438,
"OECD","BCI","AMPLITUD","LTRENDIDX","M","1993-04",98.8611,
"OECD","BCI","AMPLITUD","LTRENDIDX","M","1993-05",98.82301,
"OECD","BCI","AMPLITUD","LTRENDIDX","M","1993-06",98.786,
"OECD","BCI","AMPLITUD","LTRENDIDX","M","1993-07",98.79636,
"OECD","BCI","AMPLITUD","LTRENDIDX","M","1993-08",98.87529,
"OECD","BCI","AMPLITUD","LTRENDIDX","M","1993-09",99.02774,
"OECD","BCI","AMPLITUD","LTRENDIDX","M","1993-10",99.21999,
"OECD","BCI","AMPLITUD","LTRENDIDX","M","1993-11",99.37907,
"OECD","BCI","AMPLITUD","LTRENDIDX","M","1993-12",99.4837,
"OECD","BCI","AMPLITUD","LTRENDIDX","M","1994-01",99.55724,
"OECD","BCI","AMPLITUD","LTRENDIDX","M","1994-02",99.6353,
"OECD","BCI","AMPLITUD","LTRENDIDX","M","1994-03",99.75108,
"OECD","BCI","AMPLITUD","LTRENDIDX","M","1994-04",99.90123,
"OECD","BCI","AMPLITUD","LTRENDIDX","M","1994-05",100.0814,
"OECD","BCI","AMPLITUD","LTRENDIDX","M","1994-06",100.285,
"OECD","BCI","AMPLITUD","LTRENDIDX","M","1994-07",100.4869,
"OECD","BCI","AMPLITUD","LTRENDIDX","M","1994-08",100.6721,
"OECD","BCI","AMPLITUD","LTRENDIDX","M","1994-09",100.8223,
"OECD","BCI","AMPLITUD","LTRENDIDX","M","1994-10",100.9122,
"OECD","BCI","AMPLITUD","LTRENDIDX","M","1994-11",100.9389,
"OECD","BCI","AMPLITUD","LTRENDIDX","M","1994-12",100.9109,
"OECD","BCI","AMPLITUD","LTRENDIDX","M","1995-01",100.8548,
"OECD","BCI","AMPLITUD","LTRENDIDX","M","1995-02",100.7173,
"OECD","BCI","AMPLITUD","LTRENDIDX","M","1995-03",100.5012,
"OECD","BCI","AMPLITUD","LTRENDIDX","M","1995-04",100.2531,
"OECD","BCI","AMPLITUD","LTRENDIDX","M","1995-05",100.004,
"OECD","BCI","AMPLITUD","LTRENDIDX","M","1995-06",99.8774,
"OECD","BCI","AMPLITUD","LTRENDIDX","M","1995-07",99.86727,
"OECD","BCI","AMPLITUD","LTRENDIDX","M","1995-08",99.80095,
"OECD","BCI","AMPLITUD","LTRENDIDX","M","1995-09",99.71428,
"OECD","BCI","AMPLITUD","LTRENDIDX","M","1995-10",99.58356,
"OECD","BCI","AMPLITUD","LTRENDIDX","M","1995-11",99.44193,
"OECD","BCI","AMPLITUD","LTRENDIDX","M","1995-12",99.33145,
"OECD","BCI","AMPLITUD","LTRENDIDX","M","1996-01",99.25826,
"OECD","BCI","AMPLITUD","LTRENDIDX","M","1996-02",99.2297,
"OECD","BCI","AMPLITUD","LTRENDIDX","M","1996-03",99.251,
"OECD","BCI","AMPLITUD","LTRENDIDX","M","1996-04",99.31249,
"OECD","BCI","AMPLITUD","LTRENDIDX","M","1996-05",99.39319,
"OECD","BCI","AMPLITUD","LTRENDIDX","M","1996-06",99.5236,
"OECD","BCI","AMPLITUD","LTRENDIDX","M","1996-07",99.59853,
"OECD","BCI","AMPLITUD","LTRENDIDX","M","1996-08",99.67651,
"OECD","BCI","AMPLITUD","LTRENDIDX","M","1996-09",99.73589,
"OECD","BCI","AMPLITUD","LTRENDIDX","M","1996-10",99.80972,
"OECD","BCI","AMPLITUD","LTRENDIDX","M","1996-11",99.92506,
"OECD","BCI","AMPLITUD","LTRENDIDX","M","1996-12",100.0566,
"OECD","BCI","AMPLITUD","LTRENDIDX","M","1997-01",100.1666,
"OECD","BCI","AMPLITUD","LTRENDIDX","M","1997-02",100.2585,
"OECD","BCI","AMPLITUD","LTRENDIDX","M","1997-03",100.3578,
"OECD","BCI","AMPLITUD","LTRENDIDX","M","1997-04",100.4556,
"OECD","BCI","AMPLITUD","LTRENDIDX","M","1997-05",100.5831,
"OECD","BCI","AMPLITUD","LTRENDIDX","M","1997-06",100.6968,
"OECD","BCI","AMPLITUD","LTRENDIDX","M","1997-07",100.8026,
"OECD","BCI","AMPLITUD","LTRENDIDX","M","1997-08",100.8219,
"OECD","BCI","AMPLITUD","LTRENDIDX","M","1997-09",100.7913,
"OECD","BCI","AMPLITUD","LTRENDIDX","M","1997-10",100.7534,
"OECD","BCI","AMPLITUD","LTRENDIDX","M","1997-11",100.6787,
"OECD","BCI","AMPLITUD","LTRENDIDX","M","1997-12",100.5886,
"OECD","BCI","AMPLITUD","LTRENDIDX","M","1998-01",100.4927,
"OECD","BCI","AMPLITUD","LTRENDIDX","M","1998-02",100.4042,
"OECD","BCI","AMPLITUD","LTRENDIDX","M","1998-03",100.3142,
"OECD","BCI","AMPLITUD","LTRENDIDX","M","1998-04",100.1806,
"OECD","BCI","AMPLITUD","LTRENDIDX","M","1998-05",100.0205,
"OECD","BCI","AMPLITUD","LTRENDIDX","M","1998-06",99.86986,
"OECD","BCI","AMPLITUD","LTRENDIDX","M","1998-07",99.7404,
"OECD","BCI","AMPLITUD","LTRENDIDX","M","1998-08",99.5937,
"OECD","BCI","AMPLITUD","LTRENDIDX","M","1998-09",99.42023,
"OECD","BCI","AMPLITUD","LTRENDIDX","M","1998-10",99.27456,
"OECD","BCI","AMPLITUD","LTRENDIDX","M","1998-11",99.20287,
"OECD","BCI","AMPLITUD","LTRENDIDX","M","1998-12",99.21555,
"OECD","BCI","AMPLITUD","LTRENDIDX","M","1999-01",99.30359,
"OECD","BCI","AMPLITUD","LTRENDIDX","M","1999-02",99.39442,
"OECD","BCI","AMPLITUD","LTRENDIDX","M","1999-03",99.4597,
"OECD","BCI","AMPLITUD","LTRENDIDX","M","1999-04",99.54195,
"OECD","BCI","AMPLITUD","LTRENDIDX","M","1999-05",99.66472,
"OECD","BCI","AMPLITUD","LTRENDIDX","M","1999-06",99.79633,
"OECD","BCI","AMPLITUD","LTRENDIDX","M","1999-07",99.90131,
"OECD","BCI","AMPLITUD","LTRENDIDX","M","1999-08",100.0494,
"OECD","BCI","AMPLITUD","LTRENDIDX","M","1999-09",100.2256,
"OECD","BCI","AMPLITUD","LTRENDIDX","M","1999-10",100.3682,
"OECD","BCI","AMPLITUD","LTRENDIDX","M","1999-11",100.4792,
"OECD","BCI","AMPLITUD","LTRENDIDX","M","1999-12",100.556,
"OECD","BCI","AMPLITUD","LTRENDIDX","M","2000-01",100.5963,
"OECD","BCI","AMPLITUD","LTRENDIDX","M","2000-02",100.628,
"OECD","BCI","AMPLITUD","LTRENDIDX","M","2000-03",100.6436,
"OECD","BCI","AMPLITUD","LTRENDIDX","M","2000-04",100.6273,
"OECD","BCI","AMPLITUD","LTRENDIDX","M","2000-05",100.5907,
"OECD","BCI","AMPLITUD","LTRENDIDX","M","2000-06",100.5486,
"OECD","BCI","AMPLITUD","LTRENDIDX","M","2000-07",100.513,
"OECD","BCI","AMPLITUD","LTRENDIDX","M","2000-08",100.44,
"OECD","BCI","AMPLITUD","LTRENDIDX","M","2000-09",100.3429,
"OECD","BCI","AMPLITUD","LTRENDIDX","M","2000-10",100.2202,
"OECD","BCI","AMPLITUD","LTRENDIDX","M","2000-11",100.0608,
"OECD","BCI","AMPLITUD","LTRENDIDX","M","2000-12",99.83862,
"OECD","BCI","AMPLITUD","LTRENDIDX","M","2001-01",99.60281,
"OECD","BCI","AMPLITUD","LTRENDIDX","M","2001-02",99.38792,
"OECD","BCI","AMPLITUD","LTRENDIDX","M","2001-03",99.27394,
"OECD","BCI","AMPLITUD","LTRENDIDX","M","2001-04",99.24054,
"OECD","BCI","AMPLITUD","LTRENDIDX","M","2001-05",99.2204,
"OECD","BCI","AMPLITUD","LTRENDIDX","M","2001-06",99.21957,
"OECD","BCI","AMPLITUD","LTRENDIDX","M","2001-07",99.18434,
"OECD","BCI","AMPLITUD","LTRENDIDX","M","2001-08",99.04755,
"OECD","BCI","AMPLITUD","LTRENDIDX","M","2001-09",98.75963,
"OECD","BCI","AMPLITUD","LTRENDIDX","M","2001-10",98.50053,
"OECD","BCI","AMPLITUD","LTRENDIDX","M","2001-11",98.50493,
"OECD","BCI","AMPLITUD","LTRENDIDX","M","2001-12",98.65725,
"OECD","BCI","AMPLITUD","LTRENDIDX","M","2002-01",98.91513,
"OECD","BCI","AMPLITUD","LTRENDIDX","M","2002-02",99.26684,
"OECD","BCI","AMPLITUD","LTRENDIDX","M","2002-03",99.56995,
"OECD","BCI","AMPLITUD","LTRENDIDX","M","2002-04",99.736,
"OECD","BCI","AMPLITUD","LTRENDIDX","M","2002-05",99.77762,
"OECD","BCI","AMPLITUD","LTRENDIDX","M","2002-06",99.72169,
"OECD","BCI","AMPLITUD","LTRENDIDX","M","2002-07",99.58486,
"OECD","BCI","AMPLITUD","LTRENDIDX","M","2002-08",99.52361,
"OECD","BCI","AMPLITUD","LTRENDIDX","M","2002-09",99.54711,
"OECD","BCI","AMPLITUD","LTRENDIDX","M","2002-10",99.58262,
"OECD","BCI","AMPLITUD","LTRENDIDX","M","2002-11",99.60164,
"OECD","BCI","AMPLITUD","LTRENDIDX","M","2002-12",99.5752,
"OECD","BCI","AMPLITUD","LTRENDIDX","M","2003-01",99.42134,
"OECD","BCI","AMPLITUD","LTRENDIDX","M","2003-02",99.22246,
"OECD","BCI","AMPLITUD","LTRENDIDX","M","2003-03",99.0806,
"OECD","BCI","AMPLITUD","LTRENDIDX","M","2003-04",99.11195,
"OECD","BCI","AMPLITUD","LTRENDIDX","M","2003-05",99.22359,
"OECD","BCI","AMPLITUD","LTRENDIDX","M","2003-06",99.32114,
"OECD","BCI","AMPLITUD","LTRENDIDX","M","2003-07",99.4659,
"OECD","BCI","AMPLITUD","LTRENDIDX","M","2003-08",99.67522,
"OECD","BCI","AMPLITUD","LTRENDIDX","M","2003-09",99.88307,
"OECD","BCI","AMPLITUD","LTRENDIDX","M","2003-10",100.1381,
"OECD","BCI","AMPLITUD","LTRENDIDX","M","2003-11",100.4189,
"OECD","BCI","AMPLITUD","LTRENDIDX","M","2003-12",100.6243,
"OECD","BCI","AMPLITUD","LTRENDIDX","M","2004-01",100.728,
"OECD","BCI","AMPLITUD","LTRENDIDX","M","2004-02",100.8145,
"OECD","BCI","AMPLITUD","LTRENDIDX","M","2004-03",100.891,
"OECD","BCI","AMPLITUD","LTRENDIDX","M","2004-04",100.97,
"OECD","BCI","AMPLITUD","LTRENDIDX","M","2004-05",100.9779,
"OECD","BCI","AMPLITUD","LTRENDIDX","M","2004-06",100.8991,
"OECD","BCI","AMPLITUD","LTRENDIDX","M","2004-07",100.8295,
"OECD","BCI","AMPLITUD","LTRENDIDX","M","2004-08",100.7988,
"OECD","BCI","AMPLITUD","LTRENDIDX","M","2004-09",100.7787,
"OECD","BCI","AMPLITUD","LTRENDIDX","M","2004-10",100.7123,
"OECD","BCI","AMPLITUD","LTRENDIDX","M","2004-11",100.6442,
"OECD","BCI","AMPLITUD","LTRENDIDX","M","2004-12",100.6047,
"OECD","BCI","AMPLITUD","LTRENDIDX","M","2005-01",100.5278,
"OECD","BCI","AMPLITUD","LTRENDIDX","M","2005-02",100.3932,
"OECD","BCI","AMPLITUD","LTRENDIDX","M","2005-03",100.2441,
"OECD","BCI","AMPLITUD","LTRENDIDX","M","2005-04",100.0889,
"OECD","BCI","AMPLITUD","LTRENDIDX","M","2005-05",100.0118,
"OECD","BCI","AMPLITUD","LTRENDIDX","M","2005-06",100.0576,
"OECD","BCI","AMPLITUD","LTRENDIDX","M","2005-07",100.1707,
"OECD","BCI","AMPLITUD","LTRENDIDX","M","2005-08",100.301,
"OECD","BCI","AMPLITUD","LTRENDIDX","M","2005-09",100.4646,
"OECD","BCI","AMPLITUD","LTRENDIDX","M","2005-10",100.5149,
"OECD","BCI","AMPLITUD","LTRENDIDX","M","2005-11",100.5007,
"OECD","BCI","AMPLITUD","LTRENDIDX","M","2005-12",100.4749,
"OECD","BCI","AMPLITUD","LTRENDIDX","M","2006-01",100.4588,
"OECD","BCI","AMPLITUD","LTRENDIDX","M","2006-02",100.5058,
"OECD","BCI","AMPLITUD","LTRENDIDX","M","2006-03",100.575,
"OECD","BCI","AMPLITUD","LTRENDIDX","M","2006-04",100.6345,
"OECD","BCI","AMPLITUD","LTRENDIDX","M","2006-05",100.6144,
"OECD","BCI","AMPLITUD","LTRENDIDX","M","2006-06",100.5743,
"OECD","BCI","AMPLITUD","LTRENDIDX","M","2006-07",100.5762,
"OECD","BCI","AMPLITUD","LTRENDIDX","M","2006-08",100.5719,
"OECD","BCI","AMPLITUD","LTRENDIDX","M","2006-09",100.5413,
"OECD","BCI","AMPLITUD","LTRENDIDX","M","2006-10",100.5151,
"OECD","BCI","AMPLITUD","LTRENDIDX","M","2006-11",100.5359,
"OECD","BCI","AMPLITUD","LTRENDIDX","M","2006-12",100.5916,
"OECD","BCI","AMPLITUD","LTRENDIDX","M","2007-01",100.6218,
"OECD","BCI","AMPLITUD","LTRENDIDX","M","2007-02",100.6744,
"OECD","BCI","AMPLITUD","LTRENDIDX","M","2007-03",100.7317,
"OECD","BCI","AMPLITUD","LTRENDIDX","M","2007-04",100.7774,
"OECD","BCI","AMPLITUD","LTRENDIDX","M","2007-05",100.8051,
"OECD","BCI","AMPLITUD","LTRENDIDX","M","2007-06",100.8045,
"OECD","BCI","AMPLITUD","LTRENDIDX","M","2007-07",100.7229,
"OECD","BCI","AMPLITUD","LTRENDIDX","M","2007-08",100.6118,
"OECD","BCI","AMPLITUD","LTRENDIDX","M","2007-09",100.5133,
"OECD","BCI","AMPLITUD","LTRENDIDX","M","2007-10",100.4356,
"OECD","BCI","AMPLITUD","LTRENDIDX","M","2007-11",100.3772,
"OECD","BCI","AMPLITUD","LTRENDIDX","M","2007-12",100.2949,
"OECD","BCI","AMPLITUD","LTRENDIDX","M","2008-01",100.2175,
"OECD","BCI","AMPLITUD","LTRENDIDX","M","2008-02",100.1153,
"OECD","BCI","AMPLITUD","LTRENDIDX","M","2008-03",100.0467,
"OECD","BCI","AMPLITUD","LTRENDIDX","M","2008-04",99.96703,
"OECD","BCI","AMPLITUD","LTRENDIDX","M","2008-05",99.89918,
"OECD","BCI","AMPLITUD","LTRENDIDX","M","2008-06",99.81592,
"OECD","BCI","AMPLITUD","LTRENDIDX","M","2008-07",99.62673,
"OECD","BCI","AMPLITUD","LTRENDIDX","M","2008-08",99.23663,
"OECD","BCI","AMPLITUD","LTRENDIDX","M","2008-09",98.55012,
"OECD","BCI","AMPLITUD","LTRENDIDX","M","2008-10",97.71765,
"OECD","BCI","AMPLITUD","LTRENDIDX","M","2008-11",96.98292,
"OECD","BCI","AMPLITUD","LTRENDIDX","M","2008-12",96.47939,
"OECD","BCI","AMPLITUD","LTRENDIDX","M","2009-01",96.25851,
"OECD","BCI","AMPLITUD","LTRENDIDX","M","2009-02",96.19343,
"OECD","BCI","AMPLITUD","LTRENDIDX","M","2009-03",96.3491,
"OECD","BCI","AMPLITUD","LTRENDIDX","M","2009-04",96.75388,
"OECD","BCI","AMPLITUD","LTRENDIDX","M","2009-05",97.22047,
"OECD","BCI","AMPLITUD","LTRENDIDX","M","2009-06",97.66639,
"OECD","BCI","AMPLITUD","LTRENDIDX","M","2009-07",98.10558,
"OECD","BCI","AMPLITUD","LTRENDIDX","M","2009-08",98.48132,
"OECD","BCI","AMPLITUD","LTRENDIDX","M","2009-09",98.73891,
"OECD","BCI","AMPLITUD","LTRENDIDX","M","2009-10",98.96998,
"OECD","BCI","AMPLITUD","LTRENDIDX","M","2009-11",99.18123,
"OECD","BCI","AMPLITUD","LTRENDIDX","M","2009-12",99.45526,
"OECD","BCI","AMPLITUD","LTRENDIDX","M","2010-01",99.76701,
"OECD","BCI","AMPLITUD","LTRENDIDX","M","2010-02",100.0466,
"OECD","BCI","AMPLITUD","LTRENDIDX","M","2010-03",100.316,
"OECD","BCI","AMPLITUD","LTRENDIDX","M","2010-04",100.4567,
"OECD","BCI","AMPLITUD","LTRENDIDX","M","2010-05",100.4538,
"OECD","BCI","AMPLITUD","LTRENDIDX","M","2010-06",100.4009,
"OECD","BCI","AMPLITUD","LTRENDIDX","M","2010-07",100.4064,
"OECD","BCI","AMPLITUD","LTRENDIDX","M","2010-08",100.4555,
"OECD","BCI","AMPLITUD","LTRENDIDX","M","2010-09",100.5416,
"OECD","BCI","AMPLITUD","LTRENDIDX","M","2010-10",100.6806,
"OECD","BCI","AMPLITUD","LTRENDIDX","M","2010-11",100.8561,
"OECD","BCI","AMPLITUD","LTRENDIDX","M","2010-12",101.0319,
"OECD","BCI","AMPLITUD","LTRENDIDX","M","2011-01",101.1516,
"OECD","BCI","AMPLITUD","LTRENDIDX","M","2011-02",101.1956,
"OECD","BCI","AMPLITUD","LTRENDIDX","M","2011-03",101.132,
"OECD","BCI","AMPLITUD","LTRENDIDX","M","2011-04",100.9647,
"OECD","BCI","AMPLITUD","LTRENDIDX","M","2011-05",100.7204,
"OECD","BCI","AMPLITUD","LTRENDIDX","M","2011-06",100.5267,
"OECD","BCI","AMPLITUD","LTRENDIDX","M","2011-07",100.3277,
"OECD","BCI","AMPLITUD","LTRENDIDX","M","2011-08",100.1583,
"OECD","BCI","AMPLITUD","LTRENDIDX","M","2011-09",100.0207,
"OECD","BCI","AMPLITUD","LTRENDIDX","M","2011-10",99.91457,
"OECD","BCI","AMPLITUD","LTRENDIDX","M","2011-11",99.88022,
"OECD","BCI","AMPLITUD","LTRENDIDX","M","2011-12",99.92289,
"OECD","BCI","AMPLITUD","LTRENDIDX","M","2012-01",100.009,
"OECD","BCI","AMPLITUD","LTRENDIDX","M","2012-02",100.0935,
"OECD","BCI","AMPLITUD","LTRENDIDX","M","2012-03",100.1133,
"OECD","BCI","AMPLITUD","LTRENDIDX","M","2012-04",100.0434,
"OECD","BCI","AMPLITUD","LTRENDIDX","M","2012-05",99.86742,
"OECD","BCI","AMPLITUD","LTRENDIDX","M","2012-06",99.66405,
"OECD","BCI","AMPLITUD","LTRENDIDX","M","2012-07",99.53365,
"OECD","BCI","AMPLITUD","LTRENDIDX","M","2012-08",99.45851,
"OECD","BCI","AMPLITUD","LTRENDIDX","M","2012-09",99.40977,
"OECD","BCI","AMPLITUD","LTRENDIDX","M","2012-10",99.35571,
"OECD","BCI","AMPLITUD","LTRENDIDX","M","2012-11",99.36238,
"OECD","BCI","AMPLITUD","LTRENDIDX","M","2012-12",99.46281,
"OECD","BCI","AMPLITUD","LTRENDIDX","M","2013-01",99.6069,
"OECD","BCI","AMPLITUD","LTRENDIDX","M","2013-02",99.71578,
"OECD","BCI","AMPLITUD","LTRENDIDX","M","2013-03",99.70766,
"OECD","BCI","AMPLITUD","LTRENDIDX","M","2013-04",99.65257,
"OECD","BCI","AMPLITUD","LTRENDIDX","M","2013-05",99.67004,
"OECD","BCI","AMPLITUD","LTRENDIDX","M","2013-06",99.78737,
"OECD","BCI","AMPLITUD","LTRENDIDX","M","2013-07",99.94337,
"OECD","BCI","AMPLITUD","LTRENDIDX","M","2013-08",100.1098,
"OECD","BCI","AMPLITUD","LTRENDIDX","M","2013-09",100.2342,
"OECD","BCI","AMPLITUD","LTRENDIDX","M","2013-10",100.3086,
"OECD","BCI","AMPLITUD","LTRENDIDX","M","2013-11",100.3547,
"OECD","BCI","AMPLITUD","LTRENDIDX","M","2013-12",100.334,
"OECD","BCI","AMPLITUD","LTRENDIDX","M","2014-01",100.2805,
"OECD","BCI","AMPLITUD","LTRENDIDX","M","2014-02",100.3084,
"OECD","BCI","AMPLITUD","LTRENDIDX","M","2014-03",100.3764,
"OECD","BCI","AMPLITUD","LTRENDIDX","M","2014-04",100.4394,
"OECD","BCI","AMPLITUD","LTRENDIDX","M","2014-05",100.4655,
"OECD","BCI","AMPLITUD","LTRENDIDX","M","2014-06",100.4566,
"OECD","BCI","AMPLITUD","LTRENDIDX","M","2014-07",100.4573,
"OECD","BCI","AMPLITUD","LTRENDIDX","M","2014-08",100.4771,
"OECD","BCI","AMPLITUD","LTRENDIDX","M","2014-09",100.4818,
"OECD","BCI","AMPLITUD","LTRENDIDX","M","2014-10",100.5126,
"OECD","BCI","AMPLITUD","LTRENDIDX","M","2014-11",100.4904,
"OECD","BCI","AMPLITUD","LTRENDIDX","M","2014-12",100.3951,
"OECD","BCI","AMPLITUD","LTRENDIDX","M","2015-01",100.303,
"OECD","BCI","AMPLITUD","LTRENDIDX","M","2015-02",100.2209,
"OECD","BCI","AMPLITUD","LTRENDIDX","M","2015-03",100.1596,
"OECD","BCI","AMPLITUD","LTRENDIDX","M","2015-04",100.146,
"OECD","BCI","AMPLITUD","LTRENDIDX","M","2015-05",100.141,
"OECD","BCI","AMPLITUD","LTRENDIDX","M","2015-06",100.0866,
"OECD","BCI","AMPLITUD","LTRENDIDX","M","2015-07",100.0063,
"OECD","BCI","AMPLITUD","LTRENDIDX","M","2015-08",99.93055,
"OECD","BCI","AMPLITUD","LTRENDIDX","M","2015-09",99.87185,
"OECD","BCI","AMPLITUD","LTRENDIDX","M","2015-10",99.8473,
"OECD","BCI","AMPLITUD","LTRENDIDX","M","2015-11",99.82854,
"OECD","BCI","AMPLITUD","LTRENDIDX","M","2015-12",99.81995,
"OECD","BCI","AMPLITUD","LTRENDIDX","M","2016-01",99.83154,
"OECD","BCI","AMPLITUD","LTRENDIDX","M","2016-02",99.87917,
"OECD","BCI","AMPLITUD","LTRENDIDX","M","2016-03",99.94566,
"OECD","BCI","AMPLITUD","LTRENDIDX","M","2016-04",99.98045,
"OECD","BCI","AMPLITUD","LTRENDIDX","M","2016-05",100.021,
"OECD","BCI","AMPLITUD","LTRENDIDX","M","2016-06",100.065,
"OECD","BCI","AMPLITUD","LTRENDIDX","M","2016-07",100.0502,
"OECD","BCI","AMPLITUD","LTRENDIDX","M","2016-08",100.0028,
"OECD","BCI","AMPLITUD","LTRENDIDX","M","2016-09",100.0641,
"OECD","BCI","AMPLITUD","LTRENDIDX","M","2016-10",100.1779,
"OECD","BCI","AMPLITUD","LTRENDIDX","M","2016-11",100.306,
"OECD","BCI","AMPLITUD","LTRENDIDX","M","2016-12",100.4221,
"OECD","BCI","AMPLITUD","LTRENDIDX","M","2017-01",100.5348,
"OECD","BCI","AMPLITUD","LTRENDIDX","M","2017-02",100.6687,
"OECD","BCI","AMPLITUD","LTRENDIDX","M","2017-03",100.7314,
"OECD","BCI","AMPLITUD","LTRENDIDX","M","2017-04",100.7528,
"OECD","BCI","AMPLITUD","LTRENDIDX","M","2017-05",100.8049,
"OECD","BCI","AMPLITUD","LTRENDIDX","M","2017-06",100.9458,
"OECD","BCI","AMPLITUD","LTRENDIDX","M","2017-07",101.0723,
"BRA","BCI","AMPLITUD","LTRENDIDX","M","1995-04",101.3227,
"BRA","BCI","AMPLITUD","LTRENDIDX","M","1995-05",100.0875,
"BRA","BCI","AMPLITUD","LTRENDIDX","M","1995-06",98.9336,
"BRA","BCI","AMPLITUD","LTRENDIDX","M","1995-07",98.04243,
"BRA","BCI","AMPLITUD","LTRENDIDX","M","1995-08",97.76379,
"BRA","BCI","AMPLITUD","LTRENDIDX","M","1995-09",97.7151,
"BRA","BCI","AMPLITUD","LTRENDIDX","M","1995-10",97.77944,
"BRA","BCI","AMPLITUD","LTRENDIDX","M","1995-11",97.98424,
"BRA","BCI","AMPLITUD","LTRENDIDX","M","1995-12",98.25375,
"BRA","BCI","AMPLITUD","LTRENDIDX","M","1996-01",98.5051,
"BRA","BCI","AMPLITUD","LTRENDIDX","M","1996-02",98.70583,
"BRA","BCI","AMPLITUD","LTRENDIDX","M","1996-03",98.89718,
"BRA","BCI","AMPLITUD","LTRENDIDX","M","1996-04",99.12411,
"BRA","BCI","AMPLITUD","LTRENDIDX","M","1996-05",99.40099,
"BRA","BCI","AMPLITUD","LTRENDIDX","M","1996-06",99.69389,
"BRA","BCI","AMPLITUD","LTRENDIDX","M","1996-07",99.93147,
"BRA","BCI","AMPLITUD","LTRENDIDX","M","1996-08",100.026,
"BRA","BCI","AMPLITUD","LTRENDIDX","M","1996-09",100.0543,
"BRA","BCI","AMPLITUD","LTRENDIDX","M","1996-10",100.0718,
"BRA","BCI","AMPLITUD","LTRENDIDX","M","1996-11",100.1494,
"BRA","BCI","AMPLITUD","LTRENDIDX","M","1996-12",100.2514,
"BRA","BCI","AMPLITUD","LTRENDIDX","M","1997-01",100.328,
"BRA","BCI","AMPLITUD","LTRENDIDX","M","1997-02",100.3573,
"BRA","BCI","AMPLITUD","LTRENDIDX","M","1997-03",100.3469,
"BRA","BCI","AMPLITUD","LTRENDIDX","M","1997-04",100.2917,
"BRA","BCI","AMPLITUD","LTRENDIDX","M","1997-05",100.158,
"BRA","BCI","AMPLITUD","LTRENDIDX","M","1997-06",100.0041,
"BRA","BCI","AMPLITUD","LTRENDIDX","M","1997-07",99.87887,
"BRA","BCI","AMPLITUD","LTRENDIDX","M","1997-08",99.80534,
"BRA","BCI","AMPLITUD","LTRENDIDX","M","1997-09",99.72289,
"BRA","BCI","AMPLITUD","LTRENDIDX","M","1997-10",99.52151,
"BRA","BCI","AMPLITUD","LTRENDIDX","M","1997-11",99.09814,
"BRA","BCI","AMPLITUD","LTRENDIDX","M","1997-12",98.59727,
"BRA","BCI","AMPLITUD","LTRENDIDX","M","1998-01",98.21954,
"BRA","BCI","AMPLITUD","LTRENDIDX","M","1998-02",98.18636,
"BRA","BCI","AMPLITUD","LTRENDIDX","M","1998-03",98.33288,
"BRA","BCI","AMPLITUD","LTRENDIDX","M","1998-04",98.52042,
"BRA","BCI","AMPLITUD","LTRENDIDX","M","1998-05",98.64697,
"BRA","BCI","AMPLITUD","LTRENDIDX","M","1998-06",98.66887,
"BRA","BCI","AMPLITUD","LTRENDIDX","M","1998-07",98.52665,
"BRA","BCI","AMPLITUD","LTRENDIDX","M","1998-08",98.12308,
"BRA","BCI","AMPLITUD","LTRENDIDX","M","1998-09",97.58308,
"BRA","BCI","AMPLITUD","LTRENDIDX","M","1998-10",97.13417,
"BRA","BCI","AMPLITUD","LTRENDIDX","M","1998-11",97.1625,
"BRA","BCI","AMPLITUD","LTRENDIDX","M","1998-12",97.32756,
"BRA","BCI","AMPLITUD","LTRENDIDX","M","1999-01",97.48877,
"BRA","BCI","AMPLITUD","LTRENDIDX","M","1999-02",97.61882,
"BRA","BCI","AMPLITUD","LTRENDIDX","M","1999-03",97.77331,
"BRA","BCI","AMPLITUD","LTRENDIDX","M","1999-04",98.02606,
"BRA","BCI","AMPLITUD","LTRENDIDX","M","1999-05",98.47162,
"BRA","BCI","AMPLITUD","LTRENDIDX","M","1999-06",98.98553,
"BRA","BCI","AMPLITUD","LTRENDIDX","M","1999-07",99.44591,
"BRA","BCI","AMPLITUD","LTRENDIDX","M","1999-08",99.72958,
"BRA","BCI","AMPLITUD","LTRENDIDX","M","1999-09",99.90575,
"BRA","BCI","AMPLITUD","LTRENDIDX","M","1999-10",100.0177,
"BRA","BCI","AMPLITUD","LTRENDIDX","M","1999-11",100.0504,
"BRA","BCI","AMPLITUD","LTRENDIDX","M","1999-12",100.0542,
"BRA","BCI","AMPLITUD","LTRENDIDX","M","2000-01",100.0859,
"BRA","BCI","AMPLITUD","LTRENDIDX","M","2000-02",100.2051,
"BRA","BCI","AMPLITUD","LTRENDIDX","M","2000-03",100.3895,
"BRA","BCI","AMPLITUD","LTRENDIDX","M","2000-04",100.626,
"BRA","BCI","AMPLITUD","LTRENDIDX","M","2000-05",100.9217,
"BRA","BCI","AMPLITUD","LTRENDIDX","M","2000-06",101.2115,
"BRA","BCI","AMPLITUD","LTRENDIDX","M","2000-07",101.3895,
"BRA","BCI","AMPLITUD","LTRENDIDX","M","2000-08",101.3331,
"BRA","BCI","AMPLITUD","LTRENDIDX","M","2000-09",101.1695,
"BRA","BCI","AMPLITUD","LTRENDIDX","M","2000-10",101.0185,
"BRA","BCI","AMPLITUD","LTRENDIDX","M","2000-11",100.9596,
"BRA","BCI","AMPLITUD","LTRENDIDX","M","2000-12",100.9869,
"BRA","BCI","AMPLITUD","LTRENDIDX","M","2001-01",101.0552,
"BRA","BCI","AMPLITUD","LTRENDIDX","M","2001-02",100.987,
"BRA","BCI","AMPLITUD","LTRENDIDX","M","2001-03",100.7966,
"BRA","BCI","AMPLITUD","LTRENDIDX","M","2001-04",100.4578,
"BRA","BCI","AMPLITUD","LTRENDIDX","M","2001-05",99.97588,
"BRA","BCI","AMPLITUD","LTRENDIDX","M","2001-06",99.45254,
"BRA","BCI","AMPLITUD","LTRENDIDX","M","2001-07",98.9918,
"BRA","BCI","AMPLITUD","LTRENDIDX","M","2001-08",98.63489,
"BRA","BCI","AMPLITUD","LTRENDIDX","M","2001-09",98.41551,
"BRA","BCI","AMPLITUD","LTRENDIDX","M","2001-10",98.42902,
"BRA","BCI","AMPLITUD","LTRENDIDX","M","2001-11",98.81631,
"BRA","BCI","AMPLITUD","LTRENDIDX","M","2001-12",99.44953,
"BRA","BCI","AMPLITUD","LTRENDIDX","M","2002-01",100.0548,
"BRA","BCI","AMPLITUD","LTRENDIDX","M","2002-02",100.3379,
"BRA","BCI","AMPLITUD","LTRENDIDX","M","2002-03",100.3724,
"BRA","BCI","AMPLITUD","LTRENDIDX","M","2002-04",100.2259,
"BRA","BCI","AMPLITUD","LTRENDIDX","M","2002-05",99.89878,
"BRA","BCI","AMPLITUD","LTRENDIDX","M","2002-06",99.54932,
"BRA","BCI","AMPLITUD","LTRENDIDX","M","2002-07",99.33688,
"BRA","BCI","AMPLITUD","LTRENDIDX","M","2002-08",99.35281,
"BRA","BCI","AMPLITUD","LTRENDIDX","M","2002-09",99.53204,
"BRA","BCI","AMPLITUD","LTRENDIDX","M","2002-10",99.79408,
"BRA","BCI","AMPLITUD","LTRENDIDX","M","2002-11",100.0993,
"BRA","BCI","AMPLITUD","LTRENDIDX","M","2002-12",100.4091,
"BRA","BCI","AMPLITUD","LTRENDIDX","M","2003-01",100.5773,
"BRA","BCI","AMPLITUD","LTRENDIDX","M","2003-02",100.4319,
"BRA","BCI","AMPLITUD","LTRENDIDX","M","2003-03",100.0788,
"BRA","BCI","AMPLITUD","LTRENDIDX","M","2003-04",99.58849,
"BRA","BCI","AMPLITUD","LTRENDIDX","M","2003-05",99.0358,
"BRA","BCI","AMPLITUD","LTRENDIDX","M","2003-06",98.58454,
"BRA","BCI","AMPLITUD","LTRENDIDX","M","2003-07",98.46471,
"BRA","BCI","AMPLITUD","LTRENDIDX","M","2003-08",98.84823,
"BRA","BCI","AMPLITUD","LTRENDIDX","M","2003-09",99.51102,
"BRA","BCI","AMPLITUD","LTRENDIDX","M","2003-10",100.1688,
"BRA","BCI","AMPLITUD","LTRENDIDX","M","2003-11",100.6385,
"BRA","BCI","AMPLITUD","LTRENDIDX","M","2003-12",100.9649,
"BRA","BCI","AMPLITUD","LTRENDIDX","M","2004-01",101.1606,
"BRA","BCI","AMPLITUD","LTRENDIDX","M","2004-02",101.2063,
"BRA","BCI","AMPLITUD","LTRENDIDX","M","2004-03",101.2086,
"BRA","BCI","AMPLITUD","LTRENDIDX","M","2004-04",101.2363,
"BRA","BCI","AMPLITUD","LTRENDIDX","M","2004-05",101.3704,
"BRA","BCI","AMPLITUD","LTRENDIDX","M","2004-06",101.5589,
"BRA","BCI","AMPLITUD","LTRENDIDX","M","2004-07",101.7443,
"BRA","BCI","AMPLITUD","LTRENDIDX","M","2004-08",101.8711,
"BRA","BCI","AMPLITUD","LTRENDIDX","M","2004-09",101.9359,
"BRA","BCI","AMPLITUD","LTRENDIDX","M","2004-10",101.913,
"BRA","BCI","AMPLITUD","LTRENDIDX","M","2004-11",101.7679,
"BRA","BCI","AMPLITUD","LTRENDIDX","M","2004-12",101.5718,
"BRA","BCI","AMPLITUD","LTRENDIDX","M","2005-01",101.3462,
"BRA","BCI","AMPLITUD","LTRENDIDX","M","2005-02",101.0883,
"BRA","BCI","AMPLITUD","LTRENDIDX","M","2005-03",100.8273,
"BRA","BCI","AMPLITUD","LTRENDIDX","M","2005-04",100.5549,
"BRA","BCI","AMPLITUD","LTRENDIDX","M","2005-05",100.2641,
"BRA","BCI","AMPLITUD","LTRENDIDX","M","2005-06",99.99886,
"BRA","BCI","AMPLITUD","LTRENDIDX","M","2005-07",99.81847,
"BRA","BCI","AMPLITUD","LTRENDIDX","M","2005-08",99.7485,
"BRA","BCI","AMPLITUD","LTRENDIDX","M","2005-09",99.75204,
"BRA","BCI","AMPLITUD","LTRENDIDX","M","2005-10",99.79967,
"BRA","BCI","AMPLITUD","LTRENDIDX","M","2005-11",99.91823,
"BRA","BCI","AMPLITUD","LTRENDIDX","M","2005-12",100.1301,
"BRA","BCI","AMPLITUD","LTRENDIDX","M","2006-01",100.3477,
"BRA","BCI","AMPLITUD","LTRENDIDX","M","2006-02",100.5018,
"BRA","BCI","AMPLITUD","LTRENDIDX","M","2006-03",100.5984,
"BRA","BCI","AMPLITUD","LTRENDIDX","M","2006-04",100.6172,
"BRA","BCI","AMPLITUD","LTRENDIDX","M","2006-05",100.5192,
"BRA","BCI","AMPLITUD","LTRENDIDX","M","2006-06",100.4509,
"BRA","BCI","AMPLITUD","LTRENDIDX","M","2006-07",100.4362,
"BRA","BCI","AMPLITUD","LTRENDIDX","M","2006-08",100.4191,
"BRA","BCI","AMPLITUD","LTRENDIDX","M","2006-09",100.4743,
"BRA","BCI","AMPLITUD","LTRENDIDX","M","2006-10",100.5756,
"BRA","BCI","AMPLITUD","LTRENDIDX","M","2006-11",100.7635,
"BRA","BCI","AMPLITUD","LTRENDIDX","M","2006-12",100.9649,
"BRA","BCI","AMPLITUD","LTRENDIDX","M","2007-01",101.1458,
"BRA","BCI","AMPLITUD","LTRENDIDX","M","2007-02",101.3841,
"BRA","BCI","AMPLITUD","LTRENDIDX","M","2007-03",101.6105,
"BRA","BCI","AMPLITUD","LTRENDIDX","M","2007-04",101.7756,
"BRA","BCI","AMPLITUD","LTRENDIDX","M","2007-05",101.8723,
"BRA","BCI","AMPLITUD","LTRENDIDX","M","2007-06",101.927,
"BRA","BCI","AMPLITUD","LTRENDIDX","M","2007-07",102.0083,
"BRA","BCI","AMPLITUD","LTRENDIDX","M","2007-08",102.0801,
"BRA","BCI","AMPLITUD","LTRENDIDX","M","2007-09",102.1691,
"BRA","BCI","AMPLITUD","LTRENDIDX","M","2007-10",102.2669,
"BRA","BCI","AMPLITUD","LTRENDIDX","M","2007-11",102.2932,
"BRA","BCI","AMPLITUD","LTRENDIDX","M","2007-12",102.2857,
"BRA","BCI","AMPLITUD","LTRENDIDX","M","2008-01",102.2303,
"BRA","BCI","AMPLITUD","LTRENDIDX","M","2008-02",102.1597,
"BRA","BCI","AMPLITUD","LTRENDIDX","M","2008-03",102.0652,
"BRA","BCI","AMPLITUD","LTRENDIDX","M","2008-04",102.0454,
"BRA","BCI","AMPLITUD","LTRENDIDX","M","2008-05",102.153,
"BRA","BCI","AMPLITUD","LTRENDIDX","M","2008-06",102.3088,
"BRA","BCI","AMPLITUD","LTRENDIDX","M","2008-07",102.3522,
"BRA","BCI","AMPLITUD","LTRENDIDX","M","2008-08",102.1594,
"BRA","BCI","AMPLITUD","LTRENDIDX","M","2008-09",101.4823,
"BRA","BCI","AMPLITUD","LTRENDIDX","M","2008-10",100.2071,
"BRA","BCI","AMPLITUD","LTRENDIDX","M","2008-11",98.62553,
"BRA","BCI","AMPLITUD","LTRENDIDX","M","2008-12",97.49384,
"BRA","BCI","AMPLITUD","LTRENDIDX","M","2009-01",97.10297,
"BRA","BCI","AMPLITUD","LTRENDIDX","M","2009-02",97.20693,
"BRA","BCI","AMPLITUD","LTRENDIDX","M","2009-03",97.62294,
"BRA","BCI","AMPLITUD","LTRENDIDX","M","2009-04",98.21902,
"BRA","BCI","AMPLITUD","LTRENDIDX","M","2009-05",98.86425,
"BRA","BCI","AMPLITUD","LTRENDIDX","M","2009-06",99.48663,
"BRA","BCI","AMPLITUD","LTRENDIDX","M","2009-07",100.0688,
"BRA","BCI","AMPLITUD","LTRENDIDX","M","2009-08",100.6142,
"BRA","BCI","AMPLITUD","LTRENDIDX","M","2009-09",101.1274,
"BRA","BCI","AMPLITUD","LTRENDIDX","M","2009-10",101.5658,
"BRA","BCI","AMPLITUD","LTRENDIDX","M","2009-11",101.8754,
"BRA","BCI","AMPLITUD","LTRENDIDX","M","2009-12",102.0894,
"BRA","BCI","AMPLITUD","LTRENDIDX","M","2010-01",102.24,
"BRA","BCI","AMPLITUD","LTRENDIDX","M","2010-02",102.3675,
"BRA","BCI","AMPLITUD","LTRENDIDX","M","2010-03",102.448,
"BRA","BCI","AMPLITUD","LTRENDIDX","M","2010-04",102.4749,
"BRA","BCI","AMPLITUD","LTRENDIDX","M","2010-05",102.4442,
"BRA","BCI","AMPLITUD","LTRENDIDX","M","2010-06",102.3273,
"BRA","BCI","AMPLITUD","LTRENDIDX","M","2010-07",102.2064,
"BRA","BCI","AMPLITUD","LTRENDIDX","M","2010-08",102.1561,
"BRA","BCI","AMPLITUD","LTRENDIDX","M","2010-09",102.1416,
"BRA","BCI","AMPLITUD","LTRENDIDX","M","2010-10",102.0956,
"BRA","BCI","AMPLITUD","LTRENDIDX","M","2010-11",102.0109,
"BRA","BCI","AMPLITUD","LTRENDIDX","M","2010-12",101.9608,
"BRA","BCI","AMPLITUD","LTRENDIDX","M","2011-01",101.9345,
"BRA","BCI","AMPLITUD","LTRENDIDX","M","2011-02",101.9534,
"BRA","BCI","AMPLITUD","LTRENDIDX","M","2011-03",101.966,
"BRA","BCI","AMPLITUD","LTRENDIDX","M","2011-04",101.8814,
"BRA","BCI","AMPLITUD","LTRENDIDX","M","2011-05",101.6879,
"BRA","BCI","AMPLITUD","LTRENDIDX","M","2011-06",101.3932,
"BRA","BCI","AMPLITUD","LTRENDIDX","M","2011-07",101.0481,
"BRA","BCI","AMPLITUD","LTRENDIDX","M","2011-08",100.7536,
"BRA","BCI","AMPLITUD","LTRENDIDX","M","2011-09",100.561,
"BRA","BCI","AMPLITUD","LTRENDIDX","M","2011-10",100.5052,
"BRA","BCI","AMPLITUD","LTRENDIDX","M","2011-11",100.509,
"BRA","BCI","AMPLITUD","LTRENDIDX","M","2011-12",100.5965,
"BRA","BCI","AMPLITUD","LTRENDIDX","M","2012-01",100.7054,
"BRA","BCI","AMPLITUD","LTRENDIDX","M","2012-02",100.7049,
"BRA","BCI","AMPLITUD","LTRENDIDX","M","2012-03",100.6396,
"BRA","BCI","AMPLITUD","LTRENDIDX","M","2012-04",100.5727,
"BRA","BCI","AMPLITUD","LTRENDIDX","M","2012-05",100.5344,
"BRA","BCI","AMPLITUD","LTRENDIDX","M","2012-06",100.5096,
"BRA","BCI","AMPLITUD","LTRENDIDX","M","2012-07",100.5683,
"BRA","BCI","AMPLITUD","LTRENDIDX","M","2012-08",100.7592,
"BRA","BCI","AMPLITUD","LTRENDIDX","M","2012-09",100.9466,
"BRA","BCI","AMPLITUD","LTRENDIDX","M","2012-10",101.0642,
"BRA","BCI","AMPLITUD","LTRENDIDX","M","2012-11",101.0974,
"BRA","BCI","AMPLITUD","LTRENDIDX","M","2012-12",101.1625,
"BRA","BCI","AMPLITUD","LTRENDIDX","M","2013-01",101.2111,
"BRA","BCI","AMPLITUD","LTRENDIDX","M","2013-02",101.1883,
"BRA","BCI","AMPLITUD","LTRENDIDX","M","2013-03",101.1533,
"BRA","BCI","AMPLITUD","LTRENDIDX","M","2013-04",101.1327,
"BRA","BCI","AMPLITUD","LTRENDIDX","M","2013-05",101.0769,
"BRA","BCI","AMPLITUD","LTRENDIDX","M","2013-06",100.9199,
"BRA","BCI","AMPLITUD","LTRENDIDX","M","2013-07",100.7003,
"BRA","BCI","AMPLITUD","LTRENDIDX","M","2013-08",100.5748,
"BRA","BCI","AMPLITUD","LTRENDIDX","M","2013-09",100.4883,
"BRA","BCI","AMPLITUD","LTRENDIDX","M","2013-10",100.4039,
"BRA","BCI","AMPLITUD","LTRENDIDX","M","2013-11",100.3632,
"BRA","BCI","AMPLITUD","LTRENDIDX","M","2013-12",100.3617,
"BRA","BCI","AMPLITUD","LTRENDIDX","M","2014-01",100.3372,
"BRA","BCI","AMPLITUD","LTRENDIDX","M","2014-02",100.2363,
"BRA","BCI","AMPLITUD","LTRENDIDX","M","2014-03",100.0783,
"BRA","BCI","AMPLITUD","LTRENDIDX","M","2014-04",99.82084,
"BRA","BCI","AMPLITUD","LTRENDIDX","M","2014-05",99.42609,
"BRA","BCI","AMPLITUD","LTRENDIDX","M","2014-06",99.03994,
"BRA","BCI","AMPLITUD","LTRENDIDX","M","2014-07",98.75883,
"BRA","BCI","AMPLITUD","LTRENDIDX","M","2014-08",98.58431,
"BRA","BCI","AMPLITUD","LTRENDIDX","M","2014-09",98.56023,
"BRA","BCI","AMPLITUD","LTRENDIDX","M","2014-10",98.63338,
"BRA","BCI","AMPLITUD","LTRENDIDX","M","2014-11",98.71679,
"BRA","BCI","AMPLITUD","LTRENDIDX","M","2014-12",98.73429,
"BRA","BCI","AMPLITUD","LTRENDIDX","M","2015-01",98.65485,
"BRA","BCI","AMPLITUD","LTRENDIDX","M","2015-02",98.39657,
"BRA","BCI","AMPLITUD","LTRENDIDX","M","2015-03",97.97156,
"BRA","BCI","AMPLITUD","LTRENDIDX","M","2015-04",97.57415,
"BRA","BCI","AMPLITUD","LTRENDIDX","M","2015-05",97.24729,
"BRA","BCI","AMPLITUD","LTRENDIDX","M","2015-06",97.00526,
"BRA","BCI","AMPLITUD","LTRENDIDX","M","2015-07",96.92515,
"BRA","BCI","AMPLITUD","LTRENDIDX","M","2015-08",96.90485,
"BRA","BCI","AMPLITUD","LTRENDIDX","M","2015-09",96.97869,
"BRA","BCI","AMPLITUD","LTRENDIDX","M","2015-10",97.11531,
"BRA","BCI","AMPLITUD","LTRENDIDX","M","2015-11",97.20925,
"BRA","BCI","AMPLITUD","LTRENDIDX","M","2015-12",97.29749,
"BRA","BCI","AMPLITUD","LTRENDIDX","M","2016-01",97.34779,
"BRA","BCI","AMPLITUD","LTRENDIDX","M","2016-02",97.32739,
"BRA","BCI","AMPLITUD","LTRENDIDX","M","2016-03",97.36198,
"BRA","BCI","AMPLITUD","LTRENDIDX","M","2016-04",97.50764,
"BRA","BCI","AMPLITUD","LTRENDIDX","M","2016-05",97.74232,
"BRA","BCI","AMPLITUD","LTRENDIDX","M","2016-06",98.06881,
"BRA","BCI","AMPLITUD","LTRENDIDX","M","2016-07",98.38458,
"BRA","BCI","AMPLITUD","LTRENDIDX","M","2016-08",98.57392,
"BRA","BCI","AMPLITUD","LTRENDIDX","M","2016-09",98.663,
"BRA","BCI","AMPLITUD","LTRENDIDX","M","2016-10",98.63058,
"BRA","BCI","AMPLITUD","LTRENDIDX","M","2016-11",98.59352,
"BRA","BCI","AMPLITUD","LTRENDIDX","M","2016-12",98.61696,
"BRA","BCI","AMPLITUD","LTRENDIDX","M","2017-01",98.77742,
"BRA","BCI","AMPLITUD","LTRENDIDX","M","2017-02",98.93018,
"BRA","BCI","AMPLITUD","LTRENDIDX","M","2017-03",99.11118,
"BRA","BCI","AMPLITUD","LTRENDIDX","M","2017-04",99.22736,
"BRA","BCI","AMPLITUD","LTRENDIDX","M","2017-05",99.25494,
"BRA","BCI","AMPLITUD","LTRENDIDX","M","2017-06",99.18863,
"BRA","BCI","AMPLITUD","LTRENDIDX","M","2017-07",99.15793,
"NLD","BCI","AMPLITUD","LTRENDIDX","M","1963-06",101.8289,
"NLD","BCI","AMPLITUD","LTRENDIDX","M","1963-07",101.8662,
"NLD","BCI","AMPLITUD","LTRENDIDX","M","1963-08",101.8807,
"NLD","BCI","AMPLITUD","LTRENDIDX","M","1963-09",101.8758,
"NLD","BCI","AMPLITUD","LTRENDIDX","M","1963-10",101.8669,
"NLD","BCI","AMPLITUD","LTRENDIDX","M","1963-11",101.8436,
"NLD","BCI","AMPLITUD","LTRENDIDX","M","1963-12",101.8213,
"NLD","BCI","AMPLITUD","LTRENDIDX","M","1964-01",101.8216,
"NLD","BCI","AMPLITUD","LTRENDIDX","M","1964-02",101.8523,
"NLD","BCI","AMPLITUD","LTRENDIDX","M","1964-03",101.9066,
"NLD","BCI","AMPLITUD","LTRENDIDX","M","1964-04",101.9331,
"NLD","BCI","AMPLITUD","LTRENDIDX","M","1964-05",101.9098,
"NLD","BCI","AMPLITUD","LTRENDIDX","M","1964-06",101.8188,
"NLD","BCI","AMPLITUD","LTRENDIDX","M","1964-07",101.7111,
"NLD","BCI","AMPLITUD","LTRENDIDX","M","1964-08",101.6265,
"NLD","BCI","AMPLITUD","LTRENDIDX","M","1964-09",101.5717,
"NLD","BCI","AMPLITUD","LTRENDIDX","M","1964-10",101.5621,
"NLD","BCI","AMPLITUD","LTRENDIDX","M","1964-11",101.5474,
"NLD","BCI","AMPLITUD","LTRENDIDX","M","1964-12",101.508,
"NLD","BCI","AMPLITUD","LTRENDIDX","M","1965-01",101.4268,
"NLD","BCI","AMPLITUD","LTRENDIDX","M","1965-02",101.2859,
"NLD","BCI","AMPLITUD","LTRENDIDX","M","1965-03",101.0612,
"NLD","BCI","AMPLITUD","LTRENDIDX","M","1965-04",100.7771,
"NLD","BCI","AMPLITUD","LTRENDIDX","M","1965-05",100.5146,
"NLD","BCI","AMPLITUD","LTRENDIDX","M","1965-06",100.3945,
"NLD","BCI","AMPLITUD","LTRENDIDX","M","1965-07",100.4094,
"NLD","BCI","AMPLITUD","LTRENDIDX","M","1965-08",100.5011,
"NLD","BCI","AMPLITUD","LTRENDIDX","M","1965-09",100.6749,
"NLD","BCI","AMPLITUD","LTRENDIDX","M","1965-10",100.9079,
"NLD","BCI","AMPLITUD","LTRENDIDX","M","1965-11",101.1047,
"NLD","BCI","AMPLITUD","LTRENDIDX","M","1965-12",101.2093,
"NLD","BCI","AMPLITUD","LTRENDIDX","M","1966-01",101.1381,
"NLD","BCI","AMPLITUD","LTRENDIDX","M","1966-02",100.9758,
"NLD","BCI","AMPLITUD","LTRENDIDX","M","1966-03",100.9179,
"NLD","BCI","AMPLITUD","LTRENDIDX","M","1966-04",100.9158,
"NLD","BCI","AMPLITUD","LTRENDIDX","M","1966-05",100.9063,
"NLD","BCI","AMPLITUD","LTRENDIDX","M","1966-06",100.8139,
"NLD","BCI","AMPLITUD","LTRENDIDX","M","1966-07",100.6033,
"NLD","BCI","AMPLITUD","LTRENDIDX","M","1966-08",100.3285,
"NLD","BCI","AMPLITUD","LTRENDIDX","M","1966-09",99.95576,
"NLD","BCI","AMPLITUD","LTRENDIDX","M","1966-10",99.42255,
"NLD","BCI","AMPLITUD","LTRENDIDX","M","1966-11",98.75167,
"NLD","BCI","AMPLITUD","LTRENDIDX","M","1966-12",98.19656,
"NLD","BCI","AMPLITUD","LTRENDIDX","M","1967-01",98.00708,
"NLD","BCI","AMPLITUD","LTRENDIDX","M","1967-02",98.16616,
"NLD","BCI","AMPLITUD","LTRENDIDX","M","1967-03",98.40732,
"NLD","BCI","AMPLITUD","LTRENDIDX","M","1967-04",98.53014,
"NLD","BCI","AMPLITUD","LTRENDIDX","M","1967-05",98.54696,
"NLD","BCI","AMPLITUD","LTRENDIDX","M","1967-06",98.60277,
"NLD","BCI","AMPLITUD","LTRENDIDX","M","1967-07",98.78639,
"NLD","BCI","AMPLITUD","LTRENDIDX","M","1967-08",98.98804,
"NLD","BCI","AMPLITUD","LTRENDIDX","M","1967-09",99.19024,
"NLD","BCI","AMPLITUD","LTRENDIDX","M","1967-10",99.35278,
"NLD","BCI","AMPLITUD","LTRENDIDX","M","1967-11",99.59846,
"NLD","BCI","AMPLITUD","LTRENDIDX","M","1967-12",99.8785,
"NLD","BCI","AMPLITUD","LTRENDIDX","M","1968-01",100.1575,
"NLD","BCI","AMPLITUD","LTRENDIDX","M","1968-02",100.3493,
"NLD","BCI","AMPLITUD","LTRENDIDX","M","1968-03",100.5124,
"NLD","BCI","AMPLITUD","LTRENDIDX","M","1968-04",100.6585,
"NLD","BCI","AMPLITUD","LTRENDIDX","M","1968-05",100.8049,
"NLD","BCI","AMPLITUD","LTRENDIDX","M","1968-06",100.9154,
"NLD","BCI","AMPLITUD","LTRENDIDX","M","1968-07",101.0123,
"NLD","BCI","AMPLITUD","LTRENDIDX","M","1968-08",101.0659,
"NLD","BCI","AMPLITUD","LTRENDIDX","M","1968-09",101.0695,
"NLD","BCI","AMPLITUD","LTRENDIDX","M","1968-10",101.0286,
"NLD","BCI","AMPLITUD","LTRENDIDX","M","1968-11",100.9998,
"NLD","BCI","AMPLITUD","LTRENDIDX","M","1968-12",100.9599,
"NLD","BCI","AMPLITUD","LTRENDIDX","M","1969-01",101.0067,
"NLD","BCI","AMPLITUD","LTRENDIDX","M","1969-02",101.0973,
"NLD","BCI","AMPLITUD","LTRENDIDX","M","1969-03",101.2177,
"NLD","BCI","AMPLITUD","LTRENDIDX","M","1969-04",101.2917,
"NLD","BCI","AMPLITUD","LTRENDIDX","M","1969-05",101.277,
"NLD","BCI","AMPLITUD","LTRENDIDX","M","1969-06",101.22,
"NLD","BCI","AMPLITUD","LTRENDIDX","M","1969-07",101.1841,
"NLD","BCI","AMPLITUD","LTRENDIDX","M","1969-08",101.2203,
"NLD","BCI","AMPLITUD","LTRENDIDX","M","1969-09",101.3159,
"NLD","BCI","AMPLITUD","LTRENDIDX","M","1969-10",101.488,
"NLD","BCI","AMPLITUD","LTRENDIDX","M","1969-11",101.6012,
"NLD","BCI","AMPLITUD","LTRENDIDX","M","1969-12",101.6258,
"NLD","BCI","AMPLITUD","LTRENDIDX","M","1970-01",101.5678,
"NLD","BCI","AMPLITUD","LTRENDIDX","M","1970-02",101.4439,
"NLD","BCI","AMPLITUD","LTRENDIDX","M","1970-03",101.2528,
"NLD","BCI","AMPLITUD","LTRENDIDX","M","1970-04",101.0129,
"NLD","BCI","AMPLITUD","LTRENDIDX","M","1970-05",100.8663,
"NLD","BCI","AMPLITUD","LTRENDIDX","M","1970-06",100.8446,
"NLD","BCI","AMPLITUD","LTRENDIDX","M","1970-07",100.9283,
"NLD","BCI","AMPLITUD","LTRENDIDX","M","1970-08",100.9826,
"NLD","BCI","AMPLITUD","LTRENDIDX","M","1970-09",100.9744,
"NLD","BCI","AMPLITUD","LTRENDIDX","M","1970-10",100.9182,
"NLD","BCI","AMPLITUD","LTRENDIDX","M","1970-11",100.7975,
"NLD","BCI","AMPLITUD","LTRENDIDX","M","1970-12",100.664,
"NLD","BCI","AMPLITUD","LTRENDIDX","M","1971-01",100.4998,
"NLD","BCI","AMPLITUD","LTRENDIDX","M","1971-02",100.3503,
"NLD","BCI","AMPLITUD","LTRENDIDX","M","1971-03",100.1875,
"NLD","BCI","AMPLITUD","LTRENDIDX","M","1971-04",100.0596,
"NLD","BCI","AMPLITUD","LTRENDIDX","M","1971-05",99.90858,
"NLD","BCI","AMPLITUD","LTRENDIDX","M","1971-06",99.69764,
"NLD","BCI","AMPLITUD","LTRENDIDX","M","1971-07",99.43346,
"NLD","BCI","AMPLITUD","LTRENDIDX","M","1971-08",99.20492,
"NLD","BCI","AMPLITUD","LTRENDIDX","M","1971-09",99.05946,
"NLD","BCI","AMPLITUD","LTRENDIDX","M","1971-10",99.01567,
"NLD","BCI","AMPLITUD","LTRENDIDX","M","1971-11",99.07945,
"NLD","BCI","AMPLITUD","LTRENDIDX","M","1971-12",99.15852,
"NLD","BCI","AMPLITUD","LTRENDIDX","M","1972-01",99.25722,
"NLD","BCI","AMPLITUD","LTRENDIDX","M","1972-02",99.31078,
"NLD","BCI","AMPLITUD","LTRENDIDX","M","1972-03",99.30261,
"NLD","BCI","AMPLITUD","LTRENDIDX","M","1972-04",99.16805,
"NLD","BCI","AMPLITUD","LTRENDIDX","M","1972-05",98.97451,
"NLD","BCI","AMPLITUD","LTRENDIDX","M","1972-06",99.01331,
"NLD","BCI","AMPLITUD","LTRENDIDX","M","1972-07",99.2602,
"NLD","BCI","AMPLITUD","LTRENDIDX","M","1972-08",99.55238,
"NLD","BCI","AMPLITUD","LTRENDIDX","M","1972-09",99.90155,
"NLD","BCI","AMPLITUD","LTRENDIDX","M","1972-10",100.2017,
"NLD","BCI","AMPLITUD","LTRENDIDX","M","1972-11",100.4837,
"NLD","BCI","AMPLITUD","LTRENDIDX","M","1972-12",100.7873,
"NLD","BCI","AMPLITUD","LTRENDIDX","M","1973-01",101.0949,
"NLD","BCI","AMPLITUD","LTRENDIDX","M","1973-02",101.0704,
"NLD","BCI","AMPLITUD","LTRENDIDX","M","1973-03",101.1318,
"NLD","BCI","AMPLITUD","LTRENDIDX","M","1973-04",101.3542,
"NLD","BCI","AMPLITUD","LTRENDIDX","M","1973-05",101.5804,
"NLD","BCI","AMPLITUD","LTRENDIDX","M","1973-06",101.716,
"NLD","BCI","AMPLITUD","LTRENDIDX","M","1973-07",101.7614,
"NLD","BCI","AMPLITUD","LTRENDIDX","M","1973-08",101.7191,
"NLD","BCI","AMPLITUD","LTRENDIDX","M","1973-09",101.6348,
"NLD","BCI","AMPLITUD","LTRENDIDX","M","1973-10",101.468,
"NLD","BCI","AMPLITUD","LTRENDIDX","M","1973-11",101.2627,
"NLD","BCI","AMPLITUD","LTRENDIDX","M","1973-12",101.2275,
"NLD","BCI","AMPLITUD","LTRENDIDX","M","1974-01",101.2081,
"NLD","BCI","AMPLITUD","LTRENDIDX","M","1974-02",101.1101,
"NLD","BCI","AMPLITUD","LTRENDIDX","M","1974-03",101.0477,
"NLD","BCI","AMPLITUD","LTRENDIDX","M","1974-04",101.0114,
"NLD","BCI","AMPLITUD","LTRENDIDX","M","1974-05",100.7583,
"NLD","BCI","AMPLITUD","LTRENDIDX","M","1974-06",100.5375,
"NLD","BCI","AMPLITUD","LTRENDIDX","M","1974-07",100.3515,
"NLD","BCI","AMPLITUD","LTRENDIDX","M","1974-08",99.9184,
"NLD","BCI","AMPLITUD","LTRENDIDX","M","1974-09",99.24606,
"NLD","BCI","AMPLITUD","LTRENDIDX","M","1974-10",98.46096,
"NLD","BCI","AMPLITUD","LTRENDIDX","M","1974-11",97.705,
"NLD","BCI","AMPLITUD","LTRENDIDX","M","1974-12",97.05811,
"NLD","BCI","AMPLITUD","LTRENDIDX","M","1975-01",96.60506,
"NLD","BCI","AMPLITUD","LTRENDIDX","M","1975-02",96.26391,
"NLD","BCI","AMPLITUD","LTRENDIDX","M","1975-03",95.8511,
"NLD","BCI","AMPLITUD","LTRENDIDX","M","1975-04",95.72396,
"NLD","BCI","AMPLITUD","LTRENDIDX","M","1975-05",95.77119,
"NLD","BCI","AMPLITUD","LTRENDIDX","M","1975-06",95.79858,
"NLD","BCI","AMPLITUD","LTRENDIDX","M","1975-07",95.7831,
"NLD","BCI","AMPLITUD","LTRENDIDX","M","1975-08",95.88815,
"NLD","BCI","AMPLITUD","LTRENDIDX","M","1975-09",96.26305,
"NLD","BCI","AMPLITUD","LTRENDIDX","M","1975-10",96.80884,
"NLD","BCI","AMPLITUD","LTRENDIDX","M","1975-11",97.19112,
"NLD","BCI","AMPLITUD","LTRENDIDX","M","1975-12",97.5007,
"NLD","BCI","AMPLITUD","LTRENDIDX","M","1976-01",97.78465,
"NLD","BCI","AMPLITUD","LTRENDIDX","M","1976-02",97.86601,
"NLD","BCI","AMPLITUD","LTRENDIDX","M","1976-03",97.96502,
"NLD","BCI","AMPLITUD","LTRENDIDX","M","1976-04",97.97111,
"NLD","BCI","AMPLITUD","LTRENDIDX","M","1976-05",97.94785,
"NLD","BCI","AMPLITUD","LTRENDIDX","M","1976-06",98.04018,
"NLD","BCI","AMPLITUD","LTRENDIDX","M","1976-07",98.02309,
"NLD","BCI","AMPLITUD","LTRENDIDX","M","1976-08",97.98521,
"NLD","BCI","AMPLITUD","LTRENDIDX","M","1976-09",98.00054,
"NLD","BCI","AMPLITUD","LTRENDIDX","M","1976-10",97.99443,
"NLD","BCI","AMPLITUD","LTRENDIDX","M","1976-11",98.02952,
"NLD","BCI","AMPLITUD","LTRENDIDX","M","1976-12",98.01055,
"NLD","BCI","AMPLITUD","LTRENDIDX","M","1977-01",98.20917,
"NLD","BCI","AMPLITUD","LTRENDIDX","M","1977-02",98.54975,
"NLD","BCI","AMPLITUD","LTRENDIDX","M","1977-03",98.79869,
"NLD","BCI","AMPLITUD","LTRENDIDX","M","1977-04",98.78368,
"NLD","BCI","AMPLITUD","LTRENDIDX","M","1977-05",98.66192,
"NLD","BCI","AMPLITUD","LTRENDIDX","M","1977-06",98.50465,
"NLD","BCI","AMPLITUD","LTRENDIDX","M","1977-07",98.28955,
"NLD","BCI","AMPLITUD","LTRENDIDX","M","1977-08",98.05802,
"NLD","BCI","AMPLITUD","LTRENDIDX","M","1977-09",97.91435,
"NLD","BCI","AMPLITUD","LTRENDIDX","M","1977-10",97.91204,
"NLD","BCI","AMPLITUD","LTRENDIDX","M","1977-11",98.06816,
"NLD","BCI","AMPLITUD","LTRENDIDX","M","1977-12",98.23637,
"NLD","BCI","AMPLITUD","LTRENDIDX","M","1978-01",98.29602,
"NLD","BCI","AMPLITUD","LTRENDIDX","M","1978-02",98.37182,
"NLD","BCI","AMPLITUD","LTRENDIDX","M","1978-03",98.47294,
"NLD","BCI","AMPLITUD","LTRENDIDX","M","1978-04",98.5892,
"NLD","BCI","AMPLITUD","LTRENDIDX","M","1978-05",98.71922,
"NLD","BCI","AMPLITUD","LTRENDIDX","M","1978-06",98.84077,
"NLD","BCI","AMPLITUD","LTRENDIDX","M","1978-07",98.99675,
"NLD","BCI","AMPLITUD","LTRENDIDX","M","1978-08",99.13088,
"NLD","BCI","AMPLITUD","LTRENDIDX","M","1978-09",99.27702,
"NLD","BCI","AMPLITUD","LTRENDIDX","M","1978-10",99.42498,
"NLD","BCI","AMPLITUD","LTRENDIDX","M","1978-11",99.54638,
"NLD","BCI","AMPLITUD","LTRENDIDX","M","1978-12",99.57599,
"NLD","BCI","AMPLITUD","LTRENDIDX","M","1979-01",99.37694,
"NLD","BCI","AMPLITUD","LTRENDIDX","M","1979-02",99.40028,
"NLD","BCI","AMPLITUD","LTRENDIDX","M","1979-03",99.50446,
"NLD","BCI","AMPLITUD","LTRENDIDX","M","1979-04",99.66501,
"NLD","BCI","AMPLITUD","LTRENDIDX","M","1979-05",99.95711,
"NLD","BCI","AMPLITUD","LTRENDIDX","M","1979-06",100.1363,
"NLD","BCI","AMPLITUD","LTRENDIDX","M","1979-07",100.2091,
"NLD","BCI","AMPLITUD","LTRENDIDX","M","1979-08",100.2105,
"NLD","BCI","AMPLITUD","LTRENDIDX","M","1979-09",100.2187,
"NLD","BCI","AMPLITUD","LTRENDIDX","M","1979-10",100.2235,
"NLD","BCI","AMPLITUD","LTRENDIDX","M","1979-11",100.1614,
"NLD","BCI","AMPLITUD","LTRENDIDX","M","1979-12",100.1265,
"NLD","BCI","AMPLITUD","LTRENDIDX","M","1980-01",100.0019,
"NLD","BCI","AMPLITUD","LTRENDIDX","M","1980-02",99.84016,
"NLD","BCI","AMPLITUD","LTRENDIDX","M","1980-03",99.64259,
"NLD","BCI","AMPLITUD","LTRENDIDX","M","1980-04",99.3915,
"NLD","BCI","AMPLITUD","LTRENDIDX","M","1980-05",99.07599,
"NLD","BCI","AMPLITUD","LTRENDIDX","M","1980-06",98.72701,
"NLD","BCI","AMPLITUD","LTRENDIDX","M","1980-07",98.43163,
"NLD","BCI","AMPLITUD","LTRENDIDX","M","1980-08",98.16487,
"NLD","BCI","AMPLITUD","LTRENDIDX","M","1980-09",97.95573,
"NLD","BCI","AMPLITUD","LTRENDIDX","M","1980-10",97.80872,
"NLD","BCI","AMPLITUD","LTRENDIDX","M","1980-11",97.65445,
"NLD","BCI","AMPLITUD","LTRENDIDX","M","1980-12",97.53925,
"NLD","BCI","AMPLITUD","LTRENDIDX","M","1981-01",97.43427,
"NLD","BCI","AMPLITUD","LTRENDIDX","M","1981-02",97.39334,
"NLD","BCI","AMPLITUD","LTRENDIDX","M","1981-03",97.35664,
"NLD","BCI","AMPLITUD","LTRENDIDX","M","1981-04",97.4076,
"NLD","BCI","AMPLITUD","LTRENDIDX","M","1981-05",97.46439,
"NLD","BCI","AMPLITUD","LTRENDIDX","M","1981-06",97.57413,
"NLD","BCI","AMPLITUD","LTRENDIDX","M","1981-07",97.72685,
"NLD","BCI","AMPLITUD","LTRENDIDX","M","1981-08",97.83237,
"NLD","BCI","AMPLITUD","LTRENDIDX","M","1981-09",97.78352,
"NLD","BCI","AMPLITUD","LTRENDIDX","M","1981-10",97.56645,
"NLD","BCI","AMPLITUD","LTRENDIDX","M","1981-11",97.3523,
"NLD","BCI","AMPLITUD","LTRENDIDX","M","1981-12",97.19698,
"NLD","BCI","AMPLITUD","LTRENDIDX","M","1982-01",97.12601,
"NLD","BCI","AMPLITUD","LTRENDIDX","M","1982-02",97.11794,
"NLD","BCI","AMPLITUD","LTRENDIDX","M","1982-03",97.17529,
"NLD","BCI","AMPLITUD","LTRENDIDX","M","1982-04",97.20332,
"NLD","BCI","AMPLITUD","LTRENDIDX","M","1982-05",97.25394,
"NLD","BCI","AMPLITUD","LTRENDIDX","M","1982-06",97.28178,
"NLD","BCI","AMPLITUD","LTRENDIDX","M","1982-07",97.30943,
"NLD","BCI","AMPLITUD","LTRENDIDX","M","1982-08",97.39968,
"NLD","BCI","AMPLITUD","LTRENDIDX","M","1982-09",97.54121,
"NLD","BCI","AMPLITUD","LTRENDIDX","M","1982-10",97.55833,
"NLD","BCI","AMPLITUD","LTRENDIDX","M","1982-11",97.65862,
"NLD","BCI","AMPLITUD","LTRENDIDX","M","1982-12",97.81197,
"NLD","BCI","AMPLITUD","LTRENDIDX","M","1983-01",97.99552,
"NLD","BCI","AMPLITUD","LTRENDIDX","M","1983-02",98.16965,
"NLD","BCI","AMPLITUD","LTRENDIDX","M","1983-03",98.35297,
"NLD","BCI","AMPLITUD","LTRENDIDX","M","1983-04",98.4482,
"NLD","BCI","AMPLITUD","LTRENDIDX","M","1983-05",98.44675,
"NLD","BCI","AMPLITUD","LTRENDIDX","M","1983-06",98.54943,
"NLD","BCI","AMPLITUD","LTRENDIDX","M","1983-07",98.7373,
"NLD","BCI","AMPLITUD","LTRENDIDX","M","1983-08",98.92762,
"NLD","BCI","AMPLITUD","LTRENDIDX","M","1983-09",99.00192,
"NLD","BCI","AMPLITUD","LTRENDIDX","M","1983-10",99.00357,
"NLD","BCI","AMPLITUD","LTRENDIDX","M","1983-11",99.15005,
"NLD","BCI","AMPLITUD","LTRENDIDX","M","1983-12",99.35684,
"NLD","BCI","AMPLITUD","LTRENDIDX","M","1984-01",99.56547,
"NLD","BCI","AMPLITUD","LTRENDIDX","M","1984-02",99.75259,
"NLD","BCI","AMPLITUD","LTRENDIDX","M","1984-03",99.93732,
"NLD","BCI","AMPLITUD","LTRENDIDX","M","1984-04",100.0368,
"NLD","BCI","AMPLITUD","LTRENDIDX","M","1984-05",100.0694,
"NLD","BCI","AMPLITUD","LTRENDIDX","M","1984-06",100.0977,
"NLD","BCI","AMPLITUD","LTRENDIDX","M","1984-07",100.1095,
"NLD","BCI","AMPLITUD","LTRENDIDX","M","1984-08",100.119,
"NLD","BCI","AMPLITUD","LTRENDIDX","M","1984-09",100.0249,
"NLD","BCI","AMPLITUD","LTRENDIDX","M","1984-10",100.0324,
"NLD","BCI","AMPLITUD","LTRENDIDX","M","1984-11",100.143,
"NLD","BCI","AMPLITUD","LTRENDIDX","M","1984-12",100.2763,
"NLD","BCI","AMPLITUD","LTRENDIDX","M","1985-01",100.4609,
"NLD","BCI","AMPLITUD","LTRENDIDX","M","1985-02",100.6841,
"NLD","BCI","AMPLITUD","LTRENDIDX","M","1985-03",100.7071,
"NLD","BCI","AMPLITUD","LTRENDIDX","M","1985-04",100.5404,
"NLD","BCI","AMPLITUD","LTRENDIDX","M","1985-05",100.4464,
"NLD","BCI","AMPLITUD","LTRENDIDX","M","1985-06",100.4599,
"NLD","BCI","AMPLITUD","LTRENDIDX","M","1985-07",100.456,
"NLD","BCI","AMPLITUD","LTRENDIDX","M","1985-08",100.3951,
"NLD","BCI","AMPLITUD","LTRENDIDX","M","1985-09",100.3401,
"NLD","BCI","AMPLITUD","LTRENDIDX","M","1985-10",100.336,
"NLD","BCI","AMPLITUD","LTRENDIDX","M","1985-11",100.3616,
"NLD","BCI","AMPLITUD","LTRENDIDX","M","1985-12",100.3204,
"NLD","BCI","AMPLITUD","LTRENDIDX","M","1986-01",100.2738,
"NLD","BCI","AMPLITUD","LTRENDIDX","M","1986-02",100.1464,
"NLD","BCI","AMPLITUD","LTRENDIDX","M","1986-03",100.0177,
"NLD","BCI","AMPLITUD","LTRENDIDX","M","1986-04",99.91367,
"NLD","BCI","AMPLITUD","LTRENDIDX","M","1986-05",99.89675,
"NLD","BCI","AMPLITUD","LTRENDIDX","M","1986-06",99.93689,
"NLD","BCI","AMPLITUD","LTRENDIDX","M","1986-07",99.95442,
"NLD","BCI","AMPLITUD","LTRENDIDX","M","1986-08",99.93511,
"NLD","BCI","AMPLITUD","LTRENDIDX","M","1986-09",99.91255,
"NLD","BCI","AMPLITUD","LTRENDIDX","M","1986-10",99.96168,
"NLD","BCI","AMPLITUD","LTRENDIDX","M","1986-11",100.0144,
"NLD","BCI","AMPLITUD","LTRENDIDX","M","1986-12",99.97868,
"NLD","BCI","AMPLITUD","LTRENDIDX","M","1987-01",99.89242,
"NLD","BCI","AMPLITUD","LTRENDIDX","M","1987-02",99.84309,
"NLD","BCI","AMPLITUD","LTRENDIDX","M","1987-03",99.78234,
"NLD","BCI","AMPLITUD","LTRENDIDX","M","1987-04",99.71761,
"NLD","BCI","AMPLITUD","LTRENDIDX","M","1987-05",99.69521,
"NLD","BCI","AMPLITUD","LTRENDIDX","M","1987-06",99.73587,
"NLD","BCI","AMPLITUD","LTRENDIDX","M","1987-07",99.81827,
"NLD","BCI","AMPLITUD","LTRENDIDX","M","1987-08",99.94183,
"NLD","BCI","AMPLITUD","LTRENDIDX","M","1987-09",100.0831,
"NLD","BCI","AMPLITUD","LTRENDIDX","M","1987-10",100.2016,
"NLD","BCI","AMPLITUD","LTRENDIDX","M","1987-11",100.2276,
"NLD","BCI","AMPLITUD","LTRENDIDX","M","1987-12",100.1507,
"NLD","BCI","AMPLITUD","LTRENDIDX","M","1988-01",100.0585,
"NLD","BCI","AMPLITUD","LTRENDIDX","M","1988-02",100.0194,
"NLD","BCI","AMPLITUD","LTRENDIDX","M","1988-03",100.0585,
"NLD","BCI","AMPLITUD","LTRENDIDX","M","1988-04",100.1579,
"NLD","BCI","AMPLITUD","LTRENDIDX","M","1988-05",100.2435,
"NLD","BCI","AMPLITUD","LTRENDIDX","M","1988-06",100.3185,
"NLD","BCI","AMPLITUD","LTRENDIDX","M","1988-07",100.3904,
"NLD","BCI","AMPLITUD","LTRENDIDX","M","1988-08",100.4738,
"NLD","BCI","AMPLITUD","LTRENDIDX","M","1988-09",100.5181,
"NLD","BCI","AMPLITUD","LTRENDIDX","M","1988-10",100.5834,
"NLD","BCI","AMPLITUD","LTRENDIDX","M","1988-11",100.6665,
"NLD","BCI","AMPLITUD","LTRENDIDX","M","1988-12",100.7389,
"NLD","BCI","AMPLITUD","LTRENDIDX","M","1989-01",100.7544,
"NLD","BCI","AMPLITUD","LTRENDIDX","M","1989-02",100.7321,
"NLD","BCI","AMPLITUD","LTRENDIDX","M","1989-03",100.7663,
"NLD","BCI","AMPLITUD","LTRENDIDX","M","1989-04",100.8548,
"NLD","BCI","AMPLITUD","LTRENDIDX","M","1989-05",100.9043,
"NLD","BCI","AMPLITUD","LTRENDIDX","M","1989-06",100.8736,
"NLD","BCI","AMPLITUD","LTRENDIDX","M","1989-07",100.8153,
"NLD","BCI","AMPLITUD","LTRENDIDX","M","1989-08",100.8025,
"NLD","BCI","AMPLITUD","LTRENDIDX","M","1989-09",100.8069,
"NLD","BCI","AMPLITUD","LTRENDIDX","M","1989-10",100.84,
"NLD","BCI","AMPLITUD","LTRENDIDX","M","1989-11",100.8073,
"NLD","BCI","AMPLITUD","LTRENDIDX","M","1989-12",100.7071,
"NLD","BCI","AMPLITUD","LTRENDIDX","M","1990-01",100.638,
"NLD","BCI","AMPLITUD","LTRENDIDX","M","1990-02",100.6274,
"NLD","BCI","AMPLITUD","LTRENDIDX","M","1990-03",100.6228,
"NLD","BCI","AMPLITUD","LTRENDIDX","M","1990-04",100.6576,
"NLD","BCI","AMPLITUD","LTRENDIDX","M","1990-05",100.7009,
"NLD","BCI","AMPLITUD","LTRENDIDX","M","1990-06",100.7,
"NLD","BCI","AMPLITUD","LTRENDIDX","M","1990-07",100.6402,
"NLD","BCI","AMPLITUD","LTRENDIDX","M","1990-08",100.5725,
"NLD","BCI","AMPLITUD","LTRENDIDX","M","1990-09",100.5043,
"NLD","BCI","AMPLITUD","LTRENDIDX","M","1990-10",100.429,
"NLD","BCI","AMPLITUD","LTRENDIDX","M","1990-11",100.3938,
"NLD","BCI","AMPLITUD","LTRENDIDX","M","1990-12",100.3685,
"NLD","BCI","AMPLITUD","LTRENDIDX","M","1991-01",100.2931,
"NLD","BCI","AMPLITUD","LTRENDIDX","M","1991-02",100.1941,
"NLD","BCI","AMPLITUD","LTRENDIDX","M","1991-03",100.1177,
"NLD","BCI","AMPLITUD","LTRENDIDX","M","1991-04",100.0083,
"NLD","BCI","AMPLITUD","LTRENDIDX","M","1991-05",99.95396,
"NLD","BCI","AMPLITUD","LTRENDIDX","M","1991-06",99.92017,
"NLD","BCI","AMPLITUD","LTRENDIDX","M","1991-07",99.92079,
"NLD","BCI","AMPLITUD","LTRENDIDX","M","1991-08",99.96128,
"NLD","BCI","AMPLITUD","LTRENDIDX","M","1991-09",99.98639,
"NLD","BCI","AMPLITUD","LTRENDIDX","M","1991-10",99.98186,
"NLD","BCI","AMPLITUD","LTRENDIDX","M","1991-11",100.0398,
"NLD","BCI","AMPLITUD","LTRENDIDX","M","1991-12",100.0919,
"NLD","BCI","AMPLITUD","LTRENDIDX","M","1992-01",100.1354,
"NLD","BCI","AMPLITUD","LTRENDIDX","M","1992-02",100.1172,
"NLD","BCI","AMPLITUD","LTRENDIDX","M","1992-03",100.0446,
"NLD","BCI","AMPLITUD","LTRENDIDX","M","1992-04",99.99109,
"NLD","BCI","AMPLITUD","LTRENDIDX","M","1992-05",99.91048,
"NLD","BCI","AMPLITUD","LTRENDIDX","M","1992-06",99.84523,
"NLD","BCI","AMPLITUD","LTRENDIDX","M","1992-07",99.77445,
"NLD","BCI","AMPLITUD","LTRENDIDX","M","1992-08",99.75676,
"NLD","BCI","AMPLITUD","LTRENDIDX","M","1992-09",99.65192,
"NLD","BCI","AMPLITUD","LTRENDIDX","M","1992-10",99.46178,
"NLD","BCI","AMPLITUD","LTRENDIDX","M","1992-11",99.17654,
"NLD","BCI","AMPLITUD","LTRENDIDX","M","1992-12",99.00365,
"NLD","BCI","AMPLITUD","LTRENDIDX","M","1993-01",98.94194,
"NLD","BCI","AMPLITUD","LTRENDIDX","M","1993-02",98.90277,
"NLD","BCI","AMPLITUD","LTRENDIDX","M","1993-03",98.87518,
"NLD","BCI","AMPLITUD","LTRENDIDX","M","1993-04",98.84869,
"NLD","BCI","AMPLITUD","LTRENDIDX","M","1993-05",98.8409,
"NLD","BCI","AMPLITUD","LTRENDIDX","M","1993-06",98.88523,
"NLD","BCI","AMPLITUD","LTRENDIDX","M","1993-07",98.94811,
"NLD","BCI","AMPLITUD","LTRENDIDX","M","1993-08",98.98815,
"NLD","BCI","AMPLITUD","LTRENDIDX","M","1993-09",99.0484,
"NLD","BCI","AMPLITUD","LTRENDIDX","M","1993-10",99.0741,
"NLD","BCI","AMPLITUD","LTRENDIDX","M","1993-11",99.07219,
"NLD","BCI","AMPLITUD","LTRENDIDX","M","1993-12",99.15032,
"NLD","BCI","AMPLITUD","LTRENDIDX","M","1994-01",99.35064,
"NLD","BCI","AMPLITUD","LTRENDIDX","M","1994-02",99.57166,
"NLD","BCI","AMPLITUD","LTRENDIDX","M","1994-03",99.74292,
"NLD","BCI","AMPLITUD","LTRENDIDX","M","1994-04",99.90134,
"NLD","BCI","AMPLITUD","LTRENDIDX","M","1994-05",100.0588,
"NLD","BCI","AMPLITUD","LTRENDIDX","M","1994-06",100.2763,
"NLD","BCI","AMPLITUD","LTRENDIDX","M","1994-07",100.5067,
"NLD","BCI","AMPLITUD","LTRENDIDX","M","1994-08",100.6746,
"NLD","BCI","AMPLITUD","LTRENDIDX","M","1994-09",100.795,
"NLD","BCI","AMPLITUD","LTRENDIDX","M","1994-10",100.8569,
"NLD","BCI","AMPLITUD","LTRENDIDX","M","1994-11",100.8842,
"NLD","BCI","AMPLITUD","LTRENDIDX","M","1994-12",100.9124,
"NLD","BCI","AMPLITUD","LTRENDIDX","M","1995-01",100.9359,
"NLD","BCI","AMPLITUD","LTRENDIDX","M","1995-02",100.9694,
"NLD","BCI","AMPLITUD","LTRENDIDX","M","1995-03",100.9865,
"NLD","BCI","AMPLITUD","LTRENDIDX","M","1995-04",100.9246,
"NLD","BCI","AMPLITUD","LTRENDIDX","M","1995-05",100.8101,
"NLD","BCI","AMPLITUD","LTRENDIDX","M","1995-06",100.691,
"NLD","BCI","AMPLITUD","LTRENDIDX","M","1995-07",100.622,
"NLD","BCI","AMPLITUD","LTRENDIDX","M","1995-08",100.551,
"NLD","BCI","AMPLITUD","LTRENDIDX","M","1995-09",100.5046,
"NLD","BCI","AMPLITUD","LTRENDIDX","M","1995-10",100.4906,
"NLD","BCI","AMPLITUD","LTRENDIDX","M","1995-11",100.5188,
"NLD","BCI","AMPLITUD","LTRENDIDX","M","1995-12",100.4987,
"NLD","BCI","AMPLITUD","LTRENDIDX","M","1996-01",100.4179,
"NLD","BCI","AMPLITUD","LTRENDIDX","M","1996-02",100.3107,
"NLD","BCI","AMPLITUD","LTRENDIDX","M","1996-03",100.2226,
"NLD","BCI","AMPLITUD","LTRENDIDX","M","1996-04",100.1491,
"NLD","BCI","AMPLITUD","LTRENDIDX","M","1996-05",100.1499,
"NLD","BCI","AMPLITUD","LTRENDIDX","M","1996-06",100.1898,
"NLD","BCI","AMPLITUD","LTRENDIDX","M","1996-07",100.241,
"NLD","BCI","AMPLITUD","LTRENDIDX","M","1996-08",100.2822,
"NLD","BCI","AMPLITUD","LTRENDIDX","M","1996-09",100.2603,
"NLD","BCI","AMPLITUD","LTRENDIDX","M","1996-10",100.2428,
"NLD","BCI","AMPLITUD","LTRENDIDX","M","1996-11",100.3111,
"NLD","BCI","AMPLITUD","LTRENDIDX","M","1996-12",100.4093,
"NLD","BCI","AMPLITUD","LTRENDIDX","M","1997-01",100.5216,
"NLD","BCI","AMPLITUD","LTRENDIDX","M","1997-02",100.6393,
"NLD","BCI","AMPLITUD","LTRENDIDX","M","1997-03",100.7384,
"NLD","BCI","AMPLITUD","LTRENDIDX","M","1997-04",100.8046,
"NLD","BCI","AMPLITUD","LTRENDIDX","M","1997-05",100.8891,
"NLD","BCI","AMPLITUD","LTRENDIDX","M","1997-06",100.9778,
"NLD","BCI","AMPLITUD","LTRENDIDX","M","1997-07",101.0878,
"NLD","BCI","AMPLITUD","LTRENDIDX","M","1997-08",101.1787,
"NLD","BCI","AMPLITUD","LTRENDIDX","M","1997-09",101.2497,
"NLD","BCI","AMPLITUD","LTRENDIDX","M","1997-10",101.274,
"NLD","BCI","AMPLITUD","LTRENDIDX","M","1997-11",101.2705,
"NLD","BCI","AMPLITUD","LTRENDIDX","M","1997-12",101.2535,
"NLD","BCI","AMPLITUD","LTRENDIDX","M","1998-01",101.1846,
"NLD","BCI","AMPLITUD","LTRENDIDX","M","1998-02",101.1447,
"NLD","BCI","AMPLITUD","LTRENDIDX","M","1998-03",101.1315,
"NLD","BCI","AMPLITUD","LTRENDIDX","M","1998-04",101.138,
"NLD","BCI","AMPLITUD","LTRENDIDX","M","1998-05",101.1142,
"NLD","BCI","AMPLITUD","LTRENDIDX","M","1998-06",101.0639,
"NLD","BCI","AMPLITUD","LTRENDIDX","M","1998-07",100.9912,
"NLD","BCI","AMPLITUD","LTRENDIDX","M","1998-08",100.9113,
"NLD","BCI","AMPLITUD","LTRENDIDX","M","1998-09",100.8335,
"NLD","BCI","AMPLITUD","LTRENDIDX","M","1998-10",100.6597,
"NLD","BCI","AMPLITUD","LTRENDIDX","M","1998-11",100.4949,
"NLD","BCI","AMPLITUD","LTRENDIDX","M","1998-12",100.4072,
"NLD","BCI","AMPLITUD","LTRENDIDX","M","1999-01",100.36,
"NLD","BCI","AMPLITUD","LTRENDIDX","M","1999-02",100.3387,
"NLD","BCI","AMPLITUD","LTRENDIDX","M","1999-03",100.3199,
"NLD","BCI","AMPLITUD","LTRENDIDX","M","1999-04",100.3188,
"NLD","BCI","AMPLITUD","LTRENDIDX","M","1999-05",100.3046,
"NLD","BCI","AMPLITUD","LTRENDIDX","M","1999-06",100.3047,
"NLD","BCI","AMPLITUD","LTRENDIDX","M","1999-07",100.3159,
"NLD","BCI","AMPLITUD","LTRENDIDX","M","1999-08",100.3688,
"NLD","BCI","AMPLITUD","LTRENDIDX","M","1999-09",100.5425,
"NLD","BCI","AMPLITUD","LTRENDIDX","M","1999-10",100.7951,
"NLD","BCI","AMPLITUD","LTRENDIDX","M","1999-11",100.9454,
"NLD","BCI","AMPLITUD","LTRENDIDX","M","1999-12",100.9891,
"NLD","BCI","AMPLITUD","LTRENDIDX","M","2000-01",101.0134,
"NLD","BCI","AMPLITUD","LTRENDIDX","M","2000-02",101.0622,
"NLD","BCI","AMPLITUD","LTRENDIDX","M","2000-03",101.1513,
"NLD","BCI","AMPLITUD","LTRENDIDX","M","2000-04",101.2321,
"NLD","BCI","AMPLITUD","LTRENDIDX","M","2000-05",101.2834,
"NLD","BCI","AMPLITUD","LTRENDIDX","M","2000-06",101.3087,
"NLD","BCI","AMPLITUD","LTRENDIDX","M","2000-07",101.3231,
"NLD","BCI","AMPLITUD","LTRENDIDX","M","2000-08",101.2897,
"NLD","BCI","AMPLITUD","LTRENDIDX","M","2000-09",101.2731,
"NLD","BCI","AMPLITUD","LTRENDIDX","M","2000-10",101.3044,
"NLD","BCI","AMPLITUD","LTRENDIDX","M","2000-11",101.3079,
"NLD","BCI","AMPLITUD","LTRENDIDX","M","2000-12",101.2503,
"NLD","BCI","AMPLITUD","LTRENDIDX","M","2001-01",101.1245,
"NLD","BCI","AMPLITUD","LTRENDIDX","M","2001-02",100.9553,
"NLD","BCI","AMPLITUD","LTRENDIDX","M","2001-03",100.7831,
"NLD","BCI","AMPLITUD","LTRENDIDX","M","2001-04",100.6134,
"NLD","BCI","AMPLITUD","LTRENDIDX","M","2001-05",100.4726,
"NLD","BCI","AMPLITUD","LTRENDIDX","M","2001-06",100.3448,
"NLD","BCI","AMPLITUD","LTRENDIDX","M","2001-07",100.1964,
"NLD","BCI","AMPLITUD","LTRENDIDX","M","2001-08",100.0651,
"NLD","BCI","AMPLITUD","LTRENDIDX","M","2001-09",99.885,
"NLD","BCI","AMPLITUD","LTRENDIDX","M","2001-10",99.68238,
"NLD","BCI","AMPLITUD","LTRENDIDX","M","2001-11",99.60091,
"NLD","BCI","AMPLITUD","LTRENDIDX","M","2001-12",99.63866,
"NLD","BCI","AMPLITUD","LTRENDIDX","M","2002-01",99.75549,
"NLD","BCI","AMPLITUD","LTRENDIDX","M","2002-02",99.89989,
"NLD","BCI","AMPLITUD","LTRENDIDX","M","2002-03",99.96979,
"NLD","BCI","AMPLITUD","LTRENDIDX","M","2002-04",99.97843,
"NLD","BCI","AMPLITUD","LTRENDIDX","M","2002-05",99.95864,
"NLD","BCI","AMPLITUD","LTRENDIDX","M","2002-06",99.9283,
"NLD","BCI","AMPLITUD","LTRENDIDX","M","2002-07",99.91014,
"NLD","BCI","AMPLITUD","LTRENDIDX","M","2002-08",99.94917,
"NLD","BCI","AMPLITUD","LTRENDIDX","M","2002-09",99.91103,
"NLD","BCI","AMPLITUD","LTRENDIDX","M","2002-10",99.85668,
"NLD","BCI","AMPLITUD","LTRENDIDX","M","2002-11",99.84785,
"NLD","BCI","AMPLITUD","LTRENDIDX","M","2002-12",99.82036,
"NLD","BCI","AMPLITUD","LTRENDIDX","M","2003-01",99.72219,
"NLD","BCI","AMPLITUD","LTRENDIDX","M","2003-02",99.57986,
"NLD","BCI","AMPLITUD","LTRENDIDX","M","2003-03",99.46725,
"NLD","BCI","AMPLITUD","LTRENDIDX","M","2003-04",99.38929,
"NLD","BCI","AMPLITUD","LTRENDIDX","M","2003-05",99.33001,
"NLD","BCI","AMPLITUD","LTRENDIDX","M","2003-06",99.27872,
"NLD","BCI","AMPLITUD","LTRENDIDX","M","2003-07",99.27636,
"NLD","BCI","AMPLITUD","LTRENDIDX","M","2003-08",99.32463,
"NLD","BCI","AMPLITUD","LTRENDIDX","M","2003-09",99.43997,
"NLD","BCI","AMPLITUD","LTRENDIDX","M","2003-10",99.60538,
"NLD","BCI","AMPLITUD","LTRENDIDX","M","2003-11",99.79724,
"NLD","BCI","AMPLITUD","LTRENDIDX","M","2003-12",99.98804,
"NLD","BCI","AMPLITUD","LTRENDIDX","M","2004-01",100.0967,
"NLD","BCI","AMPLITUD","LTRENDIDX","M","2004-02",100.1469,
"NLD","BCI","AMPLITUD","LTRENDIDX","M","2004-03",100.236,
"NLD","BCI","AMPLITUD","LTRENDIDX","M","2004-04",100.3556,
"NLD","BCI","AMPLITUD","LTRENDIDX","M","2004-05",100.4835,
"NLD","BCI","AMPLITUD","LTRENDIDX","M","2004-06",100.5672,
"NLD","BCI","AMPLITUD","LTRENDIDX","M","2004-07",100.5905,
"NLD","BCI","AMPLITUD","LTRENDIDX","M","2004-08",100.567,
"NLD","BCI","AMPLITUD","LTRENDIDX","M","2004-09",100.5424,
"NLD","BCI","AMPLITUD","LTRENDIDX","M","2004-10",100.5022,
"NLD","BCI","AMPLITUD","LTRENDIDX","M","2004-11",100.4479,
"NLD","BCI","AMPLITUD","LTRENDIDX","M","2004-12",100.3981,
"NLD","BCI","AMPLITUD","LTRENDIDX","M","2005-01",100.3524,
"NLD","BCI","AMPLITUD","LTRENDIDX","M","2005-02",100.2899,
"NLD","BCI","AMPLITUD","LTRENDIDX","M","2005-03",100.2401,
"NLD","BCI","AMPLITUD","LTRENDIDX","M","2005-04",100.2035,
"NLD","BCI","AMPLITUD","LTRENDIDX","M","2005-05",100.1625,
"NLD","BCI","AMPLITUD","LTRENDIDX","M","2005-06",100.0926,
"NLD","BCI","AMPLITUD","LTRENDIDX","M","2005-07",100.0933,
"NLD","BCI","AMPLITUD","LTRENDIDX","M","2005-08",100.1866,
"NLD","BCI","AMPLITUD","LTRENDIDX","M","2005-09",100.3425,
"NLD","BCI","AMPLITUD","LTRENDIDX","M","2005-10",100.5018,
"NLD","BCI","AMPLITUD","LTRENDIDX","M","2005-11",100.5882,
"NLD","BCI","AMPLITUD","LTRENDIDX","M","2005-12",100.6727,
"NLD","BCI","AMPLITUD","LTRENDIDX","M","2006-01",100.7832,
"NLD","BCI","AMPLITUD","LTRENDIDX","M","2006-02",100.8719,
"NLD","BCI","AMPLITUD","LTRENDIDX","M","2006-03",100.9765,
"NLD","BCI","AMPLITUD","LTRENDIDX","M","2006-04",101.0796,
"NLD","BCI","AMPLITUD","LTRENDIDX","M","2006-05",101.1463,
"NLD","BCI","AMPLITUD","LTRENDIDX","M","2006-06",101.2801,
"NLD","BCI","AMPLITUD","LTRENDIDX","M","2006-07",101.41,
"NLD","BCI","AMPLITUD","LTRENDIDX","M","2006-08",101.4931,
"NLD","BCI","AMPLITUD","LTRENDIDX","M","2006-09",101.553,
"NLD","BCI","AMPLITUD","LTRENDIDX","M","2006-10",101.5704,
"NLD","BCI","AMPLITUD","LTRENDIDX","M","2006-11",101.54,
"NLD","BCI","AMPLITUD","LTRENDIDX","M","2006-12",101.5046,
"NLD","BCI","AMPLITUD","LTRENDIDX","M","2007-01",101.4691,
"NLD","BCI","AMPLITUD","LTRENDIDX","M","2007-02",101.4878,
"NLD","BCI","AMPLITUD","LTRENDIDX","M","2007-03",101.4798,
"NLD","BCI","AMPLITUD","LTRENDIDX","M","2007-04",101.4433,
"NLD","BCI","AMPLITUD","LTRENDIDX","M","2007-05",101.412,
"NLD","BCI","AMPLITUD","LTRENDIDX","M","2007-06",101.3747,
"NLD","BCI","AMPLITUD","LTRENDIDX","M","2007-07",101.3456,
"NLD","BCI","AMPLITUD","LTRENDIDX","M","2007-08",101.2987,
"NLD","BCI","AMPLITUD","LTRENDIDX","M","2007-09",101.2606,
"NLD","BCI","AMPLITUD","LTRENDIDX","M","2007-10",101.2936,
"NLD","BCI","AMPLITUD","LTRENDIDX","M","2007-11",101.3262,
"NLD","BCI","AMPLITUD","LTRENDIDX","M","2007-12",101.3149,
"NLD","BCI","AMPLITUD","LTRENDIDX","M","2008-01",101.2884,
"NLD","BCI","AMPLITUD","LTRENDIDX","M","2008-02",101.2299,
"NLD","BCI","AMPLITUD","LTRENDIDX","M","2008-03",101.1295,
"NLD","BCI","AMPLITUD","LTRENDIDX","M","2008-04",101.0298,
"NLD","BCI","AMPLITUD","LTRENDIDX","M","2008-05",100.9838,
"NLD","BCI","AMPLITUD","LTRENDIDX","M","2008-06",100.974,
"NLD","BCI","AMPLITUD","LTRENDIDX","M","2008-07",100.9061,
"NLD","BCI","AMPLITUD","LTRENDIDX","M","2008-08",100.7101,
"NLD","BCI","AMPLITUD","LTRENDIDX","M","2008-09",100.2911,
"NLD","BCI","AMPLITUD","LTRENDIDX","M","2008-10",99.67389,
"NLD","BCI","AMPLITUD","LTRENDIDX","M","2008-11",98.96953,
"NLD","BCI","AMPLITUD","LTRENDIDX","M","2008-12",98.24243,
"NLD","BCI","AMPLITUD","LTRENDIDX","M","2009-01",97.74937,
"NLD","BCI","AMPLITUD","LTRENDIDX","M","2009-02",97.45113,
"NLD","BCI","AMPLITUD","LTRENDIDX","M","2009-03",97.36336,
"NLD","BCI","AMPLITUD","LTRENDIDX","M","2009-04",97.40221,
"NLD","BCI","AMPLITUD","LTRENDIDX","M","2009-05",97.49809,
"NLD","BCI","AMPLITUD","LTRENDIDX","M","2009-06",97.6084,
"NLD","BCI","AMPLITUD","LTRENDIDX","M","2009-07",97.78982,
"NLD","BCI","AMPLITUD","LTRENDIDX","M","2009-08",98.06211,
"NLD","BCI","AMPLITUD","LTRENDIDX","M","2009-09",98.33016,
"NLD","BCI","AMPLITUD","LTRENDIDX","M","2009-10",98.61593,
"NLD","BCI","AMPLITUD","LTRENDIDX","M","2009-11",98.94557,
"NLD","BCI","AMPLITUD","LTRENDIDX","M","2009-12",99.2188,
"NLD","BCI","AMPLITUD","LTRENDIDX","M","2010-01",99.4094,
"NLD","BCI","AMPLITUD","LTRENDIDX","M","2010-02",99.58935,
"NLD","BCI","AMPLITUD","LTRENDIDX","M","2010-03",99.77702,
"NLD","BCI","AMPLITUD","LTRENDIDX","M","2010-04",99.96414,
"NLD","BCI","AMPLITUD","LTRENDIDX","M","2010-05",100.0961,
"NLD","BCI","AMPLITUD","LTRENDIDX","M","2010-06",100.1178,
"NLD","BCI","AMPLITUD","LTRENDIDX","M","2010-07",100.087,
"NLD","BCI","AMPLITUD","LTRENDIDX","M","2010-08",100.0882,
"NLD","BCI","AMPLITUD","LTRENDIDX","M","2010-09",100.1731,
"NLD","BCI","AMPLITUD","LTRENDIDX","M","2010-10",100.3331,
"NLD","BCI","AMPLITUD","LTRENDIDX","M","2010-11",100.5052,
"NLD","BCI","AMPLITUD","LTRENDIDX","M","2010-12",100.7222,
"NLD","BCI","AMPLITUD","LTRENDIDX","M","2011-01",100.915,
"NLD","BCI","AMPLITUD","LTRENDIDX","M","2011-02",101.0571,
"NLD","BCI","AMPLITUD","LTRENDIDX","M","2011-03",101.1665,
"NLD","BCI","AMPLITUD","LTRENDIDX","M","2011-04",101.1242,
"NLD","BCI","AMPLITUD","LTRENDIDX","M","2011-05",100.8883,
"NLD","BCI","AMPLITUD","LTRENDIDX","M","2011-06",100.5619,
"NLD","BCI","AMPLITUD","LTRENDIDX","M","2011-07",100.2286,
"NLD","BCI","AMPLITUD","LTRENDIDX","M","2011-08",99.99406,
"NLD","BCI","AMPLITUD","LTRENDIDX","M","2011-09",99.90584,
"NLD","BCI","AMPLITUD","LTRENDIDX","M","2011-10",99.87745,
"NLD","BCI","AMPLITUD","LTRENDIDX","M","2011-11",99.90593,
"NLD","BCI","AMPLITUD","LTRENDIDX","M","2011-12",99.9968,
"NLD","BCI","AMPLITUD","LTRENDIDX","M","2012-01",100.0321,
"NLD","BCI","AMPLITUD","LTRENDIDX","M","2012-02",100.0288,
"NLD","BCI","AMPLITUD","LTRENDIDX","M","2012-03",99.94785,
"NLD","BCI","AMPLITUD","LTRENDIDX","M","2012-04",99.81458,
"NLD","BCI","AMPLITUD","LTRENDIDX","M","2012-05",99.68269,
"NLD","BCI","AMPLITUD","LTRENDIDX","M","2012-06",99.61266,
"NLD","BCI","AMPLITUD","LTRENDIDX","M","2012-07",99.58371,
"NLD","BCI","AMPLITUD","LTRENDIDX","M","2012-08",99.56384,
"NLD","BCI","AMPLITUD","LTRENDIDX","M","2012-09",99.50005,
"NLD","BCI","AMPLITUD","LTRENDIDX","M","2012-10",99.42867,
"NLD","BCI","AMPLITUD","LTRENDIDX","M","2012-11",99.39692,
"NLD","BCI","AMPLITUD","LTRENDIDX","M","2012-12",99.40503,
"NLD","BCI","AMPLITUD","LTRENDIDX","M","2013-01",99.4509,
"NLD","BCI","AMPLITUD","LTRENDIDX","M","2013-02",99.53491,
"NLD","BCI","AMPLITUD","LTRENDIDX","M","2013-03",99.53648,
"NLD","BCI","AMPLITUD","LTRENDIDX","M","2013-04",99.51798,
"NLD","BCI","AMPLITUD","LTRENDIDX","M","2013-05",99.555,
"NLD","BCI","AMPLITUD","LTRENDIDX","M","2013-06",99.63854,
"NLD","BCI","AMPLITUD","LTRENDIDX","M","2013-07",99.7673,
"NLD","BCI","AMPLITUD","LTRENDIDX","M","2013-08",99.92873,
"NLD","BCI","AMPLITUD","LTRENDIDX","M","2013-09",100.0608,
"NLD","BCI","AMPLITUD","LTRENDIDX","M","2013-10",100.1881,
"NLD","BCI","AMPLITUD","LTRENDIDX","M","2013-11",100.2377,
"NLD","BCI","AMPLITUD","LTRENDIDX","M","2013-12",100.2355,
"NLD","BCI","AMPLITUD","LTRENDIDX","M","2014-01",100.2432,
"NLD","BCI","AMPLITUD","LTRENDIDX","M","2014-02",100.2707,
"NLD","BCI","AMPLITUD","LTRENDIDX","M","2014-03",100.3195,
"NLD","BCI","AMPLITUD","LTRENDIDX","M","2014-04",100.3425,
"NLD","BCI","AMPLITUD","LTRENDIDX","M","2014-05",100.3765,
"NLD","BCI","AMPLITUD","LTRENDIDX","M","2014-06",100.4151,
"NLD","BCI","AMPLITUD","LTRENDIDX","M","2014-07",100.4528,
"NLD","BCI","AMPLITUD","LTRENDIDX","M","2014-08",100.4852,
"NLD","BCI","AMPLITUD","LTRENDIDX","M","2014-09",100.5614,
"NLD","BCI","AMPLITUD","LTRENDIDX","M","2014-10",100.6747,
"NLD","BCI","AMPLITUD","LTRENDIDX","M","2014-11",100.7244,
"NLD","BCI","AMPLITUD","LTRENDIDX","M","2014-12",100.6874,
"NLD","BCI","AMPLITUD","LTRENDIDX","M","2015-01",100.5944,
"NLD","BCI","AMPLITUD","LTRENDIDX","M","2015-02",100.5279,
"NLD","BCI","AMPLITUD","LTRENDIDX","M","2015-03",100.5472,
"NLD","BCI","AMPLITUD","LTRENDIDX","M","2015-04",100.6513,
"NLD","BCI","AMPLITUD","LTRENDIDX","M","2015-05",100.76,
"NLD","BCI","AMPLITUD","LTRENDIDX","M","2015-06",100.8165,
"NLD","BCI","AMPLITUD","LTRENDIDX","M","2015-07",100.8205,
"NLD","BCI","AMPLITUD","LTRENDIDX","M","2015-08",100.8111,
"NLD","BCI","AMPLITUD","LTRENDIDX","M","2015-09",100.8108,
"NLD","BCI","AMPLITUD","LTRENDIDX","M","2015-10",100.7961,
"NLD","BCI","AMPLITUD","LTRENDIDX","M","2015-11",100.7881,
"NLD","BCI","AMPLITUD","LTRENDIDX","M","2015-12",100.7385,
"NLD","BCI","AMPLITUD","LTRENDIDX","M","2016-01",100.7052,
"NLD","BCI","AMPLITUD","LTRENDIDX","M","2016-02",100.6694,
"NLD","BCI","AMPLITUD","LTRENDIDX","M","2016-03",100.6851,
"NLD","BCI","AMPLITUD","LTRENDIDX","M","2016-04",100.7597,
"NLD","BCI","AMPLITUD","LTRENDIDX","M","2016-05",100.8388,
"NLD","BCI","AMPLITUD","LTRENDIDX","M","2016-06",100.8859,
"NLD","BCI","AMPLITUD","LTRENDIDX","M","2016-07",100.8301,
"NLD","BCI","AMPLITUD","LTRENDIDX","M","2016-08",100.6992,
"NLD","BCI","AMPLITUD","LTRENDIDX","M","2016-09",100.6761,
"NLD","BCI","AMPLITUD","LTRENDIDX","M","2016-10",100.7249,
"NLD","BCI","AMPLITUD","LTRENDIDX","M","2016-11",100.8084,
"NLD","BCI","AMPLITUD","LTRENDIDX","M","2016-12",100.9296,
"NLD","BCI","AMPLITUD","LTRENDIDX","M","2017-01",101.0351,
"NLD","BCI","AMPLITUD","LTRENDIDX","M","2017-02",101.1013,
"NLD","BCI","AMPLITUD","LTRENDIDX","M","2017-03",101.1448,
"NLD","BCI","AMPLITUD","LTRENDIDX","M","2017-04",101.1694,
"NLD","BCI","AMPLITUD","LTRENDIDX","M","2017-05",101.1614,
"NLD","BCI","AMPLITUD","LTRENDIDX","M","2017-06",101.1811,
"NLD","BCI","AMPLITUD","LTRENDIDX","M","2017-07",101.1898,
"DEU","BCI","AMPLITUD","LTRENDIDX","M","1962-12",100.2618,
"DEU","BCI","AMPLITUD","LTRENDIDX","M","1963-01",100.1372,
"DEU","BCI","AMPLITUD","LTRENDIDX","M","1963-02",100.106,
"DEU","BCI","AMPLITUD","LTRENDIDX","M","1963-03",100.1419,
"DEU","BCI","AMPLITUD","LTRENDIDX","M","1963-04",100.2046,
"DEU","BCI","AMPLITUD","LTRENDIDX","M","1963-05",100.3179,
"DEU","BCI","AMPLITUD","LTRENDIDX","M","1963-06",100.4687,
"DEU","BCI","AMPLITUD","LTRENDIDX","M","1963-07",100.57,
"DEU","BCI","AMPLITUD","LTRENDIDX","M","1963-08",100.648,
"DEU","BCI","AMPLITUD","LTRENDIDX","M","1963-09",100.7037,
"DEU","BCI","AMPLITUD","LTRENDIDX","M","1963-10",100.7473,
"DEU","BCI","AMPLITUD","LTRENDIDX","M","1963-11",100.8561,
"DEU","BCI","AMPLITUD","LTRENDIDX","M","1963-12",101.0929,
"DEU","BCI","AMPLITUD","LTRENDIDX","M","1964-01",101.3601,
"DEU","BCI","AMPLITUD","LTRENDIDX","M","1964-02",101.5772,
"DEU","BCI","AMPLITUD","LTRENDIDX","M","1964-03",101.7514,
"DEU","BCI","AMPLITUD","LTRENDIDX","M","1964-04",101.9107,
"DEU","BCI","AMPLITUD","LTRENDIDX","M","1964-05",102.0055,
"DEU","BCI","AMPLITUD","LTRENDIDX","M","1964-06",102.0496,
"DEU","BCI","AMPLITUD","LTRENDIDX","M","1964-07",102.1019,
"DEU","BCI","AMPLITUD","LTRENDIDX","M","1964-08",102.1842,
"DEU","BCI","AMPLITUD","LTRENDIDX","M","1964-09",102.2294,
"DEU","BCI","AMPLITUD","LTRENDIDX","M","1964-10",102.2246,
"DEU","BCI","AMPLITUD","LTRENDIDX","M","1964-11",102.2033,
"DEU","BCI","AMPLITUD","LTRENDIDX","M","1964-12",102.1741,
"DEU","BCI","AMPLITUD","LTRENDIDX","M","1965-01",102.1054,
"DEU","BCI","AMPLITUD","LTRENDIDX","M","1965-02",101.9917,
"DEU","BCI","AMPLITUD","LTRENDIDX","M","1965-03",101.8463,
"DEU","BCI","AMPLITUD","LTRENDIDX","M","1965-04",101.6658,
"DEU","BCI","AMPLITUD","LTRENDIDX","M","1965-05",101.4618,
"DEU","BCI","AMPLITUD","LTRENDIDX","M","1965-06",101.2924,
"DEU","BCI","AMPLITUD","LTRENDIDX","M","1965-07",101.2027,
"DEU","BCI","AMPLITUD","LTRENDIDX","M","1965-08",101.1317,
"DEU","BCI","AMPLITUD","LTRENDIDX","M","1965-09",101.0023,
"DEU","BCI","AMPLITUD","LTRENDIDX","M","1965-10",100.792,
"DEU","BCI","AMPLITUD","LTRENDIDX","M","1965-11",100.5867,
"DEU","BCI","AMPLITUD","LTRENDIDX","M","1965-12",100.4158,
"DEU","BCI","AMPLITUD","LTRENDIDX","M","1966-01",100.307,
"DEU","BCI","AMPLITUD","LTRENDIDX","M","1966-02",100.1952,
"DEU","BCI","AMPLITUD","LTRENDIDX","M","1966-03",100.0309,
"DEU","BCI","AMPLITUD","LTRENDIDX","M","1966-04",99.81628,
"DEU","BCI","AMPLITUD","LTRENDIDX","M","1966-05",99.54436,
"DEU","BCI","AMPLITUD","LTRENDIDX","M","1966-06",99.22512,
"DEU","BCI","AMPLITUD","LTRENDIDX","M","1966-07",98.85639,
"DEU","BCI","AMPLITUD","LTRENDIDX","M","1966-08",98.40482,
"DEU","BCI","AMPLITUD","LTRENDIDX","M","1966-09",97.79911,
"DEU","BCI","AMPLITUD","LTRENDIDX","M","1966-10",97.19329,
"DEU","BCI","AMPLITUD","LTRENDIDX","M","1966-11",96.70756,
"DEU","BCI","AMPLITUD","LTRENDIDX","M","1966-12",96.58305,
"DEU","BCI","AMPLITUD","LTRENDIDX","M","1967-01",96.69003,
"DEU","BCI","AMPLITUD","LTRENDIDX","M","1967-02",96.80224,
"DEU","BCI","AMPLITUD","LTRENDIDX","M","1967-03",96.94109,
"DEU","BCI","AMPLITUD","LTRENDIDX","M","1967-04",97.15057,
"DEU","BCI","AMPLITUD","LTRENDIDX","M","1967-05",97.39574,
"DEU","BCI","AMPLITUD","LTRENDIDX","M","1967-06",97.6914,
"DEU","BCI","AMPLITUD","LTRENDIDX","M","1967-07",98.1197,
"DEU","BCI","AMPLITUD","LTRENDIDX","M","1967-08",98.5717,
"DEU","BCI","AMPLITUD","LTRENDIDX","M","1967-09",99.03282,
"DEU","BCI","AMPLITUD","LTRENDIDX","M","1967-10",99.46912,
"DEU","BCI","AMPLITUD","LTRENDIDX","M","1967-11",99.78001,
"DEU","BCI","AMPLITUD","LTRENDIDX","M","1967-12",99.92571,
"DEU","BCI","AMPLITUD","LTRENDIDX","M","1968-01",100.0674,
"DEU","BCI","AMPLITUD","LTRENDIDX","M","1968-02",100.3089,
"DEU","BCI","AMPLITUD","LTRENDIDX","M","1968-03",100.6674,
"DEU","BCI","AMPLITUD","LTRENDIDX","M","1968-04",101.0577,
"DEU","BCI","AMPLITUD","LTRENDIDX","M","1968-05",101.4605,
"DEU","BCI","AMPLITUD","LTRENDIDX","M","1968-06",101.8698,
"DEU","BCI","AMPLITUD","LTRENDIDX","M","1968-07",102.2662,
"DEU","BCI","AMPLITUD","LTRENDIDX","M","1968-08",102.621,
"DEU","BCI","AMPLITUD","LTRENDIDX","M","1968-09",102.8384,
"DEU","BCI","AMPLITUD","LTRENDIDX","M","1968-10",102.9271,
"DEU","BCI","AMPLITUD","LTRENDIDX","M","1968-11",102.9711,
"DEU","BCI","AMPLITUD","LTRENDIDX","M","1968-12",103.041,
"DEU","BCI","AMPLITUD","LTRENDIDX","M","1969-01",103.1506,
"DEU","BCI","AMPLITUD","LTRENDIDX","M","1969-02",103.2987,
"DEU","BCI","AMPLITUD","LTRENDIDX","M","1969-03",103.4734,
"DEU","BCI","AMPLITUD","LTRENDIDX","M","1969-04",103.5787,
"DEU","BCI","AMPLITUD","LTRENDIDX","M","1969-05",103.5612,
"DEU","BCI","AMPLITUD","LTRENDIDX","M","1969-06",103.5301,
"DEU","BCI","AMPLITUD","LTRENDIDX","M","1969-07",103.5496,
"DEU","BCI","AMPLITUD","LTRENDIDX","M","1969-08",103.6325,
"DEU","BCI","AMPLITUD","LTRENDIDX","M","1969-09",103.6452,
"DEU","BCI","AMPLITUD","LTRENDIDX","M","1969-10",103.5261,
"DEU","BCI","AMPLITUD","LTRENDIDX","M","1969-11",103.3095,
"DEU","BCI","AMPLITUD","LTRENDIDX","M","1969-12",103.0571,
"DEU","BCI","AMPLITUD","LTRENDIDX","M","1970-01",102.773,
"DEU","BCI","AMPLITUD","LTRENDIDX","M","1970-02",102.4681,
"DEU","BCI","AMPLITUD","LTRENDIDX","M","1970-03",102.1059,
"DEU","BCI","AMPLITUD","LTRENDIDX","M","1970-04",101.7573,
"DEU","BCI","AMPLITUD","LTRENDIDX","M","1970-05",101.4749,
"DEU","BCI","AMPLITUD","LTRENDIDX","M","1970-06",101.3399,
"DEU","BCI","AMPLITUD","LTRENDIDX","M","1970-07",101.2567,
"DEU","BCI","AMPLITUD","LTRENDIDX","M","1970-08",101.0509,
"DEU","BCI","AMPLITUD","LTRENDIDX","M","1970-09",100.7017,
"DEU","BCI","AMPLITUD","LTRENDIDX","M","1970-10",100.3229,
"DEU","BCI","AMPLITUD","LTRENDIDX","M","1970-11",100.0981,
"DEU","BCI","AMPLITUD","LTRENDIDX","M","1970-12",100.0584,
"DEU","BCI","AMPLITUD","LTRENDIDX","M","1971-01",100.0443,
"DEU","BCI","AMPLITUD","LTRENDIDX","M","1971-02",100.0469,
"DEU","BCI","AMPLITUD","LTRENDIDX","M","1971-03",99.88316,
"DEU","BCI","AMPLITUD","LTRENDIDX","M","1971-04",99.68204,
"DEU","BCI","AMPLITUD","LTRENDIDX","M","1971-05",99.52142,
"DEU","BCI","AMPLITUD","LTRENDIDX","M","1971-06",99.32827,
"DEU","BCI","AMPLITUD","LTRENDIDX","M","1971-07",98.96363,
"DEU","BCI","AMPLITUD","LTRENDIDX","M","1971-08",98.52858,
"DEU","BCI","AMPLITUD","LTRENDIDX","M","1971-09",98.20228,
"DEU","BCI","AMPLITUD","LTRENDIDX","M","1971-10",98.15043,
"DEU","BCI","AMPLITUD","LTRENDIDX","M","1971-11",98.36336,
"DEU","BCI","AMPLITUD","LTRENDIDX","M","1971-12",98.70782,
"DEU","BCI","AMPLITUD","LTRENDIDX","M","1972-01",99.05238,
"DEU","BCI","AMPLITUD","LTRENDIDX","M","1972-02",99.29842,
"DEU","BCI","AMPLITUD","LTRENDIDX","M","1972-03",99.44939,
"DEU","BCI","AMPLITUD","LTRENDIDX","M","1972-04",99.51482,
"DEU","BCI","AMPLITUD","LTRENDIDX","M","1972-05",99.58475,
"DEU","BCI","AMPLITUD","LTRENDIDX","M","1972-06",99.72714,
"DEU","BCI","AMPLITUD","LTRENDIDX","M","1972-07",99.88074,
"DEU","BCI","AMPLITUD","LTRENDIDX","M","1972-08",100.0882,
"DEU","BCI","AMPLITUD","LTRENDIDX","M","1972-09",100.3423,
"DEU","BCI","AMPLITUD","LTRENDIDX","M","1972-10",100.6417,
"DEU","BCI","AMPLITUD","LTRENDIDX","M","1972-11",100.9616,
"DEU","BCI","AMPLITUD","LTRENDIDX","M","1972-12",101.2934,
"DEU","BCI","AMPLITUD","LTRENDIDX","M","1973-01",101.5869,
"DEU","BCI","AMPLITUD","LTRENDIDX","M","1973-02",101.72,
"DEU","BCI","AMPLITUD","LTRENDIDX","M","1973-03",101.7316,
"DEU","BCI","AMPLITUD","LTRENDIDX","M","1973-04",101.7258,
"DEU","BCI","AMPLITUD","LTRENDIDX","M","1973-05",101.6347,
"DEU","BCI","AMPLITUD","LTRENDIDX","M","1973-06",101.4126,
"DEU","BCI","AMPLITUD","LTRENDIDX","M","1973-07",101.1268,
"DEU","BCI","AMPLITUD","LTRENDIDX","M","1973-08",100.7664,
"DEU","BCI","AMPLITUD","LTRENDIDX","M","1973-09",100.3019,
"DEU","BCI","AMPLITUD","LTRENDIDX","M","1973-10",99.78367,
"DEU","BCI","AMPLITUD","LTRENDIDX","M","1973-11",99.46743,
"DEU","BCI","AMPLITUD","LTRENDIDX","M","1973-12",99.43088,
"DEU","BCI","AMPLITUD","LTRENDIDX","M","1974-01",99.47593,
"DEU","BCI","AMPLITUD","LTRENDIDX","M","1974-02",99.46636,
"DEU","BCI","AMPLITUD","LTRENDIDX","M","1974-03",99.35831,
"DEU","BCI","AMPLITUD","LTRENDIDX","M","1974-04",99.13428,
"DEU","BCI","AMPLITUD","LTRENDIDX","M","1974-05",98.8357,
"DEU","BCI","AMPLITUD","LTRENDIDX","M","1974-06",98.52412,
"DEU","BCI","AMPLITUD","LTRENDIDX","M","1974-07",98.16609,
"DEU","BCI","AMPLITUD","LTRENDIDX","M","1974-08",97.68192,
"DEU","BCI","AMPLITUD","LTRENDIDX","M","1974-09",97.19099,
"DEU","BCI","AMPLITUD","LTRENDIDX","M","1974-10",96.78216,
"DEU","BCI","AMPLITUD","LTRENDIDX","M","1974-11",96.47812,
"DEU","BCI","AMPLITUD","LTRENDIDX","M","1974-12",96.30592,
"DEU","BCI","AMPLITUD","LTRENDIDX","M","1975-01",96.29999,
"DEU","BCI","AMPLITUD","LTRENDIDX","M","1975-02",96.33601,
"DEU","BCI","AMPLITUD","LTRENDIDX","M","1975-03",96.39962,
"DEU","BCI","AMPLITUD","LTRENDIDX","M","1975-04",96.51312,
"DEU","BCI","AMPLITUD","LTRENDIDX","M","1975-05",96.70916,
"DEU","BCI","AMPLITUD","LTRENDIDX","M","1975-06",96.99271,
"DEU","BCI","AMPLITUD","LTRENDIDX","M","1975-07",97.37059,
"DEU","BCI","AMPLITUD","LTRENDIDX","M","1975-08",97.79341,
"DEU","BCI","AMPLITUD","LTRENDIDX","M","1975-09",98.22871,
"DEU","BCI","AMPLITUD","LTRENDIDX","M","1975-10",98.61368,
"DEU","BCI","AMPLITUD","LTRENDIDX","M","1975-11",98.98358,
"DEU","BCI","AMPLITUD","LTRENDIDX","M","1975-12",99.31236,
"DEU","BCI","AMPLITUD","LTRENDIDX","M","1976-01",99.55651,
"DEU","BCI","AMPLITUD","LTRENDIDX","M","1976-02",99.74021,
"DEU","BCI","AMPLITUD","LTRENDIDX","M","1976-03",99.82382,
"DEU","BCI","AMPLITUD","LTRENDIDX","M","1976-04",99.85853,
"DEU","BCI","AMPLITUD","LTRENDIDX","M","1976-05",99.86552,
"DEU","BCI","AMPLITUD","LTRENDIDX","M","1976-06",99.83844,
"DEU","BCI","AMPLITUD","LTRENDIDX","M","1976-07",99.73646,
"DEU","BCI","AMPLITUD","LTRENDIDX","M","1976-08",99.62407,
"DEU","BCI","AMPLITUD","LTRENDIDX","M","1976-09",99.51038,
"DEU","BCI","AMPLITUD","LTRENDIDX","M","1976-10",99.38591,
"DEU","BCI","AMPLITUD","LTRENDIDX","M","1976-11",99.26076,
"DEU","BCI","AMPLITUD","LTRENDIDX","M","1976-12",99.1391,
"DEU","BCI","AMPLITUD","LTRENDIDX","M","1977-01",98.99437,
"DEU","BCI","AMPLITUD","LTRENDIDX","M","1977-02",98.89091,
"DEU","BCI","AMPLITUD","LTRENDIDX","M","1977-03",98.82766,
"DEU","BCI","AMPLITUD","LTRENDIDX","M","1977-04",98.72884,
"DEU","BCI","AMPLITUD","LTRENDIDX","M","1977-05",98.58273,
"DEU","BCI","AMPLITUD","LTRENDIDX","M","1977-06",98.465,
"DEU","BCI","AMPLITUD","LTRENDIDX","M","1977-07",98.42204,
"DEU","BCI","AMPLITUD","LTRENDIDX","M","1977-08",98.4387,
"DEU","BCI","AMPLITUD","LTRENDIDX","M","1977-09",98.48133,
"DEU","BCI","AMPLITUD","LTRENDIDX","M","1977-10",98.5183,
"DEU","BCI","AMPLITUD","LTRENDIDX","M","1977-11",98.55285,
"DEU","BCI","AMPLITUD","LTRENDIDX","M","1977-12",98.62344,
"DEU","BCI","AMPLITUD","LTRENDIDX","M","1978-01",98.69355,
"DEU","BCI","AMPLITUD","LTRENDIDX","M","1978-02",98.73115,
"DEU","BCI","AMPLITUD","LTRENDIDX","M","1978-03",98.78848,
"DEU","BCI","AMPLITUD","LTRENDIDX","M","1978-04",98.88896,
"DEU","BCI","AMPLITUD","LTRENDIDX","M","1978-05",99.04536,
"DEU","BCI","AMPLITUD","LTRENDIDX","M","1978-06",99.2349,
"DEU","BCI","AMPLITUD","LTRENDIDX","M","1978-07",99.3928,
"DEU","BCI","AMPLITUD","LTRENDIDX","M","1978-08",99.56102,
"DEU","BCI","AMPLITUD","LTRENDIDX","M","1978-09",99.69315,
"DEU","BCI","AMPLITUD","LTRENDIDX","M","1978-10",99.8617,
"DEU","BCI","AMPLITUD","LTRENDIDX","M","1978-11",99.97597,
"DEU","BCI","AMPLITUD","LTRENDIDX","M","1978-12",100.0645,
"DEU","BCI","AMPLITUD","LTRENDIDX","M","1979-01",100.2365,
"DEU","BCI","AMPLITUD","LTRENDIDX","M","1979-02",100.4432,
"DEU","BCI","AMPLITUD","LTRENDIDX","M","1979-03",100.6812,
"DEU","BCI","AMPLITUD","LTRENDIDX","M","1979-04",100.9362,
"DEU","BCI","AMPLITUD","LTRENDIDX","M","1979-05",101.0946,
"DEU","BCI","AMPLITUD","LTRENDIDX","M","1979-06",101.0641,
"DEU","BCI","AMPLITUD","LTRENDIDX","M","1979-07",100.9165,
"DEU","BCI","AMPLITUD","LTRENDIDX","M","1979-08",100.6923,
"DEU","BCI","AMPLITUD","LTRENDIDX","M","1979-09",100.5486,
"DEU","BCI","AMPLITUD","LTRENDIDX","M","1979-10",100.4194,
"DEU","BCI","AMPLITUD","LTRENDIDX","M","1979-11",100.3476,
"DEU","BCI","AMPLITUD","LTRENDIDX","M","1979-12",100.3515,
"DEU","BCI","AMPLITUD","LTRENDIDX","M","1980-01",100.3467,
"DEU","BCI","AMPLITUD","LTRENDIDX","M","1980-02",100.2548,
"DEU","BCI","AMPLITUD","LTRENDIDX","M","1980-03",100.0086,
"DEU","BCI","AMPLITUD","LTRENDIDX","M","1980-04",99.6063,
"DEU","BCI","AMPLITUD","LTRENDIDX","M","1980-05",99.13228,
"DEU","BCI","AMPLITUD","LTRENDIDX","M","1980-06",98.7841,
"DEU","BCI","AMPLITUD","LTRENDIDX","M","1980-07",98.51993,
"DEU","BCI","AMPLITUD","LTRENDIDX","M","1980-08",98.36944,
"DEU","BCI","AMPLITUD","LTRENDIDX","M","1980-09",98.17146,
"DEU","BCI","AMPLITUD","LTRENDIDX","M","1980-10",97.94997,
"DEU","BCI","AMPLITUD","LTRENDIDX","M","1980-11",97.81104,
"DEU","BCI","AMPLITUD","LTRENDIDX","M","1980-12",97.71324,
"DEU","BCI","AMPLITUD","LTRENDIDX","M","1981-01",97.75655,
"DEU","BCI","AMPLITUD","LTRENDIDX","M","1981-02",97.82913,
"DEU","BCI","AMPLITUD","LTRENDIDX","M","1981-03",97.86512,
"DEU","BCI","AMPLITUD","LTRENDIDX","M","1981-04",97.84754,
"DEU","BCI","AMPLITUD","LTRENDIDX","M","1981-05",97.84789,
"DEU","BCI","AMPLITUD","LTRENDIDX","M","1981-06",97.89375,
"DEU","BCI","AMPLITUD","LTRENDIDX","M","1981-07",97.9684,
"DEU","BCI","AMPLITUD","LTRENDIDX","M","1981-08",98.00224,
"DEU","BCI","AMPLITUD","LTRENDIDX","M","1981-09",97.98636,
"DEU","BCI","AMPLITUD","LTRENDIDX","M","1981-10",97.90159,
"DEU","BCI","AMPLITUD","LTRENDIDX","M","1981-11",97.84706,
"DEU","BCI","AMPLITUD","LTRENDIDX","M","1981-12",97.82394,
"DEU","BCI","AMPLITUD","LTRENDIDX","M","1982-01",97.86549,
"DEU","BCI","AMPLITUD","LTRENDIDX","M","1982-02",97.87193,
"DEU","BCI","AMPLITUD","LTRENDIDX","M","1982-03",97.75708,
"DEU","BCI","AMPLITUD","LTRENDIDX","M","1982-04",97.55484,
"DEU","BCI","AMPLITUD","LTRENDIDX","M","1982-05",97.3084,
"DEU","BCI","AMPLITUD","LTRENDIDX","M","1982-06",97.00979,
"DEU","BCI","AMPLITUD","LTRENDIDX","M","1982-07",96.69638,
"DEU","BCI","AMPLITUD","LTRENDIDX","M","1982-08",96.52395,
"DEU","BCI","AMPLITUD","LTRENDIDX","M","1982-09",96.5535,
"DEU","BCI","AMPLITUD","LTRENDIDX","M","1982-10",96.81094,
"DEU","BCI","AMPLITUD","LTRENDIDX","M","1982-11",97.25755,
"DEU","BCI","AMPLITUD","LTRENDIDX","M","1982-12",97.83354,
"DEU","BCI","AMPLITUD","LTRENDIDX","M","1983-01",98.34982,
"DEU","BCI","AMPLITUD","LTRENDIDX","M","1983-02",98.77682,
"DEU","BCI","AMPLITUD","LTRENDIDX","M","1983-03",99.02921,
"DEU","BCI","AMPLITUD","LTRENDIDX","M","1983-04",99.1028,
"DEU","BCI","AMPLITUD","LTRENDIDX","M","1983-05",99.12318,
"DEU","BCI","AMPLITUD","LTRENDIDX","M","1983-06",99.15932,
"DEU","BCI","AMPLITUD","LTRENDIDX","M","1983-07",99.27881,
"DEU","BCI","AMPLITUD","LTRENDIDX","M","1983-08",99.43613,
"DEU","BCI","AMPLITUD","LTRENDIDX","M","1983-09",99.5787,
"DEU","BCI","AMPLITUD","LTRENDIDX","M","1983-10",99.71503,
"DEU","BCI","AMPLITUD","LTRENDIDX","M","1983-11",99.84776,
"DEU","BCI","AMPLITUD","LTRENDIDX","M","1983-12",99.95004,
"DEU","BCI","AMPLITUD","LTRENDIDX","M","1984-01",100.0211,
"DEU","BCI","AMPLITUD","LTRENDIDX","M","1984-02",100.0213,
"DEU","BCI","AMPLITUD","LTRENDIDX","M","1984-03",99.98911,
"DEU","BCI","AMPLITUD","LTRENDIDX","M","1984-04",100.0041,
"DEU","BCI","AMPLITUD","LTRENDIDX","M","1984-05",100.0688,
"DEU","BCI","AMPLITUD","LTRENDIDX","M","1984-06",100.1311,
"DEU","BCI","AMPLITUD","LTRENDIDX","M","1984-07",100.1323,
"DEU","BCI","AMPLITUD","LTRENDIDX","M","1984-08",100.0946,
"DEU","BCI","AMPLITUD","LTRENDIDX","M","1984-09",100.0829,
"DEU","BCI","AMPLITUD","LTRENDIDX","M","1984-10",100.0922,
"DEU","BCI","AMPLITUD","LTRENDIDX","M","1984-11",100.1354,
"DEU","BCI","AMPLITUD","LTRENDIDX","M","1984-12",100.2335,
"DEU","BCI","AMPLITUD","LTRENDIDX","M","1985-01",100.2603,
"DEU","BCI","AMPLITUD","LTRENDIDX","M","1985-02",100.2188,
"DEU","BCI","AMPLITUD","LTRENDIDX","M","1985-03",100.1961,
"DEU","BCI","AMPLITUD","LTRENDIDX","M","1985-04",100.2355,
"DEU","BCI","AMPLITUD","LTRENDIDX","M","1985-05",100.3027,
"DEU","BCI","AMPLITUD","LTRENDIDX","M","1985-06",100.3253,
"DEU","BCI","AMPLITUD","LTRENDIDX","M","1985-07",100.374,
"DEU","BCI","AMPLITUD","LTRENDIDX","M","1985-08",100.4929,
"DEU","BCI","AMPLITUD","LTRENDIDX","M","1985-09",100.6062,
"DEU","BCI","AMPLITUD","LTRENDIDX","M","1985-10",100.6919,
"DEU","BCI","AMPLITUD","LTRENDIDX","M","1985-11",100.7032,
"DEU","BCI","AMPLITUD","LTRENDIDX","M","1985-12",100.6396,
"DEU","BCI","AMPLITUD","LTRENDIDX","M","1986-01",100.5251,
"DEU","BCI","AMPLITUD","LTRENDIDX","M","1986-02",100.3814,
"DEU","BCI","AMPLITUD","LTRENDIDX","M","1986-03",100.2633,
"DEU","BCI","AMPLITUD","LTRENDIDX","M","1986-04",100.2219,
"DEU","BCI","AMPLITUD","LTRENDIDX","M","1986-05",100.2316,
"DEU","BCI","AMPLITUD","LTRENDIDX","M","1986-06",100.2872,
"DEU","BCI","AMPLITUD","LTRENDIDX","M","1986-07",100.3156,
"DEU","BCI","AMPLITUD","LTRENDIDX","M","1986-08",100.2665,
"DEU","BCI","AMPLITUD","LTRENDIDX","M","1986-09",100.1636,
"DEU","BCI","AMPLITUD","LTRENDIDX","M","1986-10",100.0403,
"DEU","BCI","AMPLITUD","LTRENDIDX","M","1986-11",99.94124,
"DEU","BCI","AMPLITUD","LTRENDIDX","M","1986-12",99.79787,
"DEU","BCI","AMPLITUD","LTRENDIDX","M","1987-01",99.60607,
"DEU","BCI","AMPLITUD","LTRENDIDX","M","1987-02",99.49074,
"DEU","BCI","AMPLITUD","LTRENDIDX","M","1987-03",99.49163,
"DEU","BCI","AMPLITUD","LTRENDIDX","M","1987-04",99.53211,
"DEU","BCI","AMPLITUD","LTRENDIDX","M","1987-05",99.57613,
"DEU","BCI","AMPLITUD","LTRENDIDX","M","1987-06",99.64411,
"DEU","BCI","AMPLITUD","LTRENDIDX","M","1987-07",99.75764,
"DEU","BCI","AMPLITUD","LTRENDIDX","M","1987-08",99.89407,
"DEU","BCI","AMPLITUD","LTRENDIDX","M","1987-09",99.98575,
"DEU","BCI","AMPLITUD","LTRENDIDX","M","1987-10",100.0091,
"DEU","BCI","AMPLITUD","LTRENDIDX","M","1987-11",99.96049,
"DEU","BCI","AMPLITUD","LTRENDIDX","M","1987-12",99.91214,
"DEU","BCI","AMPLITUD","LTRENDIDX","M","1988-01",99.97013,
"DEU","BCI","AMPLITUD","LTRENDIDX","M","1988-02",100.1313,
"DEU","BCI","AMPLITUD","LTRENDIDX","M","1988-03",100.3153,
"DEU","BCI","AMPLITUD","LTRENDIDX","M","1988-04",100.4743,
"DEU","BCI","AMPLITUD","LTRENDIDX","M","1988-05",100.6343,
"DEU","BCI","AMPLITUD","LTRENDIDX","M","1988-06",100.8036,
"DEU","BCI","AMPLITUD","LTRENDIDX","M","1988-07",100.9147,
"DEU","BCI","AMPLITUD","LTRENDIDX","M","1988-08",101.0157,
"DEU","BCI","AMPLITUD","LTRENDIDX","M","1988-09",101.1029,
"DEU","BCI","AMPLITUD","LTRENDIDX","M","1988-10",101.1657,
"DEU","BCI","AMPLITUD","LTRENDIDX","M","1988-11",101.2134,
"DEU","BCI","AMPLITUD","LTRENDIDX","M","1988-12",101.2675,
"DEU","BCI","AMPLITUD","LTRENDIDX","M","1989-01",101.3376,
"DEU","BCI","AMPLITUD","LTRENDIDX","M","1989-02",101.4115,
"DEU","BCI","AMPLITUD","LTRENDIDX","M","1989-03",101.4761,
"DEU","BCI","AMPLITUD","LTRENDIDX","M","1989-04",101.5332,
"DEU","BCI","AMPLITUD","LTRENDIDX","M","1989-05",101.6139,
"DEU","BCI","AMPLITUD","LTRENDIDX","M","1989-06",101.643,
"DEU","BCI","AMPLITUD","LTRENDIDX","M","1989-07",101.617,
"DEU","BCI","AMPLITUD","LTRENDIDX","M","1989-08",101.5866,
"DEU","BCI","AMPLITUD","LTRENDIDX","M","1989-09",101.5926,
"DEU","BCI","AMPLITUD","LTRENDIDX","M","1989-10",101.6509,
"DEU","BCI","AMPLITUD","LTRENDIDX","M","1989-11",101.7243,
"DEU","BCI","AMPLITUD","LTRENDIDX","M","1989-12",101.7766,
"DEU","BCI","AMPLITUD","LTRENDIDX","M","1990-01",101.8119,
"DEU","BCI","AMPLITUD","LTRENDIDX","M","1990-02",101.8456,
"DEU","BCI","AMPLITUD","LTRENDIDX","M","1990-03",101.9018,
"DEU","BCI","AMPLITUD","LTRENDIDX","M","1990-04",101.9244,
"DEU","BCI","AMPLITUD","LTRENDIDX","M","1990-05",101.9116,
"DEU","BCI","AMPLITUD","LTRENDIDX","M","1990-06",101.9278,
"DEU","BCI","AMPLITUD","LTRENDIDX","M","1990-07",102.0145,
"DEU","BCI","AMPLITUD","LTRENDIDX","M","1990-08",102.0955,
"DEU","BCI","AMPLITUD","LTRENDIDX","M","1990-09",102.1718,
"DEU","BCI","AMPLITUD","LTRENDIDX","M","1990-10",102.1729,
"DEU","BCI","AMPLITUD","LTRENDIDX","M","1990-11",102.129,
"DEU","BCI","AMPLITUD","LTRENDIDX","M","1990-12",102.0341,
"DEU","BCI","AMPLITUD","LTRENDIDX","M","1991-01",101.8791,
"DEU","BCI","AMPLITUD","LTRENDIDX","M","1991-02",101.6449,
"DEU","BCI","AMPLITUD","LTRENDIDX","M","1991-03",101.3896,
"DEU","BCI","AMPLITUD","LTRENDIDX","M","1991-04",101.1674,
"DEU","BCI","AMPLITUD","LTRENDIDX","M","1991-05",100.9681,
"DEU","BCI","AMPLITUD","LTRENDIDX","M","1991-06",100.7585,
"DEU","BCI","AMPLITUD","LTRENDIDX","M","1991-07",100.5579,
"DEU","BCI","AMPLITUD","LTRENDIDX","M","1991-08",100.3886,
"DEU","BCI","AMPLITUD","LTRENDIDX","M","1991-09",100.2506,
"DEU","BCI","AMPLITUD","LTRENDIDX","M","1991-10",100.1558,
"DEU","BCI","AMPLITUD","LTRENDIDX","M","1991-11",100.0854,
"DEU","BCI","AMPLITUD","LTRENDIDX","M","1991-12",100.0397,
"DEU","BCI","AMPLITUD","LTRENDIDX","M","1992-01",99.99593,
"DEU","BCI","AMPLITUD","LTRENDIDX","M","1992-02",99.90861,
"DEU","BCI","AMPLITUD","LTRENDIDX","M","1992-03",99.78722,
"DEU","BCI","AMPLITUD","LTRENDIDX","M","1992-04",99.65951,
"DEU","BCI","AMPLITUD","LTRENDIDX","M","1992-05",99.535,
"DEU","BCI","AMPLITUD","LTRENDIDX","M","1992-06",99.39739,
"DEU","BCI","AMPLITUD","LTRENDIDX","M","1992-07",99.17123,
"DEU","BCI","AMPLITUD","LTRENDIDX","M","1992-08",98.78055,
"DEU","BCI","AMPLITUD","LTRENDIDX","M","1992-09",98.28484,
"DEU","BCI","AMPLITUD","LTRENDIDX","M","1992-10",97.80745,
"DEU","BCI","AMPLITUD","LTRENDIDX","M","1992-11",97.47874,
"DEU","BCI","AMPLITUD","LTRENDIDX","M","1992-12",97.36096,
"DEU","BCI","AMPLITUD","LTRENDIDX","M","1993-01",97.32594,
"DEU","BCI","AMPLITUD","LTRENDIDX","M","1993-02",97.26308,
"DEU","BCI","AMPLITUD","LTRENDIDX","M","1993-03",97.19328,
"DEU","BCI","AMPLITUD","LTRENDIDX","M","1993-04",97.16266,
"DEU","BCI","AMPLITUD","LTRENDIDX","M","1993-05",97.18832,
"DEU","BCI","AMPLITUD","LTRENDIDX","M","1993-06",97.23265,
"DEU","BCI","AMPLITUD","LTRENDIDX","M","1993-07",97.30158,
"DEU","BCI","AMPLITUD","LTRENDIDX","M","1993-08",97.4455,
"DEU","BCI","AMPLITUD","LTRENDIDX","M","1993-09",97.62253,
"DEU","BCI","AMPLITUD","LTRENDIDX","M","1993-10",97.82535,
"DEU","BCI","AMPLITUD","LTRENDIDX","M","1993-11",98.00557,
"DEU","BCI","AMPLITUD","LTRENDIDX","M","1993-12",98.19794,
"DEU","BCI","AMPLITUD","LTRENDIDX","M","1994-01",98.45288,
"DEU","BCI","AMPLITUD","LTRENDIDX","M","1994-02",98.74559,
"DEU","BCI","AMPLITUD","LTRENDIDX","M","1994-03",99.00302,
"DEU","BCI","AMPLITUD","LTRENDIDX","M","1994-04",99.26219,
"DEU","BCI","AMPLITUD","LTRENDIDX","M","1994-05",99.51424,
"DEU","BCI","AMPLITUD","LTRENDIDX","M","1994-06",99.74969,
"DEU","BCI","AMPLITUD","LTRENDIDX","M","1994-07",99.97707,
"DEU","BCI","AMPLITUD","LTRENDIDX","M","1994-08",100.2355,
"DEU","BCI","AMPLITUD","LTRENDIDX","M","1994-09",100.5476,
"DEU","BCI","AMPLITUD","LTRENDIDX","M","1994-10",100.8418,
"DEU","BCI","AMPLITUD","LTRENDIDX","M","1994-11",101.0571,
"DEU","BCI","AMPLITUD","LTRENDIDX","M","1994-12",101.1989,
"DEU","BCI","AMPLITUD","LTRENDIDX","M","1995-01",101.2246,
"DEU","BCI","AMPLITUD","LTRENDIDX","M","1995-02",101.1612,
"DEU","BCI","AMPLITUD","LTRENDIDX","M","1995-03",101.0012,
"DEU","BCI","AMPLITUD","LTRENDIDX","M","1995-04",100.7993,
"DEU","BCI","AMPLITUD","LTRENDIDX","M","1995-05",100.6294,
"DEU","BCI","AMPLITUD","LTRENDIDX","M","1995-06",100.4714,
"DEU","BCI","AMPLITUD","LTRENDIDX","M","1995-07",100.3015,
"DEU","BCI","AMPLITUD","LTRENDIDX","M","1995-08",100.1263,
"DEU","BCI","AMPLITUD","LTRENDIDX","M","1995-09",99.95021,
"DEU","BCI","AMPLITUD","LTRENDIDX","M","1995-10",99.80335,
"DEU","BCI","AMPLITUD","LTRENDIDX","M","1995-11",99.62501,
"DEU","BCI","AMPLITUD","LTRENDIDX","M","1995-12",99.38773,
"DEU","BCI","AMPLITUD","LTRENDIDX","M","1996-01",99.09531,
"DEU","BCI","AMPLITUD","LTRENDIDX","M","1996-02",98.80579,
"DEU","BCI","AMPLITUD","LTRENDIDX","M","1996-03",98.60821,
"DEU","BCI","AMPLITUD","LTRENDIDX","M","1996-04",98.49484,
"DEU","BCI","AMPLITUD","LTRENDIDX","M","1996-05",98.401,
"DEU","BCI","AMPLITUD","LTRENDIDX","M","1996-06",98.37473,
"DEU","BCI","AMPLITUD","LTRENDIDX","M","1996-07",98.45642,
"DEU","BCI","AMPLITUD","LTRENDIDX","M","1996-08",98.5923,
"DEU","BCI","AMPLITUD","LTRENDIDX","M","1996-09",98.74449,
"DEU","BCI","AMPLITUD","LTRENDIDX","M","1996-10",98.87909,
"DEU","BCI","AMPLITUD","LTRENDIDX","M","1996-11",98.98318,
"DEU","BCI","AMPLITUD","LTRENDIDX","M","1996-12",99.11061,
"DEU","BCI","AMPLITUD","LTRENDIDX","M","1997-01",99.31172,
"DEU","BCI","AMPLITUD","LTRENDIDX","M","1997-02",99.5285,
"DEU","BCI","AMPLITUD","LTRENDIDX","M","1997-03",99.72048,
"DEU","BCI","AMPLITUD","LTRENDIDX","M","1997-04",99.87341,
"DEU","BCI","AMPLITUD","LTRENDIDX","M","1997-05",99.98775,
"DEU","BCI","AMPLITUD","LTRENDIDX","M","1997-06",100.14,
"DEU","BCI","AMPLITUD","LTRENDIDX","M","1997-07",100.3344,
"DEU","BCI","AMPLITUD","LTRENDIDX","M","1997-08",100.5088,
"DEU","BCI","AMPLITUD","LTRENDIDX","M","1997-09",100.5992,
"DEU","BCI","AMPLITUD","LTRENDIDX","M","1997-10",100.6365,
"DEU","BCI","AMPLITUD","LTRENDIDX","M","1997-11",100.7346,
"DEU","BCI","AMPLITUD","LTRENDIDX","M","1997-12",100.8615,
"DEU","BCI","AMPLITUD","LTRENDIDX","M","1998-01",100.9669,
"DEU","BCI","AMPLITUD","LTRENDIDX","M","1998-02",101.0353,
"DEU","BCI","AMPLITUD","LTRENDIDX","M","1998-03",101.105,
"DEU","BCI","AMPLITUD","LTRENDIDX","M","1998-04",101.121,
"DEU","BCI","AMPLITUD","LTRENDIDX","M","1998-05",101.0677,
"DEU","BCI","AMPLITUD","LTRENDIDX","M","1998-06",100.9417,
"DEU","BCI","AMPLITUD","LTRENDIDX","M","1998-07",100.7718,
"DEU","BCI","AMPLITUD","LTRENDIDX","M","1998-08",100.5752,
"DEU","BCI","AMPLITUD","LTRENDIDX","M","1998-09",100.2912,
"DEU","BCI","AMPLITUD","LTRENDIDX","M","1998-10",99.96597,
"DEU","BCI","AMPLITUD","LTRENDIDX","M","1998-11",99.69857,
"DEU","BCI","AMPLITUD","LTRENDIDX","M","1998-12",99.45882,
"DEU","BCI","AMPLITUD","LTRENDIDX","M","1999-01",99.27563,
"DEU","BCI","AMPLITUD","LTRENDIDX","M","1999-02",99.16115,
"DEU","BCI","AMPLITUD","LTRENDIDX","M","1999-03",99.1247,
"DEU","BCI","AMPLITUD","LTRENDIDX","M","1999-04",99.12949,
"DEU","BCI","AMPLITUD","LTRENDIDX","M","1999-05",99.16285,
"DEU","BCI","AMPLITUD","LTRENDIDX","M","1999-06",99.25397,
"DEU","BCI","AMPLITUD","LTRENDIDX","M","1999-07",99.35041,
"DEU","BCI","AMPLITUD","LTRENDIDX","M","1999-08",99.46368,
"DEU","BCI","AMPLITUD","LTRENDIDX","M","1999-09",99.61798,
"DEU","BCI","AMPLITUD","LTRENDIDX","M","1999-10",99.80455,
"DEU","BCI","AMPLITUD","LTRENDIDX","M","1999-11",99.99651,
"DEU","BCI","AMPLITUD","LTRENDIDX","M","1999-12",100.1765,
"DEU","BCI","AMPLITUD","LTRENDIDX","M","2000-01",100.3365,
"DEU","BCI","AMPLITUD","LTRENDIDX","M","2000-02",100.5346,
"DEU","BCI","AMPLITUD","LTRENDIDX","M","2000-03",100.701,
"DEU","BCI","AMPLITUD","LTRENDIDX","M","2000-04",100.8348,
"DEU","BCI","AMPLITUD","LTRENDIDX","M","2000-05",100.9503,
"DEU","BCI","AMPLITUD","LTRENDIDX","M","2000-06",100.9993,
"DEU","BCI","AMPLITUD","LTRENDIDX","M","2000-07",101.0268,
"DEU","BCI","AMPLITUD","LTRENDIDX","M","2000-08",101.0537,
"DEU","BCI","AMPLITUD","LTRENDIDX","M","2000-09",101.0499,
"DEU","BCI","AMPLITUD","LTRENDIDX","M","2000-10",100.9858,
"DEU","BCI","AMPLITUD","LTRENDIDX","M","2000-11",100.8479,
"DEU","BCI","AMPLITUD","LTRENDIDX","M","2000-12",100.7025,
"DEU","BCI","AMPLITUD","LTRENDIDX","M","2001-01",100.5519,
"DEU","BCI","AMPLITUD","LTRENDIDX","M","2001-02",100.3441,
"DEU","BCI","AMPLITUD","LTRENDIDX","M","2001-03",100.079,
"DEU","BCI","AMPLITUD","LTRENDIDX","M","2001-04",99.79023,
"DEU","BCI","AMPLITUD","LTRENDIDX","M","2001-05",99.56198,
"DEU","BCI","AMPLITUD","LTRENDIDX","M","2001-06",99.36719,
"DEU","BCI","AMPLITUD","LTRENDIDX","M","2001-07",99.18281,
"DEU","BCI","AMPLITUD","LTRENDIDX","M","2001-08",98.88018,
"DEU","BCI","AMPLITUD","LTRENDIDX","M","2001-09",98.52219,
"DEU","BCI","AMPLITUD","LTRENDIDX","M","2001-10",98.22614,
"DEU","BCI","AMPLITUD","LTRENDIDX","M","2001-11",98.10452,
"DEU","BCI","AMPLITUD","LTRENDIDX","M","2001-12",98.16637,
"DEU","BCI","AMPLITUD","LTRENDIDX","M","2002-01",98.32623,
"DEU","BCI","AMPLITUD","LTRENDIDX","M","2002-02",98.59026,
"DEU","BCI","AMPLITUD","LTRENDIDX","M","2002-03",98.85136,
"DEU","BCI","AMPLITUD","LTRENDIDX","M","2002-04",99.01972,
"DEU","BCI","AMPLITUD","LTRENDIDX","M","2002-05",99.07754,
"DEU","BCI","AMPLITUD","LTRENDIDX","M","2002-06",99.02332,
"DEU","BCI","AMPLITUD","LTRENDIDX","M","2002-07",98.93816,
"DEU","BCI","AMPLITUD","LTRENDIDX","M","2002-08",98.90463,
"DEU","BCI","AMPLITUD","LTRENDIDX","M","2002-09",98.96788,
"DEU","BCI","AMPLITUD","LTRENDIDX","M","2002-10",99.04517,
"DEU","BCI","AMPLITUD","LTRENDIDX","M","2002-11",99.04301,
"DEU","BCI","AMPLITUD","LTRENDIDX","M","2002-12",98.99413,
"DEU","BCI","AMPLITUD","LTRENDIDX","M","2003-01",99.00325,
"DEU","BCI","AMPLITUD","LTRENDIDX","M","2003-02",99.01403,
"DEU","BCI","AMPLITUD","LTRENDIDX","M","2003-03",98.95789,
"DEU","BCI","AMPLITUD","LTRENDIDX","M","2003-04",98.90102,
"DEU","BCI","AMPLITUD","LTRENDIDX","M","2003-05",98.81865,
"DEU","BCI","AMPLITUD","LTRENDIDX","M","2003-06",98.77599,
"DEU","BCI","AMPLITUD","LTRENDIDX","M","2003-07",98.81886,
"DEU","BCI","AMPLITUD","LTRENDIDX","M","2003-08",99.0389,
"DEU","BCI","AMPLITUD","LTRENDIDX","M","2003-09",99.31654,
"DEU","BCI","AMPLITUD","LTRENDIDX","M","2003-10",99.52933,
"DEU","BCI","AMPLITUD","LTRENDIDX","M","2003-11",99.66901,
"DEU","BCI","AMPLITUD","LTRENDIDX","M","2003-12",99.71894,
"DEU","BCI","AMPLITUD","LTRENDIDX","M","2004-01",99.79632,
"DEU","BCI","AMPLITUD","LTRENDIDX","M","2004-02",99.85411,
"DEU","BCI","AMPLITUD","LTRENDIDX","M","2004-03",99.9195,
"DEU","BCI","AMPLITUD","LTRENDIDX","M","2004-04",100.036,
"DEU","BCI","AMPLITUD","LTRENDIDX","M","2004-05",100.108,
"DEU","BCI","AMPLITUD","LTRENDIDX","M","2004-06",100.1673,
"DEU","BCI","AMPLITUD","LTRENDIDX","M","2004-07",100.2565,
"DEU","BCI","AMPLITUD","LTRENDIDX","M","2004-08",100.3582,
"DEU","BCI","AMPLITUD","LTRENDIDX","M","2004-09",100.4408,
"DEU","BCI","AMPLITUD","LTRENDIDX","M","2004-10",100.4813,
"DEU","BCI","AMPLITUD","LTRENDIDX","M","2004-11",100.4842,
"DEU","BCI","AMPLITUD","LTRENDIDX","M","2004-12",100.4406,
"DEU","BCI","AMPLITUD","LTRENDIDX","M","2005-01",100.3141,
"DEU","BCI","AMPLITUD","LTRENDIDX","M","2005-02",100.0961,
"DEU","BCI","AMPLITUD","LTRENDIDX","M","2005-03",99.87536,
"DEU","BCI","AMPLITUD","LTRENDIDX","M","2005-04",99.74067,
"DEU","BCI","AMPLITUD","LTRENDIDX","M","2005-05",99.70827,
"DEU","BCI","AMPLITUD","LTRENDIDX","M","2005-06",99.74379,
"DEU","BCI","AMPLITUD","LTRENDIDX","M","2005-07",99.80595,
"DEU","BCI","AMPLITUD","LTRENDIDX","M","2005-08",99.90124,
"DEU","BCI","AMPLITUD","LTRENDIDX","M","2005-09",100.0217,
"DEU","BCI","AMPLITUD","LTRENDIDX","M","2005-10",100.1288,
"DEU","BCI","AMPLITUD","LTRENDIDX","M","2005-11",100.1903,
"DEU","BCI","AMPLITUD","LTRENDIDX","M","2005-12",100.2993,
"DEU","BCI","AMPLITUD","LTRENDIDX","M","2006-01",100.4771,
"DEU","BCI","AMPLITUD","LTRENDIDX","M","2006-02",100.6994,
"DEU","BCI","AMPLITUD","LTRENDIDX","M","2006-03",100.9331,
"DEU","BCI","AMPLITUD","LTRENDIDX","M","2006-04",101.1504,
"DEU","BCI","AMPLITUD","LTRENDIDX","M","2006-05",101.2985,
"DEU","BCI","AMPLITUD","LTRENDIDX","M","2006-06",101.4088,
"DEU","BCI","AMPLITUD","LTRENDIDX","M","2006-07",101.4946,
"DEU","BCI","AMPLITUD","LTRENDIDX","M","2006-08",101.5864,
"DEU","BCI","AMPLITUD","LTRENDIDX","M","2006-09",101.7374,
"DEU","BCI","AMPLITUD","LTRENDIDX","M","2006-10",101.9082,
"DEU","BCI","AMPLITUD","LTRENDIDX","M","2006-11",102.0419,
"DEU","BCI","AMPLITUD","LTRENDIDX","M","2006-12",102.0508,
"DEU","BCI","AMPLITUD","LTRENDIDX","M","2007-01",101.9986,
"DEU","BCI","AMPLITUD","LTRENDIDX","M","2007-02",101.9564,
"DEU","BCI","AMPLITUD","LTRENDIDX","M","2007-03",101.9757,
"DEU","BCI","AMPLITUD","LTRENDIDX","M","2007-04",102.0066,
"DEU","BCI","AMPLITUD","LTRENDIDX","M","2007-05",102.0251,
"DEU","BCI","AMPLITUD","LTRENDIDX","M","2007-06",102.0246,
"DEU","BCI","AMPLITUD","LTRENDIDX","M","2007-07",101.9415,
"DEU","BCI","AMPLITUD","LTRENDIDX","M","2007-08",101.8017,
"DEU","BCI","AMPLITUD","LTRENDIDX","M","2007-09",101.6351,
"DEU","BCI","AMPLITUD","LTRENDIDX","M","2007-10",101.4909,
"DEU","BCI","AMPLITUD","LTRENDIDX","M","2007-11",101.4129,
"DEU","BCI","AMPLITUD","LTRENDIDX","M","2007-12",101.3579,
"DEU","BCI","AMPLITUD","LTRENDIDX","M","2008-01",101.3078,
"DEU","BCI","AMPLITUD","LTRENDIDX","M","2008-02",101.313,
"DEU","BCI","AMPLITUD","LTRENDIDX","M","2008-03",101.3288,
"DEU","BCI","AMPLITUD","LTRENDIDX","M","2008-04",101.2544,
"DEU","BCI","AMPLITUD","LTRENDIDX","M","2008-05",101.1322,
"DEU","BCI","AMPLITUD","LTRENDIDX","M","2008-06",100.8947,
"DEU","BCI","AMPLITUD","LTRENDIDX","M","2008-07",100.5883,
"DEU","BCI","AMPLITUD","LTRENDIDX","M","2008-08",100.1714,
"DEU","BCI","AMPLITUD","LTRENDIDX","M","2008-09",99.57214,
"DEU","BCI","AMPLITUD","LTRENDIDX","M","2008-10",98.73352,
"DEU","BCI","AMPLITUD","LTRENDIDX","M","2008-11",97.80671,
"DEU","BCI","AMPLITUD","LTRENDIDX","M","2008-12",97.04243,
"DEU","BCI","AMPLITUD","LTRENDIDX","M","2009-01",96.54514,
"DEU","BCI","AMPLITUD","LTRENDIDX","M","2009-02",96.23667,
"DEU","BCI","AMPLITUD","LTRENDIDX","M","2009-03",96.13933,
"DEU","BCI","AMPLITUD","LTRENDIDX","M","2009-04",96.22203,
"DEU","BCI","AMPLITUD","LTRENDIDX","M","2009-05",96.41871,
"DEU","BCI","AMPLITUD","LTRENDIDX","M","2009-06",96.70346,
"DEU","BCI","AMPLITUD","LTRENDIDX","M","2009-07",97.04049,
"DEU","BCI","AMPLITUD","LTRENDIDX","M","2009-08",97.42632,
"DEU","BCI","AMPLITUD","LTRENDIDX","M","2009-09",97.77832,
"DEU","BCI","AMPLITUD","LTRENDIDX","M","2009-10",98.15773,
"DEU","BCI","AMPLITUD","LTRENDIDX","M","2009-11",98.51916,
"DEU","BCI","AMPLITUD","LTRENDIDX","M","2009-12",98.88369,
"DEU","BCI","AMPLITUD","LTRENDIDX","M","2010-01",99.2481,
"DEU","BCI","AMPLITUD","LTRENDIDX","M","2010-02",99.62623,
"DEU","BCI","AMPLITUD","LTRENDIDX","M","2010-03",100.0228,
"DEU","BCI","AMPLITUD","LTRENDIDX","M","2010-04",100.3938,
"DEU","BCI","AMPLITUD","LTRENDIDX","M","2010-05",100.723,
"DEU","BCI","AMPLITUD","LTRENDIDX","M","2010-06",100.9898,
"DEU","BCI","AMPLITUD","LTRENDIDX","M","2010-07",101.2003,
"DEU","BCI","AMPLITUD","LTRENDIDX","M","2010-08",101.3917,
"DEU","BCI","AMPLITUD","LTRENDIDX","M","2010-09",101.6129,
"DEU","BCI","AMPLITUD","LTRENDIDX","M","2010-10",101.8464,
"DEU","BCI","AMPLITUD","LTRENDIDX","M","2010-11",102.1022,
"DEU","BCI","AMPLITUD","LTRENDIDX","M","2010-12",102.3429,
"DEU","BCI","AMPLITUD","LTRENDIDX","M","2011-01",102.4868,
"DEU","BCI","AMPLITUD","LTRENDIDX","M","2011-02",102.5845,
"DEU","BCI","AMPLITUD","LTRENDIDX","M","2011-03",102.5735,
"DEU","BCI","AMPLITUD","LTRENDIDX","M","2011-04",102.5076,
"DEU","BCI","AMPLITUD","LTRENDIDX","M","2011-05",102.3876,
"DEU","BCI","AMPLITUD","LTRENDIDX","M","2011-06",102.1816,
"DEU","BCI","AMPLITUD","LTRENDIDX","M","2011-07",101.8666,
"DEU","BCI","AMPLITUD","LTRENDIDX","M","2011-08",101.465,
"DEU","BCI","AMPLITUD","LTRENDIDX","M","2011-09",101.1117,
"DEU","BCI","AMPLITUD","LTRENDIDX","M","2011-10",100.8918,
"DEU","BCI","AMPLITUD","LTRENDIDX","M","2011-11",100.8333,
"DEU","BCI","AMPLITUD","LTRENDIDX","M","2011-12",100.8898,
"DEU","BCI","AMPLITUD","LTRENDIDX","M","2012-01",100.9993,
"DEU","BCI","AMPLITUD","LTRENDIDX","M","2012-02",101.0054,
"DEU","BCI","AMPLITUD","LTRENDIDX","M","2012-03",100.8291,
"DEU","BCI","AMPLITUD","LTRENDIDX","M","2012-04",100.5759,
"DEU","BCI","AMPLITUD","LTRENDIDX","M","2012-05",100.2495,
"DEU","BCI","AMPLITUD","LTRENDIDX","M","2012-06",99.89275,
"DEU","BCI","AMPLITUD","LTRENDIDX","M","2012-07",99.54111,
"DEU","BCI","AMPLITUD","LTRENDIDX","M","2012-08",99.28697,
"DEU","BCI","AMPLITUD","LTRENDIDX","M","2012-09",99.11228,
"DEU","BCI","AMPLITUD","LTRENDIDX","M","2012-10",99.08638,
"DEU","BCI","AMPLITUD","LTRENDIDX","M","2012-11",99.27001,
"DEU","BCI","AMPLITUD","LTRENDIDX","M","2012-12",99.49323,
"DEU","BCI","AMPLITUD","LTRENDIDX","M","2013-01",99.7017,
"DEU","BCI","AMPLITUD","LTRENDIDX","M","2013-02",99.81239,
"DEU","BCI","AMPLITUD","LTRENDIDX","M","2013-03",99.78707,
"DEU","BCI","AMPLITUD","LTRENDIDX","M","2013-04",99.72449,
"DEU","BCI","AMPLITUD","LTRENDIDX","M","2013-05",99.72787,
"DEU","BCI","AMPLITUD","LTRENDIDX","M","2013-06",99.86604,
"DEU","BCI","AMPLITUD","LTRENDIDX","M","2013-07",100.0686,
"DEU","BCI","AMPLITUD","LTRENDIDX","M","2013-08",100.3709,
"DEU","BCI","AMPLITUD","LTRENDIDX","M","2013-09",100.6442,
"DEU","BCI","AMPLITUD","LTRENDIDX","M","2013-10",100.8683,
"DEU","BCI","AMPLITUD","LTRENDIDX","M","2013-11",100.9819,
"DEU","BCI","AMPLITUD","LTRENDIDX","M","2013-12",100.9974,
"DEU","BCI","AMPLITUD","LTRENDIDX","M","2014-01",100.9657,
"DEU","BCI","AMPLITUD","LTRENDIDX","M","2014-02",100.9496,
"DEU","BCI","AMPLITUD","LTRENDIDX","M","2014-03",100.9544,
"DEU","BCI","AMPLITUD","LTRENDIDX","M","2014-04",100.9433,
"DEU","BCI","AMPLITUD","LTRENDIDX","M","2014-05",100.9233,
"DEU","BCI","AMPLITUD","LTRENDIDX","M","2014-06",100.8436,
"DEU","BCI","AMPLITUD","LTRENDIDX","M","2014-07",100.7616,
"DEU","BCI","AMPLITUD","LTRENDIDX","M","2014-08",100.6414,
"DEU","BCI","AMPLITUD","LTRENDIDX","M","2014-09",100.5482,
"DEU","BCI","AMPLITUD","LTRENDIDX","M","2014-10",100.498,
"DEU","BCI","AMPLITUD","LTRENDIDX","M","2014-11",100.5057,
"DEU","BCI","AMPLITUD","LTRENDIDX","M","2014-12",100.5224,
"DEU","BCI","AMPLITUD","LTRENDIDX","M","2015-01",100.5521,
"DEU","BCI","AMPLITUD","LTRENDIDX","M","2015-02",100.5893,
"DEU","BCI","AMPLITUD","LTRENDIDX","M","2015-03",100.6349,
"DEU","BCI","AMPLITUD","LTRENDIDX","M","2015-04",100.6136,
"DEU","BCI","AMPLITUD","LTRENDIDX","M","2015-05",100.5766,
"DEU","BCI","AMPLITUD","LTRENDIDX","M","2015-06",100.5423,
"DEU","BCI","AMPLITUD","LTRENDIDX","M","2015-07",100.5557,
"DEU","BCI","AMPLITUD","LTRENDIDX","M","2015-08",100.5654,
"DEU","BCI","AMPLITUD","LTRENDIDX","M","2015-09",100.6236,
"DEU","BCI","AMPLITUD","LTRENDIDX","M","2015-10",100.6294,
"DEU","BCI","AMPLITUD","LTRENDIDX","M","2015-11",100.5967,
"DEU","BCI","AMPLITUD","LTRENDIDX","M","2015-12",100.5471,
"DEU","BCI","AMPLITUD","LTRENDIDX","M","2016-01",100.4415,
"DEU","BCI","AMPLITUD","LTRENDIDX","M","2016-02",100.3535,
"DEU","BCI","AMPLITUD","LTRENDIDX","M","2016-03",100.3381,
"DEU","BCI","AMPLITUD","LTRENDIDX","M","2016-04",100.407,
"DEU","BCI","AMPLITUD","LTRENDIDX","M","2016-05",100.5103,
"DEU","BCI","AMPLITUD","LTRENDIDX","M","2016-06",100.6031,
"DEU","BCI","AMPLITUD","LTRENDIDX","M","2016-07",100.6656,
"DEU","BCI","AMPLITUD","LTRENDIDX","M","2016-08",100.7011,
"DEU","BCI","AMPLITUD","LTRENDIDX","M","2016-09",100.8308,
"DEU","BCI","AMPLITUD","LTRENDIDX","M","2016-10",100.9546,
"DEU","BCI","AMPLITUD","LTRENDIDX","M","2016-11",101.0154,
"DEU","BCI","AMPLITUD","LTRENDIDX","M","2016-12",101.0898,
"DEU","BCI","AMPLITUD","LTRENDIDX","M","2017-01",101.1469,
"DEU","BCI","AMPLITUD","LTRENDIDX","M","2017-02",101.2107,
"DEU","BCI","AMPLITUD","LTRENDIDX","M","2017-03",101.3144,
"DEU","BCI","AMPLITUD","LTRENDIDX","M","2017-04",101.4476,
"DEU","BCI","AMPLITUD","LTRENDIDX","M","2017-05",101.5877,
"DEU","BCI","AMPLITUD","LTRENDIDX","M","2017-06",101.7705,
"DEU","BCI","AMPLITUD","LTRENDIDX","M","2017-07",101.938,
"EA19","BCI","AMPLITUD","LTRENDIDX","M","1985-01",99.87485,
"EA19","BCI","AMPLITUD","LTRENDIDX","M","1985-02",99.67969,
"EA19","BCI","AMPLITUD","LTRENDIDX","M","1985-03",99.55138,
"EA19","BCI","AMPLITUD","LTRENDIDX","M","1985-04",99.54443,
"EA19","BCI","AMPLITUD","LTRENDIDX","M","1985-05",99.61732,
"EA19","BCI","AMPLITUD","LTRENDIDX","M","1985-06",99.67688,
"EA19","BCI","AMPLITUD","LTRENDIDX","M","1985-07",99.72985,
"EA19","BCI","AMPLITUD","LTRENDIDX","M","1985-08",99.82333,
"EA19","BCI","AMPLITUD","LTRENDIDX","M","1985-09",99.92942,
"EA19","BCI","AMPLITUD","LTRENDIDX","M","1985-10",99.9765,
"EA19","BCI","AMPLITUD","LTRENDIDX","M","1985-11",99.94266,
"EA19","BCI","AMPLITUD","LTRENDIDX","M","1985-12",99.8335,
"EA19","BCI","AMPLITUD","LTRENDIDX","M","1986-01",99.74096,
"EA19","BCI","AMPLITUD","LTRENDIDX","M","1986-02",99.71556,
"EA19","BCI","AMPLITUD","LTRENDIDX","M","1986-03",99.72172,
"EA19","BCI","AMPLITUD","LTRENDIDX","M","1986-04",99.73801,
"EA19","BCI","AMPLITUD","LTRENDIDX","M","1986-05",99.78839,
"EA19","BCI","AMPLITUD","LTRENDIDX","M","1986-06",99.83865,
"EA19","BCI","AMPLITUD","LTRENDIDX","M","1986-07",99.8707,
"EA19","BCI","AMPLITUD","LTRENDIDX","M","1986-08",99.8822,
"EA19","BCI","AMPLITUD","LTRENDIDX","M","1986-09",99.85452,
"EA19","BCI","AMPLITUD","LTRENDIDX","M","1986-10",99.79113,
"EA19","BCI","AMPLITUD","LTRENDIDX","M","1986-11",99.73276,
"EA19","BCI","AMPLITUD","LTRENDIDX","M","1986-12",99.6712,
"EA19","BCI","AMPLITUD","LTRENDIDX","M","1987-01",99.59521,
"EA19","BCI","AMPLITUD","LTRENDIDX","M","1987-02",99.56446,
"EA19","BCI","AMPLITUD","LTRENDIDX","M","1987-03",99.61108,
"EA19","BCI","AMPLITUD","LTRENDIDX","M","1987-04",99.68295,
"EA19","BCI","AMPLITUD","LTRENDIDX","M","1987-05",99.77182,
"EA19","BCI","AMPLITUD","LTRENDIDX","M","1987-06",99.85381,
"EA19","BCI","AMPLITUD","LTRENDIDX","M","1987-07",99.95023,
"EA19","BCI","AMPLITUD","LTRENDIDX","M","1987-08",100.083,
"EA19","BCI","AMPLITUD","LTRENDIDX","M","1987-09",100.203,
"EA19","BCI","AMPLITUD","LTRENDIDX","M","1987-10",100.2574,
"EA19","BCI","AMPLITUD","LTRENDIDX","M","1987-11",100.2433,
"EA19","BCI","AMPLITUD","LTRENDIDX","M","1987-12",100.229,
"EA19","BCI","AMPLITUD","LTRENDIDX","M","1988-01",100.2805,
"EA19","BCI","AMPLITUD","LTRENDIDX","M","1988-02",100.3883,
"EA19","BCI","AMPLITUD","LTRENDIDX","M","1988-03",100.5036,
"EA19","BCI","AMPLITUD","LTRENDIDX","M","1988-04",100.6297,
"EA19","BCI","AMPLITUD","LTRENDIDX","M","1988-05",100.7691,
"EA19","BCI","AMPLITUD","LTRENDIDX","M","1988-06",100.9098,
"EA19","BCI","AMPLITUD","LTRENDIDX","M","1988-07",101.0107,
"EA19","BCI","AMPLITUD","LTRENDIDX","M","1988-08",101.11,
"EA19","BCI","AMPLITUD","LTRENDIDX","M","1988-09",101.2366,
"EA19","BCI","AMPLITUD","LTRENDIDX","M","1988-10",101.3613,
"EA19","BCI","AMPLITUD","LTRENDIDX","M","1988-11",101.4193,
"EA19","BCI","AMPLITUD","LTRENDIDX","M","1988-12",101.4478,
"EA19","BCI","AMPLITUD","LTRENDIDX","M","1989-01",101.4776,
"EA19","BCI","AMPLITUD","LTRENDIDX","M","1989-02",101.5054,
"EA19","BCI","AMPLITUD","LTRENDIDX","M","1989-03",101.5004,
"EA19","BCI","AMPLITUD","LTRENDIDX","M","1989-04",101.5019,
"EA19","BCI","AMPLITUD","LTRENDIDX","M","1989-05",101.5247,
"EA19","BCI","AMPLITUD","LTRENDIDX","M","1989-06",101.5318,
"EA19","BCI","AMPLITUD","LTRENDIDX","M","1989-07",101.4873,
"EA19","BCI","AMPLITUD","LTRENDIDX","M","1989-08",101.3987,
"EA19","BCI","AMPLITUD","LTRENDIDX","M","1989-09",101.3118,
"EA19","BCI","AMPLITUD","LTRENDIDX","M","1989-10",101.2742,
"EA19","BCI","AMPLITUD","LTRENDIDX","M","1989-11",101.2729,
"EA19","BCI","AMPLITUD","LTRENDIDX","M","1989-12",101.2593,
"EA19","BCI","AMPLITUD","LTRENDIDX","M","1990-01",101.2378,
"EA19","BCI","AMPLITUD","LTRENDIDX","M","1990-02",101.2048,
"EA19","BCI","AMPLITUD","LTRENDIDX","M","1990-03",101.1822,
"EA19","BCI","AMPLITUD","LTRENDIDX","M","1990-04",101.1259,
"EA19","BCI","AMPLITUD","LTRENDIDX","M","1990-05",101.036,
"EA19","BCI","AMPLITUD","LTRENDIDX","M","1990-06",100.9502,
"EA19","BCI","AMPLITUD","LTRENDIDX","M","1990-07",100.8722,
"EA19","BCI","AMPLITUD","LTRENDIDX","M","1990-08",100.782,
"EA19","BCI","AMPLITUD","LTRENDIDX","M","1990-09",100.6895,
"EA19","BCI","AMPLITUD","LTRENDIDX","M","1990-10",100.5626,
"EA19","BCI","AMPLITUD","LTRENDIDX","M","1990-11",100.4317,
"EA19","BCI","AMPLITUD","LTRENDIDX","M","1990-12",100.2926,
"EA19","BCI","AMPLITUD","LTRENDIDX","M","1991-01",100.1246,
"EA19","BCI","AMPLITUD","LTRENDIDX","M","1991-02",99.94321,
"EA19","BCI","AMPLITUD","LTRENDIDX","M","1991-03",99.81758,
"EA19","BCI","AMPLITUD","LTRENDIDX","M","1991-04",99.74065,
"EA19","BCI","AMPLITUD","LTRENDIDX","M","1991-05",99.66734,
"EA19","BCI","AMPLITUD","LTRENDIDX","M","1991-06",99.57909,
"EA19","BCI","AMPLITUD","LTRENDIDX","M","1991-07",99.50716,
"EA19","BCI","AMPLITUD","LTRENDIDX","M","1991-08",99.44641,
"EA19","BCI","AMPLITUD","LTRENDIDX","M","1991-09",99.36483,
"EA19","BCI","AMPLITUD","LTRENDIDX","M","1991-10",99.30169,
"EA19","BCI","AMPLITUD","LTRENDIDX","M","1991-11",99.26208,
"EA19","BCI","AMPLITUD","LTRENDIDX","M","1991-12",99.24268,
"EA19","BCI","AMPLITUD","LTRENDIDX","M","1992-01",99.27126,
"EA19","BCI","AMPLITUD","LTRENDIDX","M","1992-02",99.30149,
"EA19","BCI","AMPLITUD","LTRENDIDX","M","1992-03",99.28408,
"EA19","BCI","AMPLITUD","LTRENDIDX","M","1992-04",99.22384,
"EA19","BCI","AMPLITUD","LTRENDIDX","M","1992-05",99.13472,
"EA19","BCI","AMPLITUD","LTRENDIDX","M","1992-06",98.98785,
"EA19","BCI","AMPLITUD","LTRENDIDX","M","1992-07",98.77571,
"EA19","BCI","AMPLITUD","LTRENDIDX","M","1992-08",98.50932,
"EA19","BCI","AMPLITUD","LTRENDIDX","M","1992-09",98.181,
"EA19","BCI","AMPLITUD","LTRENDIDX","M","1992-10",97.83129,
"EA19","BCI","AMPLITUD","LTRENDIDX","M","1992-11",97.52801,
"EA19","BCI","AMPLITUD","LTRENDIDX","M","1992-12",97.32941,
"EA19","BCI","AMPLITUD","LTRENDIDX","M","1993-01",97.22587,
"EA19","BCI","AMPLITUD","LTRENDIDX","M","1993-02",97.18879,
"EA19","BCI","AMPLITUD","LTRENDIDX","M","1993-03",97.1619,
"EA19","BCI","AMPLITUD","LTRENDIDX","M","1993-04",97.1358,
"EA19","BCI","AMPLITUD","LTRENDIDX","M","1993-05",97.13737,
"EA19","BCI","AMPLITUD","LTRENDIDX","M","1993-06",97.14373,
"EA19","BCI","AMPLITUD","LTRENDIDX","M","1993-07",97.1928,
"EA19","BCI","AMPLITUD","LTRENDIDX","M","1993-08",97.32714,
"EA19","BCI","AMPLITUD","LTRENDIDX","M","1993-09",97.54482,
"EA19","BCI","AMPLITUD","LTRENDIDX","M","1993-10",97.78979,
"EA19","BCI","AMPLITUD","LTRENDIDX","M","1993-11",98.03355,
"EA19","BCI","AMPLITUD","LTRENDIDX","M","1993-12",98.27951,
"EA19","BCI","AMPLITUD","LTRENDIDX","M","1994-01",98.58112,
"EA19","BCI","AMPLITUD","LTRENDIDX","M","1994-02",98.9082,
"EA19","BCI","AMPLITUD","LTRENDIDX","M","1994-03",99.21939,
"EA19","BCI","AMPLITUD","LTRENDIDX","M","1994-04",99.52168,
"EA19","BCI","AMPLITUD","LTRENDIDX","M","1994-05",99.78366,
"EA19","BCI","AMPLITUD","LTRENDIDX","M","1994-06",100.0323,
"EA19","BCI","AMPLITUD","LTRENDIDX","M","1994-07",100.2905,
"EA19","BCI","AMPLITUD","LTRENDIDX","M","1994-08",100.5529,
"EA19","BCI","AMPLITUD","LTRENDIDX","M","1994-09",100.8395,
"EA19","BCI","AMPLITUD","LTRENDIDX","M","1994-10",101.1077,
"EA19","BCI","AMPLITUD","LTRENDIDX","M","1994-11",101.3027,
"EA19","BCI","AMPLITUD","LTRENDIDX","M","1994-12",101.4255,
"EA19","BCI","AMPLITUD","LTRENDIDX","M","1995-01",101.4505,
"EA19","BCI","AMPLITUD","LTRENDIDX","M","1995-02",101.4024,
"EA19","BCI","AMPLITUD","LTRENDIDX","M","1995-03",101.2682,
"EA19","BCI","AMPLITUD","LTRENDIDX","M","1995-04",101.1083,
"EA19","BCI","AMPLITUD","LTRENDIDX","M","1995-05",100.941,
"EA19","BCI","AMPLITUD","LTRENDIDX","M","1995-06",100.7775,
"EA19","BCI","AMPLITUD","LTRENDIDX","M","1995-07",100.6028,
"EA19","BCI","AMPLITUD","LTRENDIDX","M","1995-08",100.3889,
"EA19","BCI","AMPLITUD","LTRENDIDX","M","1995-09",100.1575,
"EA19","BCI","AMPLITUD","LTRENDIDX","M","1995-10",99.93184,
"EA19","BCI","AMPLITUD","LTRENDIDX","M","1995-11",99.69429,
"EA19","BCI","AMPLITUD","LTRENDIDX","M","1995-12",99.44933,
"EA19","BCI","AMPLITUD","LTRENDIDX","M","1996-01",99.18707,
"EA19","BCI","AMPLITUD","LTRENDIDX","M","1996-02",98.94098,
"EA19","BCI","AMPLITUD","LTRENDIDX","M","1996-03",98.77594,
"EA19","BCI","AMPLITUD","LTRENDIDX","M","1996-04",98.68507,
"EA19","BCI","AMPLITUD","LTRENDIDX","M","1996-05",98.6301,
"EA19","BCI","AMPLITUD","LTRENDIDX","M","1996-06",98.63226,
"EA19","BCI","AMPLITUD","LTRENDIDX","M","1996-07",98.69,
"EA19","BCI","AMPLITUD","LTRENDIDX","M","1996-08",98.78938,
"EA19","BCI","AMPLITUD","LTRENDIDX","M","1996-09",98.90864,
"EA19","BCI","AMPLITUD","LTRENDIDX","M","1996-10",99.01859,
"EA19","BCI","AMPLITUD","LTRENDIDX","M","1996-11",99.10052,
"EA19","BCI","AMPLITUD","LTRENDIDX","M","1996-12",99.22337,
"EA19","BCI","AMPLITUD","LTRENDIDX","M","1997-01",99.4118,
"EA19","BCI","AMPLITUD","LTRENDIDX","M","1997-02",99.5733,
"EA19","BCI","AMPLITUD","LTRENDIDX","M","1997-03",99.70879,
"EA19","BCI","AMPLITUD","LTRENDIDX","M","1997-04",99.85085,
"EA19","BCI","AMPLITUD","LTRENDIDX","M","1997-05",100.0406,
"EA19","BCI","AMPLITUD","LTRENDIDX","M","1997-06",100.2602,
"EA19","BCI","AMPLITUD","LTRENDIDX","M","1997-07",100.4803,
"EA19","BCI","AMPLITUD","LTRENDIDX","M","1997-08",100.665,
"EA19","BCI","AMPLITUD","LTRENDIDX","M","1997-09",100.8008,
"EA19","BCI","AMPLITUD","LTRENDIDX","M","1997-10",100.8615,
"EA19","BCI","AMPLITUD","LTRENDIDX","M","1997-11",100.9223,
"EA19","BCI","AMPLITUD","LTRENDIDX","M","1997-12",100.9989,
"EA19","BCI","AMPLITUD","LTRENDIDX","M","1998-01",101.0617,
"EA19","BCI","AMPLITUD","LTRENDIDX","M","1998-02",101.1087,
"EA19","BCI","AMPLITUD","LTRENDIDX","M","1998-03",101.1527,
"EA19","BCI","AMPLITUD","LTRENDIDX","M","1998-04",101.1494,
"EA19","BCI","AMPLITUD","LTRENDIDX","M","1998-05",101.1154,
"EA19","BCI","AMPLITUD","LTRENDIDX","M","1998-06",101.057,
"EA19","BCI","AMPLITUD","LTRENDIDX","M","1998-07",100.9165,
"EA19","BCI","AMPLITUD","LTRENDIDX","M","1998-08",100.6931,
"EA19","BCI","AMPLITUD","LTRENDIDX","M","1998-09",100.3716,
"EA19","BCI","AMPLITUD","LTRENDIDX","M","1998-10",100.0332,
"EA19","BCI","AMPLITUD","LTRENDIDX","M","1998-11",99.80319,
"EA19","BCI","AMPLITUD","LTRENDIDX","M","1998-12",99.62813,
"EA19","BCI","AMPLITUD","LTRENDIDX","M","1999-01",99.49323,
"EA19","BCI","AMPLITUD","LTRENDIDX","M","1999-02",99.423,
"EA19","BCI","AMPLITUD","LTRENDIDX","M","1999-03",99.4165,
"EA19","BCI","AMPLITUD","LTRENDIDX","M","1999-04",99.45527,
"EA19","BCI","AMPLITUD","LTRENDIDX","M","1999-05",99.53476,
"EA19","BCI","AMPLITUD","LTRENDIDX","M","1999-06",99.66297,
"EA19","BCI","AMPLITUD","LTRENDIDX","M","1999-07",99.81838,
"EA19","BCI","AMPLITUD","LTRENDIDX","M","1999-08",100.0088,
"EA19","BCI","AMPLITUD","LTRENDIDX","M","1999-09",100.2406,
"EA19","BCI","AMPLITUD","LTRENDIDX","M","1999-10",100.4781,
"EA19","BCI","AMPLITUD","LTRENDIDX","M","1999-11",100.6734,
"EA19","BCI","AMPLITUD","LTRENDIDX","M","1999-12",100.8158,
"EA19","BCI","AMPLITUD","LTRENDIDX","M","2000-01",100.9485,
"EA19","BCI","AMPLITUD","LTRENDIDX","M","2000-02",101.1259,
"EA19","BCI","AMPLITUD","LTRENDIDX","M","2000-03",101.2937,
"EA19","BCI","AMPLITUD","LTRENDIDX","M","2000-04",101.423,
"EA19","BCI","AMPLITUD","LTRENDIDX","M","2000-05",101.517,
"EA19","BCI","AMPLITUD","LTRENDIDX","M","2000-06",101.5316,
"EA19","BCI","AMPLITUD","LTRENDIDX","M","2000-07",101.5061,
"EA19","BCI","AMPLITUD","LTRENDIDX","M","2000-08",101.4986,
"EA19","BCI","AMPLITUD","LTRENDIDX","M","2000-09",101.4867,
"EA19","BCI","AMPLITUD","LTRENDIDX","M","2000-10",101.4373,
"EA19","BCI","AMPLITUD","LTRENDIDX","M","2000-11",101.3439,
"EA19","BCI","AMPLITUD","LTRENDIDX","M","2000-12",101.2131,
"EA19","BCI","AMPLITUD","LTRENDIDX","M","2001-01",101.0335,
"EA19","BCI","AMPLITUD","LTRENDIDX","M","2001-02",100.7943,
"EA19","BCI","AMPLITUD","LTRENDIDX","M","2001-03",100.5152,
"EA19","BCI","AMPLITUD","LTRENDIDX","M","2001-04",100.261,
"EA19","BCI","AMPLITUD","LTRENDIDX","M","2001-05",100.0718,
"EA19","BCI","AMPLITUD","LTRENDIDX","M","2001-06",99.88046,
"EA19","BCI","AMPLITUD","LTRENDIDX","M","2001-07",99.66409,
"EA19","BCI","AMPLITUD","LTRENDIDX","M","2001-08",99.37388,
"EA19","BCI","AMPLITUD","LTRENDIDX","M","2001-09",99.02663,
"EA19","BCI","AMPLITUD","LTRENDIDX","M","2001-10",98.77047,
"EA19","BCI","AMPLITUD","LTRENDIDX","M","2001-11",98.69592,
"EA19","BCI","AMPLITUD","LTRENDIDX","M","2001-12",98.80519,
"EA19","BCI","AMPLITUD","LTRENDIDX","M","2002-01",98.98706,
"EA19","BCI","AMPLITUD","LTRENDIDX","M","2002-02",99.21926,
"EA19","BCI","AMPLITUD","LTRENDIDX","M","2002-03",99.4241,
"EA19","BCI","AMPLITUD","LTRENDIDX","M","2002-04",99.56039,
"EA19","BCI","AMPLITUD","LTRENDIDX","M","2002-05",99.61829,
"EA19","BCI","AMPLITUD","LTRENDIDX","M","2002-06",99.55764,
"EA19","BCI","AMPLITUD","LTRENDIDX","M","2002-07",99.47473,
"EA19","BCI","AMPLITUD","LTRENDIDX","M","2002-08",99.46327,
"EA19","BCI","AMPLITUD","LTRENDIDX","M","2002-09",99.53526,
"EA19","BCI","AMPLITUD","LTRENDIDX","M","2002-10",99.595,
"EA19","BCI","AMPLITUD","LTRENDIDX","M","2002-11",99.6041,
"EA19","BCI","AMPLITUD","LTRENDIDX","M","2002-12",99.58401,
"EA19","BCI","AMPLITUD","LTRENDIDX","M","2003-01",99.58202,
"EA19","BCI","AMPLITUD","LTRENDIDX","M","2003-02",99.54173,
"EA19","BCI","AMPLITUD","LTRENDIDX","M","2003-03",99.44218,
"EA19","BCI","AMPLITUD","LTRENDIDX","M","2003-04",99.35061,
"EA19","BCI","AMPLITUD","LTRENDIDX","M","2003-05",99.24769,
"EA19","BCI","AMPLITUD","LTRENDIDX","M","2003-06",99.19388,
"EA19","BCI","AMPLITUD","LTRENDIDX","M","2003-07",99.24532,
"EA19","BCI","AMPLITUD","LTRENDIDX","M","2003-08",99.43279,
"EA19","BCI","AMPLITUD","LTRENDIDX","M","2003-09",99.64796,
"EA19","BCI","AMPLITUD","LTRENDIDX","M","2003-10",99.83002,
"EA19","BCI","AMPLITUD","LTRENDIDX","M","2003-11",99.93749,
"EA19","BCI","AMPLITUD","LTRENDIDX","M","2003-12",99.94086,
"EA19","BCI","AMPLITUD","LTRENDIDX","M","2004-01",99.95197,
"EA19","BCI","AMPLITUD","LTRENDIDX","M","2004-02",99.98375,
"EA19","BCI","AMPLITUD","LTRENDIDX","M","2004-03",100.0638,
"EA19","BCI","AMPLITUD","LTRENDIDX","M","2004-04",100.1902,
"EA19","BCI","AMPLITUD","LTRENDIDX","M","2004-05",100.2886,
"EA19","BCI","AMPLITUD","LTRENDIDX","M","2004-06",100.3607,
"EA19","BCI","AMPLITUD","LTRENDIDX","M","2004-07",100.4104,
"EA19","BCI","AMPLITUD","LTRENDIDX","M","2004-08",100.4588,
"EA19","BCI","AMPLITUD","LTRENDIDX","M","2004-09",100.5074,
"EA19","BCI","AMPLITUD","LTRENDIDX","M","2004-10",100.5269,
"EA19","BCI","AMPLITUD","LTRENDIDX","M","2004-11",100.4837,
"EA19","BCI","AMPLITUD","LTRENDIDX","M","2004-12",100.3948,
"EA19","BCI","AMPLITUD","LTRENDIDX","M","2005-01",100.2589,
"EA19","BCI","AMPLITUD","LTRENDIDX","M","2005-02",100.0706,
"EA19","BCI","AMPLITUD","LTRENDIDX","M","2005-03",99.88133,
"EA19","BCI","AMPLITUD","LTRENDIDX","M","2005-04",99.73816,
"EA19","BCI","AMPLITUD","LTRENDIDX","M","2005-05",99.67384,
"EA19","BCI","AMPLITUD","LTRENDIDX","M","2005-06",99.70014,
"EA19","BCI","AMPLITUD","LTRENDIDX","M","2005-07",99.78494,
"EA19","BCI","AMPLITUD","LTRENDIDX","M","2005-08",99.90075,
"EA19","BCI","AMPLITUD","LTRENDIDX","M","2005-09",100.0272,
"EA19","BCI","AMPLITUD","LTRENDIDX","M","2005-10",100.1349,
"EA19","BCI","AMPLITUD","LTRENDIDX","M","2005-11",100.1964,
"EA19","BCI","AMPLITUD","LTRENDIDX","M","2005-12",100.2903,
"EA19","BCI","AMPLITUD","LTRENDIDX","M","2006-01",100.4275,
"EA19","BCI","AMPLITUD","LTRENDIDX","M","2006-02",100.607,
"EA19","BCI","AMPLITUD","LTRENDIDX","M","2006-03",100.8036,
"EA19","BCI","AMPLITUD","LTRENDIDX","M","2006-04",100.9873,
"EA19","BCI","AMPLITUD","LTRENDIDX","M","2006-05",101.1146,
"EA19","BCI","AMPLITUD","LTRENDIDX","M","2006-06",101.206,
"EA19","BCI","AMPLITUD","LTRENDIDX","M","2006-07",101.2567,
"EA19","BCI","AMPLITUD","LTRENDIDX","M","2006-08",101.2943,
"EA19","BCI","AMPLITUD","LTRENDIDX","M","2006-09",101.3658,
"EA19","BCI","AMPLITUD","LTRENDIDX","M","2006-10",101.4374,
"EA19","BCI","AMPLITUD","LTRENDIDX","M","2006-11",101.498,
"EA19","BCI","AMPLITUD","LTRENDIDX","M","2006-12",101.5247,
"EA19","BCI","AMPLITUD","LTRENDIDX","M","2007-01",101.5346,
"EA19","BCI","AMPLITUD","LTRENDIDX","M","2007-02",101.5703,
"EA19","BCI","AMPLITUD","LTRENDIDX","M","2007-03",101.628,
"EA19","BCI","AMPLITUD","LTRENDIDX","M","2007-04",101.6591,
"EA19","BCI","AMPLITUD","LTRENDIDX","M","2007-05",101.6493,
"EA19","BCI","AMPLITUD","LTRENDIDX","M","2007-06",101.6131,
"EA19","BCI","AMPLITUD","LTRENDIDX","M","2007-07",101.5282,
"EA19","BCI","AMPLITUD","LTRENDIDX","M","2007-08",101.4094,
"EA19","BCI","AMPLITUD","LTRENDIDX","M","2007-09",101.281,
"EA19","BCI","AMPLITUD","LTRENDIDX","M","2007-10",101.184,
"EA19","BCI","AMPLITUD","LTRENDIDX","M","2007-11",101.1414,
"EA19","BCI","AMPLITUD","LTRENDIDX","M","2007-12",101.0817,
"EA19","BCI","AMPLITUD","LTRENDIDX","M","2008-01",101.0053,
"EA19","BCI","AMPLITUD","LTRENDIDX","M","2008-02",100.92,
"EA19","BCI","AMPLITUD","LTRENDIDX","M","2008-03",100.8302,
"EA19","BCI","AMPLITUD","LTRENDIDX","M","2008-04",100.6846,
"EA19","BCI","AMPLITUD","LTRENDIDX","M","2008-05",100.5159,
"EA19","BCI","AMPLITUD","LTRENDIDX","M","2008-06",100.3001,
"EA19","BCI","AMPLITUD","LTRENDIDX","M","2008-07",100.0497,
"EA19","BCI","AMPLITUD","LTRENDIDX","M","2008-08",99.71831,
"EA19","BCI","AMPLITUD","LTRENDIDX","M","2008-09",99.20118,
"EA19","BCI","AMPLITUD","LTRENDIDX","M","2008-10",98.45497,
"EA19","BCI","AMPLITUD","LTRENDIDX","M","2008-11",97.61567,
"EA19","BCI","AMPLITUD","LTRENDIDX","M","2008-12",96.9093,
"EA19","BCI","AMPLITUD","LTRENDIDX","M","2009-01",96.48112,
"EA19","BCI","AMPLITUD","LTRENDIDX","M","2009-02",96.20416,
"EA19","BCI","AMPLITUD","LTRENDIDX","M","2009-03",96.11983,
"EA19","BCI","AMPLITUD","LTRENDIDX","M","2009-04",96.25351,
"EA19","BCI","AMPLITUD","LTRENDIDX","M","2009-05",96.48683,
"EA19","BCI","AMPLITUD","LTRENDIDX","M","2009-06",96.76076,
"EA19","BCI","AMPLITUD","LTRENDIDX","M","2009-07",97.0667,
"EA19","BCI","AMPLITUD","LTRENDIDX","M","2009-08",97.40953,
"EA19","BCI","AMPLITUD","LTRENDIDX","M","2009-09",97.73861,
"EA19","BCI","AMPLITUD","LTRENDIDX","M","2009-10",98.07877,
"EA19","BCI","AMPLITUD","LTRENDIDX","M","2009-11",98.4008,
"EA19","BCI","AMPLITUD","LTRENDIDX","M","2009-12",98.70531,
"EA19","BCI","AMPLITUD","LTRENDIDX","M","2010-01",98.98743,
"EA19","BCI","AMPLITUD","LTRENDIDX","M","2010-02",99.25661,
"EA19","BCI","AMPLITUD","LTRENDIDX","M","2010-03",99.54128,
"EA19","BCI","AMPLITUD","LTRENDIDX","M","2010-04",99.79424,
"EA19","BCI","AMPLITUD","LTRENDIDX","M","2010-05",99.99461,
"EA19","BCI","AMPLITUD","LTRENDIDX","M","2010-06",100.1567,
"EA19","BCI","AMPLITUD","LTRENDIDX","M","2010-07",100.3044,
"EA19","BCI","AMPLITUD","LTRENDIDX","M","2010-08",100.446,
"EA19","BCI","AMPLITUD","LTRENDIDX","M","2010-09",100.6134,
"EA19","BCI","AMPLITUD","LTRENDIDX","M","2010-10",100.8211,
"EA19","BCI","AMPLITUD","LTRENDIDX","M","2010-11",101.0598,
"EA19","BCI","AMPLITUD","LTRENDIDX","M","2010-12",101.314,
"EA19","BCI","AMPLITUD","LTRENDIDX","M","2011-01",101.4853,
"EA19","BCI","AMPLITUD","LTRENDIDX","M","2011-02",101.5619,
"EA19","BCI","AMPLITUD","LTRENDIDX","M","2011-03",101.5346,
"EA19","BCI","AMPLITUD","LTRENDIDX","M","2011-04",101.4202,
"EA19","BCI","AMPLITUD","LTRENDIDX","M","2011-05",101.239,
"EA19","BCI","AMPLITUD","LTRENDIDX","M","2011-06",101.0163,
"EA19","BCI","AMPLITUD","LTRENDIDX","M","2011-07",100.7153,
"EA19","BCI","AMPLITUD","LTRENDIDX","M","2011-08",100.3713,
"EA19","BCI","AMPLITUD","LTRENDIDX","M","2011-09",100.0818,
"EA19","BCI","AMPLITUD","LTRENDIDX","M","2011-10",99.92621,
"EA19","BCI","AMPLITUD","LTRENDIDX","M","2011-11",99.881,
"EA19","BCI","AMPLITUD","LTRENDIDX","M","2011-12",99.91336,
"EA19","BCI","AMPLITUD","LTRENDIDX","M","2012-01",99.97632,
"EA19","BCI","AMPLITUD","LTRENDIDX","M","2012-02",99.98886,
"EA19","BCI","AMPLITUD","LTRENDIDX","M","2012-03",99.8728,
"EA19","BCI","AMPLITUD","LTRENDIDX","M","2012-04",99.67733,
"EA19","BCI","AMPLITUD","LTRENDIDX","M","2012-05",99.44577,
"EA19","BCI","AMPLITUD","LTRENDIDX","M","2012-06",99.2239,
"EA19","BCI","AMPLITUD","LTRENDIDX","M","2012-07",99.01722,
"EA19","BCI","AMPLITUD","LTRENDIDX","M","2012-08",98.86314,
"EA19","BCI","AMPLITUD","LTRENDIDX","M","2012-09",98.75085,
"EA19","BCI","AMPLITUD","LTRENDIDX","M","2012-10",98.7131,
"EA19","BCI","AMPLITUD","LTRENDIDX","M","2012-11",98.83865,
"EA19","BCI","AMPLITUD","LTRENDIDX","M","2012-12",98.99828,
"EA19","BCI","AMPLITUD","LTRENDIDX","M","2013-01",99.1308,
"EA19","BCI","AMPLITUD","LTRENDIDX","M","2013-02",99.22056,
"EA19","BCI","AMPLITUD","LTRENDIDX","M","2013-03",99.20234,
"EA19","BCI","AMPLITUD","LTRENDIDX","M","2013-04",99.15845,
"EA19","BCI","AMPLITUD","LTRENDIDX","M","2013-05",99.19973,
"EA19","BCI","AMPLITUD","LTRENDIDX","M","2013-06",99.33489,
"EA19","BCI","AMPLITUD","LTRENDIDX","M","2013-07",99.51649,
"EA19","BCI","AMPLITUD","LTRENDIDX","M","2013-08",99.74273,
"EA19","BCI","AMPLITUD","LTRENDIDX","M","2013-09",99.95069,
"EA19","BCI","AMPLITUD","LTRENDIDX","M","2013-10",100.1268,
"EA19","BCI","AMPLITUD","LTRENDIDX","M","2013-11",100.2609,
"EA19","BCI","AMPLITUD","LTRENDIDX","M","2013-12",100.3324,
"EA19","BCI","AMPLITUD","LTRENDIDX","M","2014-01",100.3506,
"EA19","BCI","AMPLITUD","LTRENDIDX","M","2014-02",100.3582,
"EA19","BCI","AMPLITUD","LTRENDIDX","M","2014-03",100.3633,
"EA19","BCI","AMPLITUD","LTRENDIDX","M","2014-04",100.3562,
"EA19","BCI","AMPLITUD","LTRENDIDX","M","2014-05",100.3299,
"EA19","BCI","AMPLITUD","LTRENDIDX","M","2014-06",100.2743,
"EA19","BCI","AMPLITUD","LTRENDIDX","M","2014-07",100.2279,
"EA19","BCI","AMPLITUD","LTRENDIDX","M","2014-08",100.1705,
"EA19","BCI","AMPLITUD","LTRENDIDX","M","2014-09",100.1451,
"EA19","BCI","AMPLITUD","LTRENDIDX","M","2014-10",100.153,
"EA19","BCI","AMPLITUD","LTRENDIDX","M","2014-11",100.1665,
"EA19","BCI","AMPLITUD","LTRENDIDX","M","2014-12",100.1585,
"EA19","BCI","AMPLITUD","LTRENDIDX","M","2015-01",100.1767,
"EA19","BCI","AMPLITUD","LTRENDIDX","M","2015-02",100.2264,
"EA19","BCI","AMPLITUD","LTRENDIDX","M","2015-03",100.3023,
"EA19","BCI","AMPLITUD","LTRENDIDX","M","2015-04",100.3392,
"EA19","BCI","AMPLITUD","LTRENDIDX","M","2015-05",100.3475,
"EA19","BCI","AMPLITUD","LTRENDIDX","M","2015-06",100.3391,
"EA19","BCI","AMPLITUD","LTRENDIDX","M","2015-07",100.3442,
"EA19","BCI","AMPLITUD","LTRENDIDX","M","2015-08",100.3571,
"EA19","BCI","AMPLITUD","LTRENDIDX","M","2015-09",100.4062,
"EA19","BCI","AMPLITUD","LTRENDIDX","M","2015-10",100.4287,
"EA19","BCI","AMPLITUD","LTRENDIDX","M","2015-11",100.4088,
"EA19","BCI","AMPLITUD","LTRENDIDX","M","2015-12",100.3922,
"EA19","BCI","AMPLITUD","LTRENDIDX","M","2016-01",100.3315,
"EA19","BCI","AMPLITUD","LTRENDIDX","M","2016-02",100.2654,
"EA19","BCI","AMPLITUD","LTRENDIDX","M","2016-03",100.2414,
"EA19","BCI","AMPLITUD","LTRENDIDX","M","2016-04",100.2581,
"EA19","BCI","AMPLITUD","LTRENDIDX","M","2016-05",100.2885,
"EA19","BCI","AMPLITUD","LTRENDIDX","M","2016-06",100.3259,
"EA19","BCI","AMPLITUD","LTRENDIDX","M","2016-07",100.341,
"EA19","BCI","AMPLITUD","LTRENDIDX","M","2016-08",100.3568,
"EA19","BCI","AMPLITUD","LTRENDIDX","M","2016-09",100.4583,
"EA19","BCI","AMPLITUD","LTRENDIDX","M","2016-10",100.5651,
"EA19","BCI","AMPLITUD","LTRENDIDX","M","2016-11",100.6411,
"EA19","BCI","AMPLITUD","LTRENDIDX","M","2016-12",100.7254,
"EA19","BCI","AMPLITUD","LTRENDIDX","M","2017-01",100.8059,
"EA19","BCI","AMPLITUD","LTRENDIDX","M","2017-02",100.8726,
"EA19","BCI","AMPLITUD","LTRENDIDX","M","2017-03",100.9365,
"EA19","BCI","AMPLITUD","LTRENDIDX","M","2017-04",101.0254,
"EA19","BCI","AMPLITUD","LTRENDIDX","M","2017-05",101.1202,
"EA19","BCI","AMPLITUD","LTRENDIDX","M","2017-06",101.2281,
"EA19","BCI","AMPLITUD","LTRENDIDX","M","2017-07",101.3122,
"CAN","BCI","AMPLITUD","LTRENDIDX","M","1998-07",98.96664,
"CAN","BCI","AMPLITUD","LTRENDIDX","M","1998-08",99.09949,
"CAN","BCI","AMPLITUD","LTRENDIDX","M","1998-09",99.23103,
"CAN","BCI","AMPLITUD","LTRENDIDX","M","1998-10",99.3578,
"CAN","BCI","AMPLITUD","LTRENDIDX","M","1998-11",99.47463,
"CAN","BCI","AMPLITUD","LTRENDIDX","M","1998-12",99.57983,
"CAN","BCI","AMPLITUD","LTRENDIDX","M","1999-01",99.67147,
"CAN","BCI","AMPLITUD","LTRENDIDX","M","1999-02",99.75536,
"CAN","BCI","AMPLITUD","LTRENDIDX","M","1999-03",99.86646,
"CAN","BCI","AMPLITUD","LTRENDIDX","M","1999-04",100.0605,
"CAN","BCI","AMPLITUD","LTRENDIDX","M","1999-05",100.3782,
"CAN","BCI","AMPLITUD","LTRENDIDX","M","1999-06",100.7268,
"CAN","BCI","AMPLITUD","LTRENDIDX","M","1999-07",100.9769,
"CAN","BCI","AMPLITUD","LTRENDIDX","M","1999-08",101.0289,
"CAN","BCI","AMPLITUD","LTRENDIDX","M","1999-09",100.9773,
"CAN","BCI","AMPLITUD","LTRENDIDX","M","1999-10",100.9464,
"CAN","BCI","AMPLITUD","LTRENDIDX","M","1999-11",101.0277,
"CAN","BCI","AMPLITUD","LTRENDIDX","M","1999-12",101.1987,
"CAN","BCI","AMPLITUD","LTRENDIDX","M","2000-01",101.4294,
"CAN","BCI","AMPLITUD","LTRENDIDX","M","2000-02",101.7003,
"CAN","BCI","AMPLITUD","LTRENDIDX","M","2000-03",101.9599,
"CAN","BCI","AMPLITUD","LTRENDIDX","M","2000-04",102.137,
"CAN","BCI","AMPLITUD","LTRENDIDX","M","2000-05",102.1633,
"CAN","BCI","AMPLITUD","LTRENDIDX","M","2000-06",102.0798,
"CAN","BCI","AMPLITUD","LTRENDIDX","M","2000-07",101.9161,
"CAN","BCI","AMPLITUD","LTRENDIDX","M","2000-08",101.679,
"CAN","BCI","AMPLITUD","LTRENDIDX","M","2000-09",101.4228,
"CAN","BCI","AMPLITUD","LTRENDIDX","M","2000-10",101.2032,
"CAN","BCI","AMPLITUD","LTRENDIDX","M","2000-11",101.0502,
"CAN","BCI","AMPLITUD","LTRENDIDX","M","2000-12",100.9059,
"CAN","BCI","AMPLITUD","LTRENDIDX","M","2001-01",100.6823,
"CAN","BCI","AMPLITUD","LTRENDIDX","M","2001-02",100.3119,
"CAN","BCI","AMPLITUD","LTRENDIDX","M","2001-03",99.87671,
"CAN","BCI","AMPLITUD","LTRENDIDX","M","2001-04",99.48863,
"CAN","BCI","AMPLITUD","LTRENDIDX","M","2001-05",99.23433,
"CAN","BCI","AMPLITUD","LTRENDIDX","M","2001-06",99.07311,
"CAN","BCI","AMPLITUD","LTRENDIDX","M","2001-07",98.9593,
"CAN","BCI","AMPLITUD","LTRENDIDX","M","2001-08",98.8714,
"CAN","BCI","AMPLITUD","LTRENDIDX","M","2001-09",98.79398,
"CAN","BCI","AMPLITUD","LTRENDIDX","M","2001-10",98.73015,
"CAN","BCI","AMPLITUD","LTRENDIDX","M","2001-11",98.70351,
"CAN","BCI","AMPLITUD","LTRENDIDX","M","2001-12",98.74664,
"CAN","BCI","AMPLITUD","LTRENDIDX","M","2002-01",98.9277,
"CAN","BCI","AMPLITUD","LTRENDIDX","M","2002-02",99.30729,
"CAN","BCI","AMPLITUD","LTRENDIDX","M","2002-03",99.75742,
"CAN","BCI","AMPLITUD","LTRENDIDX","M","2002-04",100.1098,
"CAN","BCI","AMPLITUD","LTRENDIDX","M","2002-05",100.2338,
"CAN","BCI","AMPLITUD","LTRENDIDX","M","2002-06",100.2115,
"CAN","BCI","AMPLITUD","LTRENDIDX","M","2002-07",100.1391,
"CAN","BCI","AMPLITUD","LTRENDIDX","M","2002-08",100.0729,
"CAN","BCI","AMPLITUD","LTRENDIDX","M","2002-09",100.0271,
"CAN","BCI","AMPLITUD","LTRENDIDX","M","2002-10",100.0017,
"CAN","BCI","AMPLITUD","LTRENDIDX","M","2002-11",99.99081,
"CAN","BCI","AMPLITUD","LTRENDIDX","M","2002-12",99.97041,
"CAN","BCI","AMPLITUD","LTRENDIDX","M","2003-01",99.90912,
"CAN","BCI","AMPLITUD","LTRENDIDX","M","2003-02",99.78862,
"CAN","BCI","AMPLITUD","LTRENDIDX","M","2003-03",99.66498,
"CAN","BCI","AMPLITUD","LTRENDIDX","M","2003-04",99.61943,
"CAN","BCI","AMPLITUD","LTRENDIDX","M","2003-05",99.71233,
"CAN","BCI","AMPLITUD","LTRENDIDX","M","2003-06",99.85901,
"CAN","BCI","AMPLITUD","LTRENDIDX","M","2003-07",99.94427,
"CAN","BCI","AMPLITUD","LTRENDIDX","M","2003-08",99.88316,
"CAN","BCI","AMPLITUD","LTRENDIDX","M","2003-09",99.74303,
"CAN","BCI","AMPLITUD","LTRENDIDX","M","2003-10",99.6161,
"CAN","BCI","AMPLITUD","LTRENDIDX","M","2003-11",99.57114,
"CAN","BCI","AMPLITUD","LTRENDIDX","M","2003-12",99.59175,
"CAN","BCI","AMPLITUD","LTRENDIDX","M","2004-01",99.65913,
"CAN","BCI","AMPLITUD","LTRENDIDX","M","2004-02",99.76909,
"CAN","BCI","AMPLITUD","LTRENDIDX","M","2004-03",99.90241,
"CAN","BCI","AMPLITUD","LTRENDIDX","M","2004-04",100.0469,
"CAN","BCI","AMPLITUD","LTRENDIDX","M","2004-05",100.1959,
"CAN","BCI","AMPLITUD","LTRENDIDX","M","2004-06",100.3362,
"CAN","BCI","AMPLITUD","LTRENDIDX","M","2004-07",100.4491,
"CAN","BCI","AMPLITUD","LTRENDIDX","M","2004-08",100.5217,
"CAN","BCI","AMPLITUD","LTRENDIDX","M","2004-09",100.5847,
"CAN","BCI","AMPLITUD","LTRENDIDX","M","2004-10",100.6771,
"CAN","BCI","AMPLITUD","LTRENDIDX","M","2004-11",100.8212,
"CAN","BCI","AMPLITUD","LTRENDIDX","M","2004-12",100.9679,
"CAN","BCI","AMPLITUD","LTRENDIDX","M","2005-01",101.0414,
"CAN","BCI","AMPLITUD","LTRENDIDX","M","2005-02",100.9804,
"CAN","BCI","AMPLITUD","LTRENDIDX","M","2005-03",100.8538,
"CAN","BCI","AMPLITUD","LTRENDIDX","M","2005-04",100.7514,
"CAN","BCI","AMPLITUD","LTRENDIDX","M","2005-05",100.7414,
"CAN","BCI","AMPLITUD","LTRENDIDX","M","2005-06",100.8029,
"CAN","BCI","AMPLITUD","LTRENDIDX","M","2005-07",100.9108,
"CAN","BCI","AMPLITUD","LTRENDIDX","M","2005-08",101.0506,
"CAN","BCI","AMPLITUD","LTRENDIDX","M","2005-09",101.1854,
"CAN","BCI","AMPLITUD","LTRENDIDX","M","2005-10",101.267,
"CAN","BCI","AMPLITUD","LTRENDIDX","M","2005-11",101.252,
"CAN","BCI","AMPLITUD","LTRENDIDX","M","2005-12",101.171,
"CAN","BCI","AMPLITUD","LTRENDIDX","M","2006-01",101.0491,
"CAN","BCI","AMPLITUD","LTRENDIDX","M","2006-02",100.8931,
"CAN","BCI","AMPLITUD","LTRENDIDX","M","2006-03",100.7188,
"CAN","BCI","AMPLITUD","LTRENDIDX","M","2006-04",100.5375,
"CAN","BCI","AMPLITUD","LTRENDIDX","M","2006-05",100.3603,
"CAN","BCI","AMPLITUD","LTRENDIDX","M","2006-06",100.2099,
"CAN","BCI","AMPLITUD","LTRENDIDX","M","2006-07",100.1284,
"CAN","BCI","AMPLITUD","LTRENDIDX","M","2006-08",100.1575,
"CAN","BCI","AMPLITUD","LTRENDIDX","M","2006-09",100.2505,
"CAN","BCI","AMPLITUD","LTRENDIDX","M","2006-10",100.3565,
"CAN","BCI","AMPLITUD","LTRENDIDX","M","2006-11",100.4405,
"CAN","BCI","AMPLITUD","LTRENDIDX","M","2006-12",100.4902,
"CAN","BCI","AMPLITUD","LTRENDIDX","M","2007-01",100.4888,
"CAN","BCI","AMPLITUD","LTRENDIDX","M","2007-02",100.4219,
"CAN","BCI","AMPLITUD","LTRENDIDX","M","2007-03",100.3353,
"CAN","BCI","AMPLITUD","LTRENDIDX","M","2007-04",100.2891,
"CAN","BCI","AMPLITUD","LTRENDIDX","M","2007-05",100.3308,
"CAN","BCI","AMPLITUD","LTRENDIDX","M","2007-06",100.4286,
"CAN","BCI","AMPLITUD","LTRENDIDX","M","2007-07",100.5427,
"CAN","BCI","AMPLITUD","LTRENDIDX","M","2007-08",100.6408,
"CAN","BCI","AMPLITUD","LTRENDIDX","M","2007-09",100.6969,
"CAN","BCI","AMPLITUD","LTRENDIDX","M","2007-10",100.669,
"CAN","BCI","AMPLITUD","LTRENDIDX","M","2007-11",100.5179,
"CAN","BCI","AMPLITUD","LTRENDIDX","M","2007-12",100.3108,
"CAN","BCI","AMPLITUD","LTRENDIDX","M","2008-01",100.1271,
"CAN","BCI","AMPLITUD","LTRENDIDX","M","2008-02",100.0209,
"CAN","BCI","AMPLITUD","LTRENDIDX","M","2008-03",99.95909,
"CAN","BCI","AMPLITUD","LTRENDIDX","M","2008-04",99.88982,
"CAN","BCI","AMPLITUD","LTRENDIDX","M","2008-05",99.76691,
"CAN","BCI","AMPLITUD","LTRENDIDX","M","2008-06",99.58127,
"CAN","BCI","AMPLITUD","LTRENDIDX","M","2008-07",99.31412,
"CAN","BCI","AMPLITUD","LTRENDIDX","M","2008-08",98.95294,
"CAN","BCI","AMPLITUD","LTRENDIDX","M","2008-09",98.58897,
"CAN","BCI","AMPLITUD","LTRENDIDX","M","2008-10",98.3447,
"CAN","BCI","AMPLITUD","LTRENDIDX","M","2008-11",98.30418,
"CAN","BCI","AMPLITUD","LTRENDIDX","M","2008-12",98.32368,
"CAN","BCI","AMPLITUD","LTRENDIDX","M","2009-01",98.20412,
"CAN","BCI","AMPLITUD","LTRENDIDX","M","2009-02",97.80367,
"CAN","BCI","AMPLITUD","LTRENDIDX","M","2009-03",97.28917,
"CAN","BCI","AMPLITUD","LTRENDIDX","M","2009-04",96.89561,
"CAN","BCI","AMPLITUD","LTRENDIDX","M","2009-05",96.79952,
"CAN","BCI","AMPLITUD","LTRENDIDX","M","2009-06",96.87157,
"CAN","BCI","AMPLITUD","LTRENDIDX","M","2009-07",96.94224,
"CAN","BCI","AMPLITUD","LTRENDIDX","M","2009-08",96.89955,
"CAN","BCI","AMPLITUD","LTRENDIDX","M","2009-09",96.78804,
"CAN","BCI","AMPLITUD","LTRENDIDX","M","2009-10",96.70063,
"CAN","BCI","AMPLITUD","LTRENDIDX","M","2009-11",96.73928,
"CAN","BCI","AMPLITUD","LTRENDIDX","M","2009-12",96.95159,
"CAN","BCI","AMPLITUD","LTRENDIDX","M","2010-01",97.44298,
"CAN","BCI","AMPLITUD","LTRENDIDX","M","2010-02",98.31518,
"CAN","BCI","AMPLITUD","LTRENDIDX","M","2010-03",99.32572,
"CAN","BCI","AMPLITUD","LTRENDIDX","M","2010-04",100.1659,
"CAN","BCI","AMPLITUD","LTRENDIDX","M","2010-05",100.6001,
"CAN","BCI","AMPLITUD","LTRENDIDX","M","2010-06",100.7762,
"CAN","BCI","AMPLITUD","LTRENDIDX","M","2010-07",100.8664,
"CAN","BCI","AMPLITUD","LTRENDIDX","M","2010-08",100.9665,
"CAN","BCI","AMPLITUD","LTRENDIDX","M","2010-09",101.0814,
"CAN","BCI","AMPLITUD","LTRENDIDX","M","2010-10",101.1756,
"CAN","BCI","AMPLITUD","LTRENDIDX","M","2010-11",101.2095,
"CAN","BCI","AMPLITUD","LTRENDIDX","M","2010-12",101.1954,
"CAN","BCI","AMPLITUD","LTRENDIDX","M","2011-01",101.1457,
"CAN","BCI","AMPLITUD","LTRENDIDX","M","2011-02",101.0669,
"CAN","BCI","AMPLITUD","LTRENDIDX","M","2011-03",100.9915,
"CAN","BCI","AMPLITUD","LTRENDIDX","M","2011-04",100.9623,
"CAN","BCI","AMPLITUD","LTRENDIDX","M","2011-05",101.0129,
"CAN","BCI","AMPLITUD","LTRENDIDX","M","2011-06",101.1035,
"CAN","BCI","AMPLITUD","LTRENDIDX","M","2011-07",101.1827,
"CAN","BCI","AMPLITUD","LTRENDIDX","M","2011-08",101.2106,
"CAN","BCI","AMPLITUD","LTRENDIDX","M","2011-09",101.1924,
"CAN","BCI","AMPLITUD","LTRENDIDX","M","2011-10",101.1317,
"CAN","BCI","AMPLITUD","LTRENDIDX","M","2011-11",101.0298,
"CAN","BCI","AMPLITUD","LTRENDIDX","M","2011-12",100.9279,
"CAN","BCI","AMPLITUD","LTRENDIDX","M","2012-01",100.8764,
"CAN","BCI","AMPLITUD","LTRENDIDX","M","2012-02",100.9052,
"CAN","BCI","AMPLITUD","LTRENDIDX","M","2012-03",100.9434,
"CAN","BCI","AMPLITUD","LTRENDIDX","M","2012-04",100.8844,
"CAN","BCI","AMPLITUD","LTRENDIDX","M","2012-05",100.6422,
"CAN","BCI","AMPLITUD","LTRENDIDX","M","2012-06",100.3044,
"CAN","BCI","AMPLITUD","LTRENDIDX","M","2012-07",99.97884,
"CAN","BCI","AMPLITUD","LTRENDIDX","M","2012-08",99.73505,
"CAN","BCI","AMPLITUD","LTRENDIDX","M","2012-09",99.53417,
"CAN","BCI","AMPLITUD","LTRENDIDX","M","2012-10",99.32182,
"CAN","BCI","AMPLITUD","LTRENDIDX","M","2012-11",99.07809,
"CAN","BCI","AMPLITUD","LTRENDIDX","M","2012-12",98.87916,
"CAN","BCI","AMPLITUD","LTRENDIDX","M","2013-01",98.8581,
"CAN","BCI","AMPLITUD","LTRENDIDX","M","2013-02",99.12109,
"CAN","BCI","AMPLITUD","LTRENDIDX","M","2013-03",99.48558,
"CAN","BCI","AMPLITUD","LTRENDIDX","M","2013-04",99.70758,
"CAN","BCI","AMPLITUD","LTRENDIDX","M","2013-05",99.60734,
"CAN","BCI","AMPLITUD","LTRENDIDX","M","2013-06",99.33755,
"CAN","BCI","AMPLITUD","LTRENDIDX","M","2013-07",99.10658,
"CAN","BCI","AMPLITUD","LTRENDIDX","M","2013-08",99.07106,
"CAN","BCI","AMPLITUD","LTRENDIDX","M","2013-09",99.18984,
"CAN","BCI","AMPLITUD","LTRENDIDX","M","2013-10",99.41032,
"CAN","BCI","AMPLITUD","LTRENDIDX","M","2013-11",99.70051,
"CAN","BCI","AMPLITUD","LTRENDIDX","M","2013-12",99.9794,
"CAN","BCI","AMPLITUD","LTRENDIDX","M","2014-01",100.1473,
"CAN","BCI","AMPLITUD","LTRENDIDX","M","2014-02",100.1274,
"CAN","BCI","AMPLITUD","LTRENDIDX","M","2014-03",100.0185,
"CAN","BCI","AMPLITUD","LTRENDIDX","M","2014-04",99.94521,
"CAN","BCI","AMPLITUD","LTRENDIDX","M","2014-05",99.99704,
"CAN","BCI","AMPLITUD","LTRENDIDX","M","2014-06",100.1322,
"CAN","BCI","AMPLITUD","LTRENDIDX","M","2014-07",100.2952,
"CAN","BCI","AMPLITUD","LTRENDIDX","M","2014-08",100.4516,
"CAN","BCI","AMPLITUD","LTRENDIDX","M","2014-09",100.5948,
"CAN","BCI","AMPLITUD","LTRENDIDX","M","2014-10",100.7212,
"CAN","BCI","AMPLITUD","LTRENDIDX","M","2014-11",100.8194,
"CAN","BCI","AMPLITUD","LTRENDIDX","M","2014-12",100.8754,
"CAN","BCI","AMPLITUD","LTRENDIDX","M","2015-01",100.8504,
"CAN","BCI","AMPLITUD","LTRENDIDX","M","2015-02",100.6995,
"CAN","BCI","AMPLITUD","LTRENDIDX","M","2015-03",100.4727,
"CAN","BCI","AMPLITUD","LTRENDIDX","M","2015-04",100.2203,
"CAN","BCI","AMPLITUD","LTRENDIDX","M","2015-05",99.9751,
"CAN","BCI","AMPLITUD","LTRENDIDX","M","2015-06",99.75895,
"CAN","BCI","AMPLITUD","LTRENDIDX","M","2015-07",99.60227,
"CAN","BCI","AMPLITUD","LTRENDIDX","M","2015-08",99.53371,
"CAN","BCI","AMPLITUD","LTRENDIDX","M","2015-09",99.51066,
"CAN","BCI","AMPLITUD","LTRENDIDX","M","2015-10",99.48772,
"CAN","BCI","AMPLITUD","LTRENDIDX","M","2015-11",99.43985,
"CAN","BCI","AMPLITUD","LTRENDIDX","M","2015-12",99.38525,
"CAN","BCI","AMPLITUD","LTRENDIDX","M","2016-01",99.35781,
"CAN","BCI","AMPLITUD","LTRENDIDX","M","2016-02",99.38635,
"CAN","BCI","AMPLITUD","LTRENDIDX","M","2016-03",99.44659,
"CAN","BCI","AMPLITUD","LTRENDIDX","M","2016-04",99.50803,
"CAN","BCI","AMPLITUD","LTRENDIDX","M","2016-05",99.54913,
"CAN","BCI","AMPLITUD","LTRENDIDX","M","2016-06",99.57133,
"CAN","BCI","AMPLITUD","LTRENDIDX","M","2016-07",99.57671,
"CAN","BCI","AMPLITUD","LTRENDIDX","M","2016-08",99.56477,
"CAN","BCI","AMPLITUD","LTRENDIDX","M","2016-09",99.54581,
"CAN","BCI","AMPLITUD","LTRENDIDX","M","2016-10",99.53403,
"CAN","BCI","AMPLITUD","LTRENDIDX","M","2016-11",99.54768,
"CAN","BCI","AMPLITUD","LTRENDIDX","M","2016-12",99.60196,
"CAN","BCI","AMPLITUD","LTRENDIDX","M","2017-01",99.73305,
"CAN","BCI","AMPLITUD","LTRENDIDX","M","2017-02",99.98156,
"CAN","BCI","AMPLITUD","LTRENDIDX","M","2017-03",100.2992,
"CAN","BCI","AMPLITUD","LTRENDIDX","M","2017-04",100.6395,
"ISR","BCI","AMPLITUD","LTRENDIDX","M","1983-11",101.2234,
"ISR","BCI","AMPLITUD","LTRENDIDX","M","1983-12",100.915,
"ISR","BCI","AMPLITUD","LTRENDIDX","M","1984-01",100.6027,
"ISR","BCI","AMPLITUD","LTRENDIDX","M","1984-02",100.2857,
"ISR","BCI","AMPLITUD","LTRENDIDX","M","1984-03",99.97769,
"ISR","BCI","AMPLITUD","LTRENDIDX","M","1984-04",99.72238,
"ISR","BCI","AMPLITUD","LTRENDIDX","M","1984-05",99.60168,
"ISR","BCI","AMPLITUD","LTRENDIDX","M","1984-06",99.69096,
"ISR","BCI","AMPLITUD","LTRENDIDX","M","1984-07",99.87983,
"ISR","BCI","AMPLITUD","LTRENDIDX","M","1984-08",100.0304,
"ISR","BCI","AMPLITUD","LTRENDIDX","M","1984-09",100.0357,
"ISR","BCI","AMPLITUD","LTRENDIDX","M","1984-10",99.91692,
"ISR","BCI","AMPLITUD","LTRENDIDX","M","1984-11",99.69611,
"ISR","BCI","AMPLITUD","LTRENDIDX","M","1984-12",99.39286,
"ISR","BCI","AMPLITUD","LTRENDIDX","M","1985-01",99.1233,
"ISR","BCI","AMPLITUD","LTRENDIDX","M","1985-02",99.04536,
"ISR","BCI","AMPLITUD","LTRENDIDX","M","1985-03",99.27052,
"ISR","BCI","AMPLITUD","LTRENDIDX","M","1985-04",99.58372,
"ISR","BCI","AMPLITUD","LTRENDIDX","M","1985-05",99.68658,
"ISR","BCI","AMPLITUD","LTRENDIDX","M","1985-06",99.35251,
"ISR","BCI","AMPLITUD","LTRENDIDX","M","1985-07",98.79221,
"ISR","BCI","AMPLITUD","LTRENDIDX","M","1985-08",98.29367,
"ISR","BCI","AMPLITUD","LTRENDIDX","M","1985-09",98.08858,
"ISR","BCI","AMPLITUD","LTRENDIDX","M","1985-10",98.15678,
"ISR","BCI","AMPLITUD","LTRENDIDX","M","1985-11",98.50336,
"ISR","BCI","AMPLITUD","LTRENDIDX","M","1985-12",99.16222,
"ISR","BCI","AMPLITUD","LTRENDIDX","M","1986-01",99.92142,
"ISR","BCI","AMPLITUD","LTRENDIDX","M","1986-02",100.5288,
"ISR","BCI","AMPLITUD","LTRENDIDX","M","1986-03",100.7973,
"ISR","BCI","AMPLITUD","LTRENDIDX","M","1986-04",100.8617,
"ISR","BCI","AMPLITUD","LTRENDIDX","M","1986-05",100.8842,
"ISR","BCI","AMPLITUD","LTRENDIDX","M","1986-06",100.963,
"ISR","BCI","AMPLITUD","LTRENDIDX","M","1986-07",101.0844,
"ISR","BCI","AMPLITUD","LTRENDIDX","M","1986-08",101.1997,
"ISR","BCI","AMPLITUD","LTRENDIDX","M","1986-09",101.2614,
"ISR","BCI","AMPLITUD","LTRENDIDX","M","1986-10",101.2644,
"ISR","BCI","AMPLITUD","LTRENDIDX","M","1986-11",101.1933,
"ISR","BCI","AMPLITUD","LTRENDIDX","M","1986-12",101.0287,
"ISR","BCI","AMPLITUD","LTRENDIDX","M","1987-01",100.8277,
"ISR","BCI","AMPLITUD","LTRENDIDX","M","1987-02",100.658,
"ISR","BCI","AMPLITUD","LTRENDIDX","M","1987-03",100.5702,
"ISR","BCI","AMPLITUD","LTRENDIDX","M","1987-04",100.5375,
"ISR","BCI","AMPLITUD","LTRENDIDX","M","1987-05",100.528,
"ISR","BCI","AMPLITUD","LTRENDIDX","M","1987-06",100.523,
"ISR","BCI","AMPLITUD","LTRENDIDX","M","1987-07",100.5109,
"ISR","BCI","AMPLITUD","LTRENDIDX","M","1987-08",100.4815,
"ISR","BCI","AMPLITUD","LTRENDIDX","M","1987-09",100.4287,
"ISR","BCI","AMPLITUD","LTRENDIDX","M","1987-10",100.3687,
"ISR","BCI","AMPLITUD","LTRENDIDX","M","1987-11",100.3212,
"ISR","BCI","AMPLITUD","LTRENDIDX","M","1987-12",100.2969,
"ISR","BCI","AMPLITUD","LTRENDIDX","M","1988-01",100.2731,
"ISR","BCI","AMPLITUD","LTRENDIDX","M","1988-02",100.2129,
"ISR","BCI","AMPLITUD","LTRENDIDX","M","1988-03",100.0842,
"ISR","BCI","AMPLITUD","LTRENDIDX","M","1988-04",99.91513,
"ISR","BCI","AMPLITUD","LTRENDIDX","M","1988-05",99.73626,
"ISR","BCI","AMPLITUD","LTRENDIDX","M","1988-06",99.56292,
"ISR","BCI","AMPLITUD","LTRENDIDX","M","1988-07",99.38766,
"ISR","BCI","AMPLITUD","LTRENDIDX","M","1988-08",99.19157,
"ISR","BCI","AMPLITUD","LTRENDIDX","M","1988-09",98.95759,
"ISR","BCI","AMPLITUD","LTRENDIDX","M","1988-10",98.70464,
"ISR","BCI","AMPLITUD","LTRENDIDX","M","1988-11",98.46375,
"ISR","BCI","AMPLITUD","LTRENDIDX","M","1988-12",98.27321,
"ISR","BCI","AMPLITUD","LTRENDIDX","M","1989-01",98.16163,
"ISR","BCI","AMPLITUD","LTRENDIDX","M","1989-02",98.18958,
"ISR","BCI","AMPLITUD","LTRENDIDX","M","1989-03",98.41223,
"ISR","BCI","AMPLITUD","LTRENDIDX","M","1989-04",98.70243,
"ISR","BCI","AMPLITUD","LTRENDIDX","M","1989-05",98.90211,
"ISR","BCI","AMPLITUD","LTRENDIDX","M","1989-06",98.90601,
"ISR","BCI","AMPLITUD","LTRENDIDX","M","1989-07",98.83608,
"ISR","BCI","AMPLITUD","LTRENDIDX","M","1989-08",98.86911,
"ISR","BCI","AMPLITUD","LTRENDIDX","M","1989-09",99.13842,
"ISR","BCI","AMPLITUD","LTRENDIDX","M","1989-10",99.53246,
"ISR","BCI","AMPLITUD","LTRENDIDX","M","1989-11",99.89959,
"ISR","BCI","AMPLITUD","LTRENDIDX","M","1989-12",100.1281,
"ISR","BCI","AMPLITUD","LTRENDIDX","M","1990-01",100.2532,
"ISR","BCI","AMPLITUD","LTRENDIDX","M","1990-02",100.3215,
"ISR","BCI","AMPLITUD","LTRENDIDX","M","1990-03",100.3594,
"ISR","BCI","AMPLITUD","LTRENDIDX","M","1990-04",100.3973,
"ISR","BCI","AMPLITUD","LTRENDIDX","M","1990-05",100.4629,
"ISR","BCI","AMPLITUD","LTRENDIDX","M","1990-06",100.5734,
"ISR","BCI","AMPLITUD","LTRENDIDX","M","1990-07",100.7012,
"ISR","BCI","AMPLITUD","LTRENDIDX","M","1990-08",100.808,
"ISR","BCI","AMPLITUD","LTRENDIDX","M","1990-09",100.8627,
"ISR","BCI","AMPLITUD","LTRENDIDX","M","1990-10",100.8797,
"ISR","BCI","AMPLITUD","LTRENDIDX","M","1990-11",100.8669,
"ISR","BCI","AMPLITUD","LTRENDIDX","M","1990-12",100.8097,
"ISR","BCI","AMPLITUD","LTRENDIDX","M","1991-01",100.6871,
"ISR","BCI","AMPLITUD","LTRENDIDX","M","1991-02",100.4614,
"ISR","BCI","AMPLITUD","LTRENDIDX","M","1991-03",100.1345,
"ISR","BCI","AMPLITUD","LTRENDIDX","M","1991-04",99.90652,
"ISR","BCI","AMPLITUD","LTRENDIDX","M","1991-05",100.0908,
"ISR","BCI","AMPLITUD","LTRENDIDX","M","1991-06",100.9295,
"ISR","BCI","AMPLITUD","LTRENDIDX","M","1991-07",101.997,
"ISR","BCI","AMPLITUD","LTRENDIDX","M","1991-08",102.7133,
"ISR","BCI","AMPLITUD","LTRENDIDX","M","1991-09",102.6273,
"ISR","BCI","AMPLITUD","LTRENDIDX","M","1991-10",102.0528,
"ISR","BCI","AMPLITUD","LTRENDIDX","M","1991-11",101.3766,
"ISR","BCI","AMPLITUD","LTRENDIDX","M","1991-12",100.8559,
"ISR","BCI","AMPLITUD","LTRENDIDX","M","1992-01",100.5167,
"ISR","BCI","AMPLITUD","LTRENDIDX","M","1992-02",100.3712,
"ISR","BCI","AMPLITUD","LTRENDIDX","M","1992-03",100.4526,
"ISR","BCI","AMPLITUD","LTRENDIDX","M","1992-04",100.6568,
"ISR","BCI","AMPLITUD","LTRENDIDX","M","1992-05",100.8932,
"ISR","BCI","AMPLITUD","LTRENDIDX","M","1992-06",101.1123,
"ISR","BCI","AMPLITUD","LTRENDIDX","M","1992-07",101.3016,
"ISR","BCI","AMPLITUD","LTRENDIDX","M","1992-08",101.4489,
"ISR","BCI","AMPLITUD","LTRENDIDX","M","1992-09",101.5356,
"ISR","BCI","AMPLITUD","LTRENDIDX","M","1992-10",101.572,
"ISR","BCI","AMPLITUD","LTRENDIDX","M","1992-11",101.5545,
"ISR","BCI","AMPLITUD","LTRENDIDX","M","1992-12",101.4737,
"ISR","BCI","AMPLITUD","LTRENDIDX","M","1993-01",101.375,
"ISR","BCI","AMPLITUD","LTRENDIDX","M","1993-02",101.3122,
"ISR","BCI","AMPLITUD","LTRENDIDX","M","1993-03",101.3177,
"ISR","BCI","AMPLITUD","LTRENDIDX","M","1993-04",101.3373,
"ISR","BCI","AMPLITUD","LTRENDIDX","M","1993-05",101.294,
"ISR","BCI","AMPLITUD","LTRENDIDX","M","1993-06",101.1368,
"ISR","BCI","AMPLITUD","LTRENDIDX","M","1993-07",100.9531,
"ISR","BCI","AMPLITUD","LTRENDIDX","M","1993-08",100.8748,
"ISR","BCI","AMPLITUD","LTRENDIDX","M","1993-09",101.0108,
"ISR","BCI","AMPLITUD","LTRENDIDX","M","1993-10",101.2739,
"ISR","BCI","AMPLITUD","LTRENDIDX","M","1993-11",101.5563,
"ISR","BCI","AMPLITUD","LTRENDIDX","M","1993-12",101.7777,
"ISR","BCI","AMPLITUD","LTRENDIDX","M","1994-01",101.9137,
"ISR","BCI","AMPLITUD","LTRENDIDX","M","1994-02",101.9221,
"ISR","BCI","AMPLITUD","LTRENDIDX","M","1994-03",101.7535,
"ISR","BCI","AMPLITUD","LTRENDIDX","M","1994-04",101.4902,
"ISR","BCI","AMPLITUD","LTRENDIDX","M","1994-05",101.2202,
"ISR","BCI","AMPLITUD","LTRENDIDX","M","1994-06",101.0053,
"ISR","BCI","AMPLITUD","LTRENDIDX","M","1994-07",100.8564,
"ISR","BCI","AMPLITUD","LTRENDIDX","M","1994-08",100.798,
"ISR","BCI","AMPLITUD","LTRENDIDX","M","1994-09",100.8659,
"ISR","BCI","AMPLITUD","LTRENDIDX","M","1994-10",101.0149,
"ISR","BCI","AMPLITUD","LTRENDIDX","M","1994-11",101.207,
"ISR","BCI","AMPLITUD","LTRENDIDX","M","1994-12",101.4184,
"ISR","BCI","AMPLITUD","LTRENDIDX","M","1995-01",101.603,
"ISR","BCI","AMPLITUD","LTRENDIDX","M","1995-02",101.6982,
"ISR","BCI","AMPLITUD","LTRENDIDX","M","1995-03",101.6577,
"ISR","BCI","AMPLITUD","LTRENDIDX","M","1995-04",101.573,
"ISR","BCI","AMPLITUD","LTRENDIDX","M","1995-05",101.567,
"ISR","BCI","AMPLITUD","LTRENDIDX","M","1995-06",101.7301,
"ISR","BCI","AMPLITUD","LTRENDIDX","M","1995-07",101.9794,
"ISR","BCI","AMPLITUD","LTRENDIDX","M","1995-08",102.2003,
"ISR","BCI","AMPLITUD","LTRENDIDX","M","1995-09",102.3039,
"ISR","BCI","AMPLITUD","LTRENDIDX","M","1995-10",102.3113,
"ISR","BCI","AMPLITUD","LTRENDIDX","M","1995-11",102.2421,
"ISR","BCI","AMPLITUD","LTRENDIDX","M","1995-12",102.0994,
"ISR","BCI","AMPLITUD","LTRENDIDX","M","1996-01",101.9309,
"ISR","BCI","AMPLITUD","LTRENDIDX","M","1996-02",101.7773,
"ISR","BCI","AMPLITUD","LTRENDIDX","M","1996-03",101.6465,
"ISR","BCI","AMPLITUD","LTRENDIDX","M","1996-04",101.4723,
"ISR","BCI","AMPLITUD","LTRENDIDX","M","1996-05",101.1392,
"ISR","BCI","AMPLITUD","LTRENDIDX","M","1996-06",100.5499,
"ISR","BCI","AMPLITUD","LTRENDIDX","M","1996-07",99.85181,
"ISR","BCI","AMPLITUD","LTRENDIDX","M","1996-08",99.23547,
"ISR","BCI","AMPLITUD","LTRENDIDX","M","1996-09",98.8409,
"ISR","BCI","AMPLITUD","LTRENDIDX","M","1996-10",98.58272,
"ISR","BCI","AMPLITUD","LTRENDIDX","M","1996-11",98.35545,
"ISR","BCI","AMPLITUD","LTRENDIDX","M","1996-12",98.10238,
"ISR","BCI","AMPLITUD","LTRENDIDX","M","1997-01",97.85364,
"ISR","BCI","AMPLITUD","LTRENDIDX","M","1997-02",97.68468,
"ISR","BCI","AMPLITUD","LTRENDIDX","M","1997-03",97.67056,
"ISR","BCI","AMPLITUD","LTRENDIDX","M","1997-04",97.76033,
"ISR","BCI","AMPLITUD","LTRENDIDX","M","1997-05",97.90399,
"ISR","BCI","AMPLITUD","LTRENDIDX","M","1997-06",98.07558,
"ISR","BCI","AMPLITUD","LTRENDIDX","M","1997-07",98.24235,
"ISR","BCI","AMPLITUD","LTRENDIDX","M","1997-08",98.3645,
"ISR","BCI","AMPLITUD","LTRENDIDX","M","1997-09",98.39986,
"ISR","BCI","AMPLITUD","LTRENDIDX","M","1997-10",98.35303,
"ISR","BCI","AMPLITUD","LTRENDIDX","M","1997-11",98.20794,
"ISR","BCI","AMPLITUD","LTRENDIDX","M","1997-12",97.94247,
"ISR","BCI","AMPLITUD","LTRENDIDX","M","1998-01",97.64143,
"ISR","BCI","AMPLITUD","LTRENDIDX","M","1998-02",97.41381,
"ISR","BCI","AMPLITUD","LTRENDIDX","M","1998-03",97.34563,
"ISR","BCI","AMPLITUD","LTRENDIDX","M","1998-04",97.37934,
"ISR","BCI","AMPLITUD","LTRENDIDX","M","1998-05",97.45143,
"ISR","BCI","AMPLITUD","LTRENDIDX","M","1998-06",97.52822,
"ISR","BCI","AMPLITUD","LTRENDIDX","M","1998-07",97.6032,
"ISR","BCI","AMPLITUD","LTRENDIDX","M","1998-08",97.68365,
"ISR","BCI","AMPLITUD","LTRENDIDX","M","1998-09",97.77905,
"ISR","BCI","AMPLITUD","LTRENDIDX","M","1998-10",97.88404,
"ISR","BCI","AMPLITUD","LTRENDIDX","M","1998-11",97.99402,
"ISR","BCI","AMPLITUD","LTRENDIDX","M","1998-12",98.11115,
"ISR","BCI","AMPLITUD","LTRENDIDX","M","1999-01",98.24545,
"ISR","BCI","AMPLITUD","LTRENDIDX","M","1999-02",98.41861,
"ISR","BCI","AMPLITUD","LTRENDIDX","M","1999-03",98.65076,
"ISR","BCI","AMPLITUD","LTRENDIDX","M","1999-04",98.9083,
"ISR","BCI","AMPLITUD","LTRENDIDX","M","1999-05",99.15088,
"ISR","BCI","AMPLITUD","LTRENDIDX","M","1999-06",99.35281,
"ISR","BCI","AMPLITUD","LTRENDIDX","M","1999-07",99.53959,
"ISR","BCI","AMPLITUD","LTRENDIDX","M","1999-08",99.75037,
"ISR","BCI","AMPLITUD","LTRENDIDX","M","1999-09",100.0156,
"ISR","BCI","AMPLITUD","LTRENDIDX","M","1999-10",100.3105,
"ISR","BCI","AMPLITUD","LTRENDIDX","M","1999-11",100.6003,
"ISR","BCI","AMPLITUD","LTRENDIDX","M","1999-12",100.8558,
"ISR","BCI","AMPLITUD","LTRENDIDX","M","2000-01",101.0734,
"ISR","BCI","AMPLITUD","LTRENDIDX","M","2000-02",101.2382,
"ISR","BCI","AMPLITUD","LTRENDIDX","M","2000-03",101.3248,
"ISR","BCI","AMPLITUD","LTRENDIDX","M","2000-04",101.3511,
"ISR","BCI","AMPLITUD","LTRENDIDX","M","2000-05",101.3243,
"ISR","BCI","AMPLITUD","LTRENDIDX","M","2000-06",101.2481,
"ISR","BCI","AMPLITUD","LTRENDIDX","M","2000-07",101.1821,
"ISR","BCI","AMPLITUD","LTRENDIDX","M","2000-08",101.1934,
"ISR","BCI","AMPLITUD","LTRENDIDX","M","2000-09",101.2976,
"ISR","BCI","AMPLITUD","LTRENDIDX","M","2000-10",101.3223,
"ISR","BCI","AMPLITUD","LTRENDIDX","M","2000-11",100.9886,
"ISR","BCI","AMPLITUD","LTRENDIDX","M","2000-12",100.0712,
"ISR","BCI","AMPLITUD","LTRENDIDX","M","2001-01",98.91783,
"ISR","BCI","AMPLITUD","LTRENDIDX","M","2001-02",97.98825,
"ISR","BCI","AMPLITUD","LTRENDIDX","M","2001-03",97.6286,
"ISR","BCI","AMPLITUD","LTRENDIDX","M","2001-04",97.62265,
"ISR","BCI","AMPLITUD","LTRENDIDX","M","2001-05",97.69793,
"ISR","BCI","AMPLITUD","LTRENDIDX","M","2001-06",97.67815,
"ISR","BCI","AMPLITUD","LTRENDIDX","M","2001-07",97.55443,
"ISR","BCI","AMPLITUD","LTRENDIDX","M","2001-08",97.35193,
"ISR","BCI","AMPLITUD","LTRENDIDX","M","2001-09",97.10036,
"ISR","BCI","AMPLITUD","LTRENDIDX","M","2001-10",96.88334,
"ISR","BCI","AMPLITUD","LTRENDIDX","M","2001-11",96.81694,
"ISR","BCI","AMPLITUD","LTRENDIDX","M","2001-12",96.99377,
"ISR","BCI","AMPLITUD","LTRENDIDX","M","2002-01",97.27636,
"ISR","BCI","AMPLITUD","LTRENDIDX","M","2002-02",97.49005,
"ISR","BCI","AMPLITUD","LTRENDIDX","M","2002-03",97.51019,
"ISR","BCI","AMPLITUD","LTRENDIDX","M","2002-04",97.41816,
"ISR","BCI","AMPLITUD","LTRENDIDX","M","2002-05",97.32594,
"ISR","BCI","AMPLITUD","LTRENDIDX","M","2002-06",97.31287,
"ISR","BCI","AMPLITUD","LTRENDIDX","M","2002-07",97.36253,
"ISR","BCI","AMPLITUD","LTRENDIDX","M","2002-08",97.4474,
"ISR","BCI","AMPLITUD","LTRENDIDX","M","2002-09",97.55079,
"ISR","BCI","AMPLITUD","LTRENDIDX","M","2002-10",97.65359,
"ISR","BCI","AMPLITUD","LTRENDIDX","M","2002-11",97.73305,
"ISR","BCI","AMPLITUD","LTRENDIDX","M","2002-12",97.76219,
"ISR","BCI","AMPLITUD","LTRENDIDX","M","2003-01",97.73261,
"ISR","BCI","AMPLITUD","LTRENDIDX","M","2003-02",97.62225,
"ISR","BCI","AMPLITUD","LTRENDIDX","M","2003-03",97.422,
"ISR","BCI","AMPLITUD","LTRENDIDX","M","2003-04",97.24298,
"ISR","BCI","AMPLITUD","LTRENDIDX","M","2003-05",97.25568,
"ISR","BCI","AMPLITUD","LTRENDIDX","M","2003-06",97.60778,
"ISR","BCI","AMPLITUD","LTRENDIDX","M","2003-07",98.15035,
"ISR","BCI","AMPLITUD","LTRENDIDX","M","2003-08",98.70657,
"ISR","BCI","AMPLITUD","LTRENDIDX","M","2003-09",99.15009,
"ISR","BCI","AMPLITUD","LTRENDIDX","M","2003-10",99.46969,
"ISR","BCI","AMPLITUD","LTRENDIDX","M","2003-11",99.65243,
"ISR","BCI","AMPLITUD","LTRENDIDX","M","2003-12",99.6907,
"ISR","BCI","AMPLITUD","LTRENDIDX","M","2004-01",99.72619,
"ISR","BCI","AMPLITUD","LTRENDIDX","M","2004-02",99.94609,
"ISR","BCI","AMPLITUD","LTRENDIDX","M","2004-03",100.4821,
"ISR","BCI","AMPLITUD","LTRENDIDX","M","2004-04",101.1249,
"ISR","BCI","AMPLITUD","LTRENDIDX","M","2004-05",101.5822,
"ISR","BCI","AMPLITUD","LTRENDIDX","M","2004-06",101.6293,
"ISR","BCI","AMPLITUD","LTRENDIDX","M","2004-07",101.4461,
"ISR","BCI","AMPLITUD","LTRENDIDX","M","2004-08",101.2584,
"ISR","BCI","AMPLITUD","LTRENDIDX","M","2004-09",101.2097,
"ISR","BCI","AMPLITUD","LTRENDIDX","M","2004-10",101.2383,
"ISR","BCI","AMPLITUD","LTRENDIDX","M","2004-11",101.2332,
"ISR","BCI","AMPLITUD","LTRENDIDX","M","2004-12",101.1136,
"ISR","BCI","AMPLITUD","LTRENDIDX","M","2005-01",100.9412,
"ISR","BCI","AMPLITUD","LTRENDIDX","M","2005-02",100.8142,
"ISR","BCI","AMPLITUD","LTRENDIDX","M","2005-03",100.8134,
"ISR","BCI","AMPLITUD","LTRENDIDX","M","2005-04",100.9035,
"ISR","BCI","AMPLITUD","LTRENDIDX","M","2005-05",101.0461,
"ISR","BCI","AMPLITUD","LTRENDIDX","M","2005-06",101.2227,
"ISR","BCI","AMPLITUD","LTRENDIDX","M","2005-07",101.404,
"ISR","BCI","AMPLITUD","LTRENDIDX","M","2005-08",101.5598,
"ISR","BCI","AMPLITUD","LTRENDIDX","M","2005-09",101.6631,
"ISR","BCI","AMPLITUD","LTRENDIDX","M","2005-10",101.7209,
"ISR","BCI","AMPLITUD","LTRENDIDX","M","2005-11",101.7354,
"ISR","BCI","AMPLITUD","LTRENDIDX","M","2005-12",101.7118,
"ISR","BCI","AMPLITUD","LTRENDIDX","M","2006-01",101.7089,
"ISR","BCI","AMPLITUD","LTRENDIDX","M","2006-02",101.8111,
"ISR","BCI","AMPLITUD","LTRENDIDX","M","2006-03",102.0799,
"ISR","BCI","AMPLITUD","LTRENDIDX","M","2006-04",102.4002,
"ISR","BCI","AMPLITUD","LTRENDIDX","M","2006-05",102.6054,
"ISR","BCI","AMPLITUD","LTRENDIDX","M","2006-06",102.5519,
"ISR","BCI","AMPLITUD","LTRENDIDX","M","2006-07",102.3077,
"ISR","BCI","AMPLITUD","LTRENDIDX","M","2006-08",101.9415,
"ISR","BCI","AMPLITUD","LTRENDIDX","M","2006-09",101.502,
"ISR","BCI","AMPLITUD","LTRENDIDX","M","2006-10",101.1191,
"ISR","BCI","AMPLITUD","LTRENDIDX","M","2006-11",100.9752,
"ISR","BCI","AMPLITUD","LTRENDIDX","M","2006-12",101.219,
"ISR","BCI","AMPLITUD","LTRENDIDX","M","2007-01",101.6412,
"ISR","BCI","AMPLITUD","LTRENDIDX","M","2007-02",101.9814,
"ISR","BCI","AMPLITUD","LTRENDIDX","M","2007-03",102.0574,
"ISR","BCI","AMPLITUD","LTRENDIDX","M","2007-04",101.976,
"ISR","BCI","AMPLITUD","LTRENDIDX","M","2007-05",101.8895,
"ISR","BCI","AMPLITUD","LTRENDIDX","M","2007-06",101.9095,
"ISR","BCI","AMPLITUD","LTRENDIDX","M","2007-07",102.0265,
"ISR","BCI","AMPLITUD","LTRENDIDX","M","2007-08",102.2222,
"ISR","BCI","AMPLITUD","LTRENDIDX","M","2007-09",102.4847,
"ISR","BCI","AMPLITUD","LTRENDIDX","M","2007-10",102.746,
"ISR","BCI","AMPLITUD","LTRENDIDX","M","2007-11",102.9108,
"ISR","BCI","AMPLITUD","LTRENDIDX","M","2007-12",102.8882,
"ISR","BCI","AMPLITUD","LTRENDIDX","M","2008-01",102.7183,
"ISR","BCI","AMPLITUD","LTRENDIDX","M","2008-02",102.4202,
"ISR","BCI","AMPLITUD","LTRENDIDX","M","2008-03",101.9877,
"ISR","BCI","AMPLITUD","LTRENDIDX","M","2008-04",101.5118,
"ISR","BCI","AMPLITUD","LTRENDIDX","M","2008-05",101.1025,
"ISR","BCI","AMPLITUD","LTRENDIDX","M","2008-06",100.8522,
"ISR","BCI","AMPLITUD","LTRENDIDX","M","2008-07",100.7338,
"ISR","BCI","AMPLITUD","LTRENDIDX","M","2008-08",100.7309,
"ISR","BCI","AMPLITUD","LTRENDIDX","M","2008-09",100.8366,
"ISR","BCI","AMPLITUD","LTRENDIDX","M","2008-10",100.9365,
"ISR","BCI","AMPLITUD","LTRENDIDX","M","2008-11",100.8631,
"ISR","BCI","AMPLITUD","LTRENDIDX","M","2008-12",100.4559,
"ISR","BCI","AMPLITUD","LTRENDIDX","M","2009-01",99.79555,
"ISR","BCI","AMPLITUD","LTRENDIDX","M","2009-02",98.9408,
"ISR","BCI","AMPLITUD","LTRENDIDX","M","2009-03",97.92004,
"ISR","BCI","AMPLITUD","LTRENDIDX","M","2009-04",96.91645,
"ISR","BCI","AMPLITUD","LTRENDIDX","M","2009-05",96.19254,
"ISR","BCI","AMPLITUD","LTRENDIDX","M","2009-06",95.99762,
"ISR","BCI","AMPLITUD","LTRENDIDX","M","2009-07",96.19548,
"ISR","BCI","AMPLITUD","LTRENDIDX","M","2009-08",96.69747,
"ISR","BCI","AMPLITUD","LTRENDIDX","M","2009-09",97.50268,
"ISR","BCI","AMPLITUD","LTRENDIDX","M","2009-10",98.43408,
"ISR","BCI","AMPLITUD","LTRENDIDX","M","2009-11",99.3176,
"ISR","BCI","AMPLITUD","LTRENDIDX","M","2009-12",100.0349,
"ISR","BCI","AMPLITUD","LTRENDIDX","M","2010-01",100.6243,
"ISR","BCI","AMPLITUD","LTRENDIDX","M","2010-02",101.1207,
"ISR","BCI","AMPLITUD","LTRENDIDX","M","2010-03",101.5237,
"ISR","BCI","AMPLITUD","LTRENDIDX","M","2010-04",101.8589,
"ISR","BCI","AMPLITUD","LTRENDIDX","M","2010-05",102.1165,
"ISR","BCI","AMPLITUD","LTRENDIDX","M","2010-06",102.2574,
"ISR","BCI","AMPLITUD","LTRENDIDX","M","2010-07",102.297,
"ISR","BCI","AMPLITUD","LTRENDIDX","M","2010-08",102.2109,
"ISR","BCI","AMPLITUD","LTRENDIDX","M","2010-09",101.941,
"ISR","BCI","AMPLITUD","LTRENDIDX","M","2010-10",101.528,
"ISR","BCI","AMPLITUD","LTRENDIDX","M","2010-11",101.0015,
"ISR","BCI","AMPLITUD","LTRENDIDX","M","2010-12",100.4137,
"ISR","BCI","AMPLITUD","LTRENDIDX","M","2011-01",99.98644,
"ISR","BCI","AMPLITUD","LTRENDIDX","M","2011-02",99.71637,
"ISR","BCI","AMPLITUD","LTRENDIDX","M","2011-03",99.51819,
"ISR","BCI","AMPLITUD","LTRENDIDX","M","2011-04",99.34189,
"ISR","BCI","AMPLITUD","LTRENDIDX","M","2011-05",99.08339,
"ISR","BCI","AMPLITUD","LTRENDIDX","M","2011-06",98.86004,
"ISR","BCI","AMPLITUD","LTRENDIDX","M","2011-07",98.6667,
"ISR","BCI","AMPLITUD","LTRENDIDX","M","2011-08",98.46627,
"ISR","BCI","AMPLITUD","LTRENDIDX","M","2011-09",98.29383,
"ISR","BCI","AMPLITUD","LTRENDIDX","M","2011-10",98.27967,
"ISR","BCI","AMPLITUD","LTRENDIDX","M","2011-11",98.24658,
"ISR","BCI","AMPLITUD","LTRENDIDX","M","2011-12",98.12172,
"ISR","BCI","AMPLITUD","LTRENDIDX","M","2012-01",98.12891,
"ISR","BCI","AMPLITUD","LTRENDIDX","M","2012-02",98.23195,
"ISR","BCI","AMPLITUD","LTRENDIDX","M","2012-03",98.34676,
"ISR","BCI","AMPLITUD","LTRENDIDX","M","2012-04",98.38116,
"ISR","BCI","AMPLITUD","LTRENDIDX","M","2012-05",98.33754,
"ISR","BCI","AMPLITUD","LTRENDIDX","M","2012-06",98.243,
"ISR","BCI","AMPLITUD","LTRENDIDX","M","2012-07",98.02007,
"ISR","BCI","AMPLITUD","LTRENDIDX","M","2012-08",97.78049,
"ISR","BCI","AMPLITUD","LTRENDIDX","M","2012-09",97.62778,
"ISR","BCI","AMPLITUD","LTRENDIDX","M","2012-10",97.58383,
"ISR","BCI","AMPLITUD","LTRENDIDX","M","2012-11",97.69786,
"ISR","BCI","AMPLITUD","LTRENDIDX","M","2012-12",98.09588,
"ISR","BCI","AMPLITUD","LTRENDIDX","M","2013-01",98.74197,
"ISR","BCI","AMPLITUD","LTRENDIDX","M","2013-02",99.16766,
"ISR","BCI","AMPLITUD","LTRENDIDX","M","2013-03",99.2672,
"ISR","BCI","AMPLITUD","LTRENDIDX","M","2013-04",99.1804,
"ISR","BCI","AMPLITUD","LTRENDIDX","M","2013-05",99.07374,
"ISR","BCI","AMPLITUD","LTRENDIDX","M","2013-06",99.079,
"ISR","BCI","AMPLITUD","LTRENDIDX","M","2013-07",99.19057,
"ISR","BCI","AMPLITUD","LTRENDIDX","M","2013-08",99.32932,
"ISR","BCI","AMPLITUD","LTRENDIDX","M","2013-09",99.31117,
"ISR","BCI","AMPLITUD","LTRENDIDX","M","2013-10",99.26791,
"ISR","BCI","AMPLITUD","LTRENDIDX","M","2013-11",99.28951,
"ISR","BCI","AMPLITUD","LTRENDIDX","M","2013-12",99.38194,
"ISR","BCI","AMPLITUD","LTRENDIDX","M","2014-01",99.5283,
"ISR","BCI","AMPLITUD","LTRENDIDX","M","2014-02",99.68015,
"ISR","BCI","AMPLITUD","LTRENDIDX","M","2014-03",99.74214,
"ISR","BCI","AMPLITUD","LTRENDIDX","M","2014-04",99.76783,
"ISR","BCI","AMPLITUD","LTRENDIDX","M","2014-05",99.68922,
"ISR","BCI","AMPLITUD","LTRENDIDX","M","2014-06",99.45218,
"ISR","BCI","AMPLITUD","LTRENDIDX","M","2014-07",99.20609,
"ISR","BCI","AMPLITUD","LTRENDIDX","M","2014-08",99.10134,
"ISR","BCI","AMPLITUD","LTRENDIDX","M","2014-09",99.1842,
"ISR","BCI","AMPLITUD","LTRENDIDX","M","2014-10",99.35506,
"ISR","BCI","AMPLITUD","LTRENDIDX","M","2014-11",99.51485,
"ISR","BCI","AMPLITUD","LTRENDIDX","M","2014-12",99.65994,
"ISR","BCI","AMPLITUD","LTRENDIDX","M","2015-01",99.76874,
"ISR","BCI","AMPLITUD","LTRENDIDX","M","2015-02",99.75665,
"ISR","BCI","AMPLITUD","LTRENDIDX","M","2015-03",99.7004,
"ISR","BCI","AMPLITUD","LTRENDIDX","M","2015-04",99.68626,
"ISR","BCI","AMPLITUD","LTRENDIDX","M","2015-05",99.70068,
"ISR","BCI","AMPLITUD","LTRENDIDX","M","2015-06",99.69821,
"ISR","BCI","AMPLITUD","LTRENDIDX","M","2015-07",99.65705,
"ISR","BCI","AMPLITUD","LTRENDIDX","M","2015-08",99.55336,
"ISR","BCI","AMPLITUD","LTRENDIDX","M","2015-09",99.45701,
"ISR","BCI","AMPLITUD","LTRENDIDX","M","2015-10",99.47691,
"ISR","BCI","AMPLITUD","LTRENDIDX","M","2015-11",99.65175,
"ISR","BCI","AMPLITUD","LTRENDIDX","M","2015-12",100.0329,
"ISR","BCI","AMPLITUD","LTRENDIDX","M","2016-01",100.5497,
"ISR","BCI","AMPLITUD","LTRENDIDX","M","2016-02",100.9292,
"ISR","BCI","AMPLITUD","LTRENDIDX","M","2016-03",101.0316,
"ISR","BCI","AMPLITUD","LTRENDIDX","M","2016-04",101.0252,
"ISR","BCI","AMPLITUD","LTRENDIDX","M","2016-05",100.9841,
"ISR","BCI","AMPLITUD","LTRENDIDX","M","2016-06",101.0129,
"ISR","BCI","AMPLITUD","LTRENDIDX","M","2016-07",101.0148,
"ISR","BCI","AMPLITUD","LTRENDIDX","M","2016-08",101.0356,
"ISR","BCI","AMPLITUD","LTRENDIDX","M","2016-09",101.0301,
"ISR","BCI","AMPLITUD","LTRENDIDX","M","2016-10",100.9787,
"ISR","BCI","AMPLITUD","LTRENDIDX","M","2016-11",101.0224,
"ISR","BCI","AMPLITUD","LTRENDIDX","M","2016-12",101.2515,
"ISR","BCI","AMPLITUD","LTRENDIDX","M","2017-01",101.4777,
"ISR","BCI","AMPLITUD","LTRENDIDX","M","2017-02",101.6447,
"ISR","BCI","AMPLITUD","LTRENDIDX","M","2017-03",101.7564,
"ISR","BCI","AMPLITUD","LTRENDIDX","M","2017-04",101.801,
"ISR","BCI","AMPLITUD","LTRENDIDX","M","2017-05",101.7545,
"ISR","BCI","AMPLITUD","LTRENDIDX","M","2017-06",101.7385,
"LVA","BCI","AMPLITUD","LTRENDIDX","M","1993-04",85.92115,
"LVA","BCI","AMPLITUD","LTRENDIDX","M","1993-05",86.28716,
"LVA","BCI","AMPLITUD","LTRENDIDX","M","1993-06",86.48138,
"LVA","BCI","AMPLITUD","LTRENDIDX","M","1993-07",86.5798,
"LVA","BCI","AMPLITUD","LTRENDIDX","M","1993-08",87.06553,
"LVA","BCI","AMPLITUD","LTRENDIDX","M","1993-09",88.29823,
"LVA","BCI","AMPLITUD","LTRENDIDX","M","1993-10",90.30338,
"LVA","BCI","AMPLITUD","LTRENDIDX","M","1993-11",91.85383,
"LVA","BCI","AMPLITUD","LTRENDIDX","M","1993-12",93.09953,
"LVA","BCI","AMPLITUD","LTRENDIDX","M","1994-01",94.25281,
"LVA","BCI","AMPLITUD","LTRENDIDX","M","1994-02",94.57829,
"LVA","BCI","AMPLITUD","LTRENDIDX","M","1994-03",93.94992,
"LVA","BCI","AMPLITUD","LTRENDIDX","M","1994-04",92.72185,
"LVA","BCI","AMPLITUD","LTRENDIDX","M","1994-05",92.51392,
"LVA","BCI","AMPLITUD","LTRENDIDX","M","1994-06",93.4333,
"LVA","BCI","AMPLITUD","LTRENDIDX","M","1994-07",95.06796,
"LVA","BCI","AMPLITUD","LTRENDIDX","M","1994-08",95.92086,
"LVA","BCI","AMPLITUD","LTRENDIDX","M","1994-09",95.66383,
"LVA","BCI","AMPLITUD","LTRENDIDX","M","1994-10",94.55968,
"LVA","BCI","AMPLITUD","LTRENDIDX","M","1994-11",93.99419,
"LVA","BCI","AMPLITUD","LTRENDIDX","M","1994-12",94.12364,
"LVA","BCI","AMPLITUD","LTRENDIDX","M","1995-01",94.71534,
"LVA","BCI","AMPLITUD","LTRENDIDX","M","1995-02",95.21452,
"LVA","BCI","AMPLITUD","LTRENDIDX","M","1995-03",95.52739,
"LVA","BCI","AMPLITUD","LTRENDIDX","M","1995-04",95.71841,
"LVA","BCI","AMPLITUD","LTRENDIDX","M","1995-05",95.93305,
"LVA","BCI","AMPLITUD","LTRENDIDX","M","1995-06",95.97109,
"LVA","BCI","AMPLITUD","LTRENDIDX","M","1995-07",95.81832,
"LVA","BCI","AMPLITUD","LTRENDIDX","M","1995-08",95.9227,
"LVA","BCI","AMPLITUD","LTRENDIDX","M","1995-09",96.3259,
"LVA","BCI","AMPLITUD","LTRENDIDX","M","1995-10",96.83385,
"LVA","BCI","AMPLITUD","LTRENDIDX","M","1995-11",96.96706,
"LVA","BCI","AMPLITUD","LTRENDIDX","M","1995-12",96.51322,
"LVA","BCI","AMPLITUD","LTRENDIDX","M","1996-01",95.59036,
"LVA","BCI","AMPLITUD","LTRENDIDX","M","1996-02",95.29711,
"LVA","BCI","AMPLITUD","LTRENDIDX","M","1996-03",95.80743,
"LVA","BCI","AMPLITUD","LTRENDIDX","M","1996-04",96.86028,
"LVA","BCI","AMPLITUD","LTRENDIDX","M","1996-05",97.48499,
"LVA","BCI","AMPLITUD","LTRENDIDX","M","1996-06",97.34442,
"LVA","BCI","AMPLITUD","LTRENDIDX","M","1996-07",96.50301,
"LVA","BCI","AMPLITUD","LTRENDIDX","M","1996-08",95.92091,
"LVA","BCI","AMPLITUD","LTRENDIDX","M","1996-09",95.54583,
"LVA","BCI","AMPLITUD","LTRENDIDX","M","1996-10",95.17011,
"LVA","BCI","AMPLITUD","LTRENDIDX","M","1996-11",95.00217,
"LVA","BCI","AMPLITUD","LTRENDIDX","M","1996-12",94.94244,
"LVA","BCI","AMPLITUD","LTRENDIDX","M","1997-01",94.94765,
"LVA","BCI","AMPLITUD","LTRENDIDX","M","1997-02",95.24774,
"LVA","BCI","AMPLITUD","LTRENDIDX","M","1997-03",96.10493,
"LVA","BCI","AMPLITUD","LTRENDIDX","M","1997-04",97.55293,
"LVA","BCI","AMPLITUD","LTRENDIDX","M","1997-05",98.65756,
"LVA","BCI","AMPLITUD","LTRENDIDX","M","1997-06",99.48607,
"LVA","BCI","AMPLITUD","LTRENDIDX","M","1997-07",100.1596,
"LVA","BCI","AMPLITUD","LTRENDIDX","M","1997-08",100.4567,
"LVA","BCI","AMPLITUD","LTRENDIDX","M","1997-09",100.279,
"LVA","BCI","AMPLITUD","LTRENDIDX","M","1997-10",99.66841,
"LVA","BCI","AMPLITUD","LTRENDIDX","M","1997-11",99.29875,
"LVA","BCI","AMPLITUD","LTRENDIDX","M","1997-12",99.12267,
"LVA","BCI","AMPLITUD","LTRENDIDX","M","1998-01",98.93753,
"LVA","BCI","AMPLITUD","LTRENDIDX","M","1998-02",98.758,
"LVA","BCI","AMPLITUD","LTRENDIDX","M","1998-03",98.4512,
"LVA","BCI","AMPLITUD","LTRENDIDX","M","1998-04",98.03413,
"LVA","BCI","AMPLITUD","LTRENDIDX","M","1998-05",98.01971,
"LVA","BCI","AMPLITUD","LTRENDIDX","M","1998-06",98.45911,
"LVA","BCI","AMPLITUD","LTRENDIDX","M","1998-07",99.03468,
"LVA","BCI","AMPLITUD","LTRENDIDX","M","1998-08",98.85632,
"LVA","BCI","AMPLITUD","LTRENDIDX","M","1998-09",97.3784,
"LVA","BCI","AMPLITUD","LTRENDIDX","M","1998-10",94.69603,
"LVA","BCI","AMPLITUD","LTRENDIDX","M","1998-11",93.1801,
"LVA","BCI","AMPLITUD","LTRENDIDX","M","1998-12",93.20722,
"LVA","BCI","AMPLITUD","LTRENDIDX","M","1999-01",94.40071,
"LVA","BCI","AMPLITUD","LTRENDIDX","M","1999-02",95.32851,
"LVA","BCI","AMPLITUD","LTRENDIDX","M","1999-03",95.84485,
"LVA","BCI","AMPLITUD","LTRENDIDX","M","1999-04",96.12308,
"LVA","BCI","AMPLITUD","LTRENDIDX","M","1999-05",96.10017,
"LVA","BCI","AMPLITUD","LTRENDIDX","M","1999-06",95.78757,
"LVA","BCI","AMPLITUD","LTRENDIDX","M","1999-07",95.33345,
"LVA","BCI","AMPLITUD","LTRENDIDX","M","1999-08",95.37458,
"LVA","BCI","AMPLITUD","LTRENDIDX","M","1999-09",96.15495,
"LVA","BCI","AMPLITUD","LTRENDIDX","M","1999-10",97.56316,
"LVA","BCI","AMPLITUD","LTRENDIDX","M","1999-11",98.3914,
"LVA","BCI","AMPLITUD","LTRENDIDX","M","1999-12",98.50161,
"LVA","BCI","AMPLITUD","LTRENDIDX","M","2000-01",98.15432,
"LVA","BCI","AMPLITUD","LTRENDIDX","M","2000-02",98.01631,
"LVA","BCI","AMPLITUD","LTRENDIDX","M","2000-03",98.251,
"LVA","BCI","AMPLITUD","LTRENDIDX","M","2000-04",98.77421,
"LVA","BCI","AMPLITUD","LTRENDIDX","M","2000-05",99.13738,
"LVA","BCI","AMPLITUD","LTRENDIDX","M","2000-06",99.30055,
"LVA","BCI","AMPLITUD","LTRENDIDX","M","2000-07",99.38702,
"LVA","BCI","AMPLITUD","LTRENDIDX","M","2000-08",99.6773,
"LVA","BCI","AMPLITUD","LTRENDIDX","M","2000-09",100.4048,
"LVA","BCI","AMPLITUD","LTRENDIDX","M","2000-10",101.5834,
"LVA","BCI","AMPLITUD","LTRENDIDX","M","2000-11",102.3584,
"LVA","BCI","AMPLITUD","LTRENDIDX","M","2000-12",102.6957,
"LVA","BCI","AMPLITUD","LTRENDIDX","M","2001-01",102.7632,
"LVA","BCI","AMPLITUD","LTRENDIDX","M","2001-02",102.6727,
"LVA","BCI","AMPLITUD","LTRENDIDX","M","2001-03",102.3727,
"LVA","BCI","AMPLITUD","LTRENDIDX","M","2001-04",101.8966,
"LVA","BCI","AMPLITUD","LTRENDIDX","M","2001-05",101.7011,
"LVA","BCI","AMPLITUD","LTRENDIDX","M","2001-06",102.3182,
"LVA","BCI","AMPLITUD","LTRENDIDX","M","2001-07",103.2542,
"LVA","BCI","AMPLITUD","LTRENDIDX","M","2001-08",103.6688,
"LVA","BCI","AMPLITUD","LTRENDIDX","M","2001-09",103.403,
"LVA","BCI","AMPLITUD","LTRENDIDX","M","2001-10",102.879,
"LVA","BCI","AMPLITUD","LTRENDIDX","M","2001-11",102.5407,
"LVA","BCI","AMPLITUD","LTRENDIDX","M","2001-12",102.7497,
"LVA","BCI","AMPLITUD","LTRENDIDX","M","2002-01",103.8485,
"LVA","BCI","AMPLITUD","LTRENDIDX","M","2002-02",104.5372,
"LVA","BCI","AMPLITUD","LTRENDIDX","M","2002-03",104.4674,
"LVA","BCI","AMPLITUD","LTRENDIDX","M","2002-04",103.553,
"LVA","BCI","AMPLITUD","LTRENDIDX","M","2002-05",102.9437,
"LVA","BCI","AMPLITUD","LTRENDIDX","M","2002-06",102.7578,
"LVA","BCI","AMPLITUD","LTRENDIDX","M","2002-07",102.8485,
"LVA","BCI","AMPLITUD","LTRENDIDX","M","2002-08",102.9899,
"LVA","BCI","AMPLITUD","LTRENDIDX","M","2002-09",103.2181,
"LVA","BCI","AMPLITUD","LTRENDIDX","M","2002-10",103.4939,
"LVA","BCI","AMPLITUD","LTRENDIDX","M","2002-11",103.631,
"LVA","BCI","AMPLITUD","LTRENDIDX","M","2002-12",103.7673,
"LVA","BCI","AMPLITUD","LTRENDIDX","M","2003-01",103.9525,
"LVA","BCI","AMPLITUD","LTRENDIDX","M","2003-02",104.4436,
"LVA","BCI","AMPLITUD","LTRENDIDX","M","2003-03",104.9312,
"LVA","BCI","AMPLITUD","LTRENDIDX","M","2003-04",104.8724,
"LVA","BCI","AMPLITUD","LTRENDIDX","M","2003-05",104.6144,
"LVA","BCI","AMPLITUD","LTRENDIDX","M","2003-06",104.3922,
"LVA","BCI","AMPLITUD","LTRENDIDX","M","2003-07",104.5871,
"LVA","BCI","AMPLITUD","LTRENDIDX","M","2003-08",104.8091,
"LVA","BCI","AMPLITUD","LTRENDIDX","M","2003-09",104.9598,
"LVA","BCI","AMPLITUD","LTRENDIDX","M","2003-10",104.9706,
"LVA","BCI","AMPLITUD","LTRENDIDX","M","2003-11",104.8876,
"LVA","BCI","AMPLITUD","LTRENDIDX","M","2003-12",104.7433,
"LVA","BCI","AMPLITUD","LTRENDIDX","M","2004-01",104.6002,
"LVA","BCI","AMPLITUD","LTRENDIDX","M","2004-02",104.7343,
"LVA","BCI","AMPLITUD","LTRENDIDX","M","2004-03",104.9929,
"LVA","BCI","AMPLITUD","LTRENDIDX","M","2004-04",105.2097,
"LVA","BCI","AMPLITUD","LTRENDIDX","M","2004-05",105.3005,
"LVA","BCI","AMPLITUD","LTRENDIDX","M","2004-06",105.1247,
"LVA","BCI","AMPLITUD","LTRENDIDX","M","2004-07",104.9442,
"LVA","BCI","AMPLITUD","LTRENDIDX","M","2004-08",104.853,
"LVA","BCI","AMPLITUD","LTRENDIDX","M","2004-09",104.7219,
"LVA","BCI","AMPLITUD","LTRENDIDX","M","2004-10",104.4864,
"LVA","BCI","AMPLITUD","LTRENDIDX","M","2004-11",104.2385,
"LVA","BCI","AMPLITUD","LTRENDIDX","M","2004-12",104.1083,
"LVA","BCI","AMPLITUD","LTRENDIDX","M","2005-01",104.0016,
"LVA","BCI","AMPLITUD","LTRENDIDX","M","2005-02",104.2015,
"LVA","BCI","AMPLITUD","LTRENDIDX","M","2005-03",104.4539,
"LVA","BCI","AMPLITUD","LTRENDIDX","M","2005-04",104.7882,
"LVA","BCI","AMPLITUD","LTRENDIDX","M","2005-05",105.1087,
"LVA","BCI","AMPLITUD","LTRENDIDX","M","2005-06",105.2526,
"LVA","BCI","AMPLITUD","LTRENDIDX","M","2005-07",105.4943,
"LVA","BCI","AMPLITUD","LTRENDIDX","M","2005-08",105.8515,
"LVA","BCI","AMPLITUD","LTRENDIDX","M","2005-09",106.1192,
"LVA","BCI","AMPLITUD","LTRENDIDX","M","2005-10",106.2184,
"LVA","BCI","AMPLITUD","LTRENDIDX","M","2005-11",106.2829,
"LVA","BCI","AMPLITUD","LTRENDIDX","M","2005-12",106.0488,
"LVA","BCI","AMPLITUD","LTRENDIDX","M","2006-01",105.5367,
"LVA","BCI","AMPLITUD","LTRENDIDX","M","2006-02",105.2463,
"LVA","BCI","AMPLITUD","LTRENDIDX","M","2006-03",105.2155,
"LVA","BCI","AMPLITUD","LTRENDIDX","M","2006-04",105.1923,
"LVA","BCI","AMPLITUD","LTRENDIDX","M","2006-05",105.2165,
"LVA","BCI","AMPLITUD","LTRENDIDX","M","2006-06",105.3275,
"LVA","BCI","AMPLITUD","LTRENDIDX","M","2006-07",105.6591,
"LVA","BCI","AMPLITUD","LTRENDIDX","M","2006-08",106.0133,
"LVA","BCI","AMPLITUD","LTRENDIDX","M","2006-09",106.3149,
"LVA","BCI","AMPLITUD","LTRENDIDX","M","2006-10",106.4143,
"LVA","BCI","AMPLITUD","LTRENDIDX","M","2006-11",106.3747,
"LVA","BCI","AMPLITUD","LTRENDIDX","M","2006-12",106.5304,
"LVA","BCI","AMPLITUD","LTRENDIDX","M","2007-01",106.8582,
"LVA","BCI","AMPLITUD","LTRENDIDX","M","2007-02",107.0183,
"LVA","BCI","AMPLITUD","LTRENDIDX","M","2007-03",106.6551,
"LVA","BCI","AMPLITUD","LTRENDIDX","M","2007-04",106.0615,
"LVA","BCI","AMPLITUD","LTRENDIDX","M","2007-05",105.5999,
"LVA","BCI","AMPLITUD","LTRENDIDX","M","2007-06",105.2743,
"LVA","BCI","AMPLITUD","LTRENDIDX","M","2007-07",104.9564,
"LVA","BCI","AMPLITUD","LTRENDIDX","M","2007-08",104.6323,
"LVA","BCI","AMPLITUD","LTRENDIDX","M","2007-09",104.0922,
"LVA","BCI","AMPLITUD","LTRENDIDX","M","2007-10",103.5293,
"LVA","BCI","AMPLITUD","LTRENDIDX","M","2007-11",103.1768,
"LVA","BCI","AMPLITUD","LTRENDIDX","M","2007-12",102.9277,
"LVA","BCI","AMPLITUD","LTRENDIDX","M","2008-01",102.5697,
"LVA","BCI","AMPLITUD","LTRENDIDX","M","2008-02",101.9163,
"LVA","BCI","AMPLITUD","LTRENDIDX","M","2008-03",100.8902,
"LVA","BCI","AMPLITUD","LTRENDIDX","M","2008-04",99.74413,
"LVA","BCI","AMPLITUD","LTRENDIDX","M","2008-05",98.67345,
"LVA","BCI","AMPLITUD","LTRENDIDX","M","2008-06",98.09762,
"LVA","BCI","AMPLITUD","LTRENDIDX","M","2008-07",97.64926,
"LVA","BCI","AMPLITUD","LTRENDIDX","M","2008-08",97.06422,
"LVA","BCI","AMPLITUD","LTRENDIDX","M","2008-09",95.9229,
"LVA","BCI","AMPLITUD","LTRENDIDX","M","2008-10",94.43167,
"LVA","BCI","AMPLITUD","LTRENDIDX","M","2008-11",92.99304,
"LVA","BCI","AMPLITUD","LTRENDIDX","M","2008-12",91.65439,
"LVA","BCI","AMPLITUD","LTRENDIDX","M","2009-01",90.40746,
"LVA","BCI","AMPLITUD","LTRENDIDX","M","2009-02",89.62367,
"LVA","BCI","AMPLITUD","LTRENDIDX","M","2009-03",89.92618,
"LVA","BCI","AMPLITUD","LTRENDIDX","M","2009-04",91.08834,
"LVA","BCI","AMPLITUD","LTRENDIDX","M","2009-05",92.00615,
"LVA","BCI","AMPLITUD","LTRENDIDX","M","2009-06",92.4427,
"LVA","BCI","AMPLITUD","LTRENDIDX","M","2009-07",92.50317,
"LVA","BCI","AMPLITUD","LTRENDIDX","M","2009-08",92.4733,
"LVA","BCI","AMPLITUD","LTRENDIDX","M","2009-09",92.83734,
"LVA","BCI","AMPLITUD","LTRENDIDX","M","2009-10",93.52248,
"LVA","BCI","AMPLITUD","LTRENDIDX","M","2009-11",94.28103,
"LVA","BCI","AMPLITUD","LTRENDIDX","M","2009-12",95.18365,
"LVA","BCI","AMPLITUD","LTRENDIDX","M","2010-01",96.21436,
"LVA","BCI","AMPLITUD","LTRENDIDX","M","2010-02",97.46773,
"LVA","BCI","AMPLITUD","LTRENDIDX","M","2010-03",98.74657,
"LVA","BCI","AMPLITUD","LTRENDIDX","M","2010-04",99.84052,
"LVA","BCI","AMPLITUD","LTRENDIDX","M","2010-05",100.6219,
"LVA","BCI","AMPLITUD","LTRENDIDX","M","2010-06",100.9731,
"LVA","BCI","AMPLITUD","LTRENDIDX","M","2010-07",101.0658,
"LVA","BCI","AMPLITUD","LTRENDIDX","M","2010-08",101.0486,
"LVA","BCI","AMPLITUD","LTRENDIDX","M","2010-09",101.0336,
"LVA","BCI","AMPLITUD","LTRENDIDX","M","2010-10",101.1131,
"LVA","BCI","AMPLITUD","LTRENDIDX","M","2010-11",101.1389,
"LVA","BCI","AMPLITUD","LTRENDIDX","M","2010-12",101.1537,
"LVA","BCI","AMPLITUD","LTRENDIDX","M","2011-01",101.2473,
"LVA","BCI","AMPLITUD","LTRENDIDX","M","2011-02",101.5814,
"LVA","BCI","AMPLITUD","LTRENDIDX","M","2011-03",101.7846,
"LVA","BCI","AMPLITUD","LTRENDIDX","M","2011-04",101.7582,
"LVA","BCI","AMPLITUD","LTRENDIDX","M","2011-05",101.5514,
"LVA","BCI","AMPLITUD","LTRENDIDX","M","2011-06",101.3086,
"LVA","BCI","AMPLITUD","LTRENDIDX","M","2011-07",101.1627,
"LVA","BCI","AMPLITUD","LTRENDIDX","M","2011-08",100.9275,
"LVA","BCI","AMPLITUD","LTRENDIDX","M","2011-09",100.9507,
"LVA","BCI","AMPLITUD","LTRENDIDX","M","2011-10",101.0136,
"LVA","BCI","AMPLITUD","LTRENDIDX","M","2011-11",101.0938,
"LVA","BCI","AMPLITUD","LTRENDIDX","M","2011-12",101.2625,
"LVA","BCI","AMPLITUD","LTRENDIDX","M","2012-01",101.6047,
"LVA","BCI","AMPLITUD","LTRENDIDX","M","2012-02",101.7361,
"LVA","BCI","AMPLITUD","LTRENDIDX","M","2012-03",101.6,
"LVA","BCI","AMPLITUD","LTRENDIDX","M","2012-04",101.2183,
"LVA","BCI","AMPLITUD","LTRENDIDX","M","2012-05",101.0236,
"LVA","BCI","AMPLITUD","LTRENDIDX","M","2012-06",100.9058,
"LVA","BCI","AMPLITUD","LTRENDIDX","M","2012-07",100.7601,
"LVA","BCI","AMPLITUD","LTRENDIDX","M","2012-08",100.9583,
"LVA","BCI","AMPLITUD","LTRENDIDX","M","2012-09",101.2769,
"LVA","BCI","AMPLITUD","LTRENDIDX","M","2012-10",101.4844,
"LVA","BCI","AMPLITUD","LTRENDIDX","M","2012-11",101.6513,
"LVA","BCI","AMPLITUD","LTRENDIDX","M","2012-12",101.8642,
"LVA","BCI","AMPLITUD","LTRENDIDX","M","2013-01",102.0585,
"LVA","BCI","AMPLITUD","LTRENDIDX","M","2013-02",102.0019,
"LVA","BCI","AMPLITUD","LTRENDIDX","M","2013-03",101.6112,
"LVA","BCI","AMPLITUD","LTRENDIDX","M","2013-04",101.2832,
"LVA","BCI","AMPLITUD","LTRENDIDX","M","2013-05",101.3039,
"LVA","BCI","AMPLITUD","LTRENDIDX","M","2013-06",101.3909,
"LVA","BCI","AMPLITUD","LTRENDIDX","M","2013-07",101.4579,
"LVA","BCI","AMPLITUD","LTRENDIDX","M","2013-08",101.4496,
"LVA","BCI","AMPLITUD","LTRENDIDX","M","2013-09",101.4711,
"LVA","BCI","AMPLITUD","LTRENDIDX","M","2013-10",101.5993,
"LVA","BCI","AMPLITUD","LTRENDIDX","M","2013-11",101.901,
"LVA","BCI","AMPLITUD","LTRENDIDX","M","2013-12",102.1478,
"LVA","BCI","AMPLITUD","LTRENDIDX","M","2014-01",102.2995,
"LVA","BCI","AMPLITUD","LTRENDIDX","M","2014-02",102.1792,
"LVA","BCI","AMPLITUD","LTRENDIDX","M","2014-03",101.7533,
"LVA","BCI","AMPLITUD","LTRENDIDX","M","2014-04",101.4875,
"LVA","BCI","AMPLITUD","LTRENDIDX","M","2014-05",101.2806,
"LVA","BCI","AMPLITUD","LTRENDIDX","M","2014-06",101.3189,
"LVA","BCI","AMPLITUD","LTRENDIDX","M","2014-07",101.3799,
"LVA","BCI","AMPLITUD","LTRENDIDX","M","2014-08",101.3048,
"LVA","BCI","AMPLITUD","LTRENDIDX","M","2014-09",101.2124,
"LVA","BCI","AMPLITUD","LTRENDIDX","M","2014-10",101.1024,
"LVA","BCI","AMPLITUD","LTRENDIDX","M","2014-11",100.9482,
"LVA","BCI","AMPLITUD","LTRENDIDX","M","2014-12",100.6109,
"LVA","BCI","AMPLITUD","LTRENDIDX","M","2015-01",100.3852,
"LVA","BCI","AMPLITUD","LTRENDIDX","M","2015-02",100.1987,
"LVA","BCI","AMPLITUD","LTRENDIDX","M","2015-03",100.269,
"LVA","BCI","AMPLITUD","LTRENDIDX","M","2015-04",100.4658,
"LVA","BCI","AMPLITUD","LTRENDIDX","M","2015-05",100.4759,
"LVA","BCI","AMPLITUD","LTRENDIDX","M","2015-06",100.4314,
"LVA","BCI","AMPLITUD","LTRENDIDX","M","2015-07",100.5854,
"LVA","BCI","AMPLITUD","LTRENDIDX","M","2015-08",100.7675,
"LVA","BCI","AMPLITUD","LTRENDIDX","M","2015-09",100.7006,
"LVA","BCI","AMPLITUD","LTRENDIDX","M","2015-10",100.6442,
"LVA","BCI","AMPLITUD","LTRENDIDX","M","2015-11",100.5183,
"LVA","BCI","AMPLITUD","LTRENDIDX","M","2015-12",100.5098,
"LVA","BCI","AMPLITUD","LTRENDIDX","M","2016-01",100.5305,
"LVA","BCI","AMPLITUD","LTRENDIDX","M","2016-02",100.5795,
"LVA","BCI","AMPLITUD","LTRENDIDX","M","2016-03",100.8397,
"LVA","BCI","AMPLITUD","LTRENDIDX","M","2016-04",101.1189,
"LVA","BCI","AMPLITUD","LTRENDIDX","M","2016-05",101.296,
"LVA","BCI","AMPLITUD","LTRENDIDX","M","2016-06",101.3958,
"LVA","BCI","AMPLITUD","LTRENDIDX","M","2016-07",101.2937,
"LVA","BCI","AMPLITUD","LTRENDIDX","M","2016-08",101.2448,
"LVA","BCI","AMPLITUD","LTRENDIDX","M","2016-09",101.4746,
"LVA","BCI","AMPLITUD","LTRENDIDX","M","2016-10",101.7576,
"LVA","BCI","AMPLITUD","LTRENDIDX","M","2016-11",102.1292,
"LVA","BCI","AMPLITUD","LTRENDIDX","M","2016-12",102.407,
"LVA","BCI","AMPLITUD","LTRENDIDX","M","2017-01",102.5258,
"LVA","BCI","AMPLITUD","LTRENDIDX","M","2017-02",102.653,
"LVA","BCI","AMPLITUD","LTRENDIDX","M","2017-03",102.7944,
"LVA","BCI","AMPLITUD","LTRENDIDX","M","2017-04",102.9031,
"LVA","BCI","AMPLITUD","LTRENDIDX","M","2017-05",103.0125,
"LVA","BCI","AMPLITUD","LTRENDIDX","M","2017-06",103.0104,
"LVA","BCI","AMPLITUD","LTRENDIDX","M","2017-07",102.8435,
